0.057073427075212776
2.926594996531419
0.13068249595554174
0.0015402343923169848
0.007889840816904066
8.674000141916273e-11
0.029056240870248006
0.01215376519528192
0.02780877542926244
2.2438633077818197
0.1431645397141791
0.00867357948555551
6.387252211031269e-06
2.2954884880270202e-11
0.09801648006219082
0.023855987944326265
5.662431743041878e-09
0.22723296769519152
0.008360834229195722
0.20165268727990537
0.051173916456633356
2.451230937524681
0.1504677675261143
2.773170074768733e-10
0.5469956736555294
0.010826299875663355
0.0008502591836738773
0.005082192560295226
0.029018854563034567
0.1302524528346546
0.08272223791337284
0.06744370401044744
0.0165400527856539
0.07575700998213615
5.647717076161942e-10
0.12442392754669464
0.08282612724809925
0.07699707070364604
0.20772147498376298
0.06945608867121844
0.08863064815890925
0.6069390821630288
0.09957145091164227
0.1666692949668447
0.10452394406308657
0.34983307392417407
0.1964204110317071
0.02825270404853161
0.33505189802651086
0.03059307034464124
1.2092484915075192e-07
2.478449668023255
0.033981354114401056
0.013120846386910304
0.0739532274478076
0.6017360708591759
0.005813073501249754
0.004223871085574275
0.004359329099638101
0.08062765179228823
0.11823099406270349
0.016620088941888444
0.000531797564290718
0.1452563221976109
0.07557656220251616
0.09247945127143078
0.32816869496835366
0.05524547202195827
0.08874626591473664
10.113088262887954
0.005032676307637894
0.0019240355795592601
0.004358705627103485
0.034166834578942124
0.01127920230953726
0.10139539296123107
1.8355869953311377
0.0021419954019561913
0.09434656673289873
0.07935941965399763
0.3363256579712092
0.21690593572648245
0.1085971640864356
0.28575576587895635
0.0059783560547553615
0.13503678631243488
7.648153518232512e-10
0.027188339690019672
3.470613780431833e-08
2.7444748464773836
7.277483442192388e-10
0.03478107770613672
0.048441162359465384
0.004809926050529487
0.10828548098907206
0.040848416059195716
2.080090542062419e-08
0.0701302653864826
0.004261994837847781
3.2043545865486766e-09
0.03386620368344915
7.137548944321674e-05
2.2862534409595616
0.0005102617784105253
0.6855261477806016
0.17747282604089093
0.05349852018673745
8.558478217462344
0.13158396751282242
0.17686863663761115
2.9493422791339556
0.03023051813647306
0.038807769686196904
0.030324686804676076
0.0037858442815745883
1.1329561456446122e-09
0.012861983703252594
0.17909554124310725
0.04866801291466195
0.05662761201963549
0.14004867284640327
0.2953982498586223
0.10268708105282423
0.058474771623289803
4.2238713261129955e-10
0.0016412614123226437
0.035703239289870334
0.4251848243984749
0.04321857855316398
0.02870267225309498
1.623893464632767
0.09150911623448889
0.19260652822221014
0.000391447616613773
7.186341424636638
0.005267554408840696
0.0015231073873044987
0.10062431525249646
3.254599799240575e-11
0.22612360096894518
0.09898492773345235
0.0012640760235605342
5.0064563522993586e-11
2.000962305898991e-09
0.11426124301371848
0.005500716660176104
0.06428642881712657
6.312287909662454e-10
0.03249168831080147
0.06702424820719417
0.26999119629632135
0.08504444359935032
2.9756753270443873e-13
0.03509407945459665
0.11250127020878825
0.13989802283849473
0.0009389784178143183
0.02077484747747153
5.215116974363813e-12
0.27626378266654955
0.05029616670944065
1.1661742699742152e-09
0.06710532320990559
0.0002393992773702809
0.10452110450422565
0.03789713050425645
0.06593217858674505
0.5784529691144814
0.021126667430577867
0.01819976878216683
8.822050275826982
6.022861578477991e-05
0.2083655456465144
0.07125710251848251
0.03689901285059904
0.08571412319144926
0.10207854997860809
0.0853645475777349
0.02344272613744116
0.0587138077405159
0.07096447582350399
5.1273137516803844e-11
0.037907919391811075
0.0009962432511733126
0.042576767309061035
3.2660005486482113
2.8233418389736802e-12
0.3856073244020133
0.4476508616873129
2.5164428321223498
1.0115845245590844
0.07609869667642684
0.008539094797631822
0.0012606807784301954
4.914751362476966e-12
1.3826279648143518
1.1385811848687005e-08
0.0369114536283886
0.015212338771753948
0.02073738420684368
1.0297013620591319e-09
0.0008772525497214479
0.07095179773266203
0.025503794545346483
0.006001679011165175
0.002894359979606391
0.014516288959966019
0.31083680984995543
0.03790138398791835
0.017302105900028193
0.0781819188638618
0.07887324034636717
3.0708099847165494e-11
0.00874560690844502
3.439062328075113e-05
6.091211628284085e-05
8.479188741838785
2.620171554274702e-06
0.08525348305665947
3.1778080468791534e-09
0.12389294373136431
0.007496288501621519
5.676202643300154e-13
0.10072617279811602
0.09904496296868248
1.932171216376488e-10
0.08939244509384231
0.04169696648749581
0.03756832120319101
0.12651224434995506
0.04632041994798439
0.11980106119613948
0.038513989366930755
0.06514306944032475
0.024749130631971424
2.0169475634350103e-10
0.14140329002060684
0.0010694430204927887
0.1337565973624854
0.07626708356077884
0.1083092220644866
0.3532033431041663
0.029509981618264777
4.2830958203692295e-11
0.0679910690296959
0.31020128382078443
0.08763824264414354
0.0001879772227554023
0.001709781278557112
0.0020458949277507607
0.012184150690911243
0.06175044744452762
0.28388012086148784
0.0025345031260852985
10.671184028353952
0.047211662386326604
0.07301092863925204
0.1281547807579202
0.1287215669362441
0.05428195300833522
0.04740912178960432
0.1715046827808146
4.453632937064952e-07
0.005533264507565588
0.11822449559833134
0.1810085016360743
0.3474333292822858
8.441075984209401e-13
0.3142158376939875
0.0007383337610496753
0.10518858989415261
0.004445315225483854
1.081323409203964
0.003203343976092901
0.2111694709410911
0.04634311880012186
0.009901123784134611
0.013562490223803403
1.0179016137749382
0.24700450218794323
0.1952416816092193
3.5441927322585285e-09
0.07664722918649369
0.04392637918619302
4.255364278902058e-07
0.0017655739316057427
1.7171717473078703e-05
0.12618502238182527
0.007013307773733912
0.0018608032040405345
0.15882922343248973
1.0979358965097755e-09
0.052434578984570365
0.062843758039073
0.04424684497707787
0.0555110164140952
0.002589484063280972
0.0012074771150435062
4.8299867539287725e-12
0.030133764721638874
0.00048504893751650884
0.004264038749381492
0.008282165191220565
1.2012394104931267e-10
0.05645836569888868
0.22458765345402695
0.43502619762591066
2.05678191957152e-09
0.06662448301541923
0.004227751786286697
0.0026391929075020573
0.0005593779092256929
0.09348421189811383
0.0019718598090004546
0.1065698196315608
0.00012873650020478887
0.1715635344287295
0.056747697736110755
0.002722119752811886
6.661115890589556e-08
0.061088503483960194
0.03370061164242589
0.08570573204119442
3.940904652130931e-05
0.003774702817489433
2.6852145865903425e-10
0.03055299656407641
0.1334779759614042
0.15210469727476694
0.10478860616377221
0.02963670957492632
0.025974140047098346
0.07340628873921105
0.01964106459881481
0.12215543733821116
1.1000728620479412
4.742983949820401e-05
0.016631605890139966
0.0019100568497776847
0.021025611124529272
0.07918508807930674
0.14929235756556167
0.047447794219305894
4.6249467057828255e-05
7.150276776338755e-11
0.00672768547103531
0.05304963611633401
0.10607809223699607
0.18321671279432397
0.2731661150586169
0.049034696227474084
0.10715651586100315
0.1797947727383125
0.1469018918169246
1.8464063964812474e-11
1.7470906870708618e-09
0.03812894145929732
0.3271855547153547
0.04285106036821103
3.391597358430046e-09
0.004340223764736566
0.0027247088298584556
0.08199294445948296
0.03370061163889004
0.025566182724630213
0.0001625584259697081
0.13320116730734965
0.11374954008399571
0.15630897440805602
0.0031528207334158287
0.006311360669634079
1.6391671669151942e-12
0.11271366517005657
1.692552198977813e-12
0.3601443097288511
0.006077313645227475
0.0019598375033025137
0.04740912179169238
0.4583414885889848
0.18051940463943067
6.531330526490363e-07
0.016703648434338778
0.011389987914202034
0.31193928839696916
0.07721022604574099
1.5434708523912418e-11
0.7331648997605438
2.926299036848853
0.05014346784334727
0.00018652136452515145
0.019710504335508458
0.003694756679267881
0.06555442709269743
0.006591211025702444
0.0795567334518758
0.04991928164392602
9.103522609883973e-10
0.09903415956462296
9.351464459314728
0.014185140801781295
0.009474228622555526
0.023633760165279075
0.03283636682678996
0.0012620002986932102
0.20642856914493563
0.018413692940586483
3.1928517972729398
0.014961608768536618
0.17233187548939466
0.00841598284268997
0.48426457486384633
0.10239413429090566
7.602258972929334e-10
0.1818723109612062
0.020451429670136176
0.07799622691966036
0.06357681744762139
5.459590413618402e-10
0.7331648997570563
0.7110138519980331
0.00017101167957709107
0.03280170393475411
0.04868254823565654
0.07669842987923922
0.023341503120675625
0.1559259493806281
0.007409400028776189
0.4501493180585628
4.785697819285218e-10
0.1807512637590164
7.1396196200719264e-09
0.5903522360671339
0.06693720999981986
0.05839374807859643
0.025511799189916317
0.03128046818692362
0.09279415636652935
0.8742050535156982
0.597308058897442
0.06188966069719227
0.0008065835304421148
1.318692652541626e-07
0.049378752911686336
0.2813000434648866
0.023155610542293745
1.2405640412390494e-08
0.00691377405516191
2.023192335932226e-09
0.12486677386479667
0.03494936866901514
0.05706372673347272
0.05097416625713272
1.926489850007408
0.00799338802957601
0.522962267735933
0.016259866548864476
0.03834030604161136
0.059768709951227544
4.907356703979088e-09
4.266594441616442e-10
2.6141751901590218
0.002140926237495592
0.04553435217727539
0.0019317948776685274
0.030838447012532397
0.0617109410170054
4.909007611317894e-11
0.08211919974458981
0.04372963257866188
2.2730089868389043
0.007837618093976028
0.06483964860059498
0.11524813631355914
0.017892235298714157
0.055103264996419904
0.027921806468965832
2.8928325911361646e-12
4.9596969519247944e-11
0.00020827648404068267
0.4774643751317386
4.94370597981365
2.7481084641232057e-10
0.11453511701003866
1.0319739724968931e-10
0.015619515371028502
5.156200432483846e-12
0.026211844776796202
1.1614580429996328
0.00029309845976832307
14.265725158163447
0.028501137486713204
0.06675791143553668
0.004541023669328365
0.09927201209018695
0.10455277893645992
0.15842109818707473
0.010344218707672256
2.936023586855677
2.216023038111635e-08
0.047181639855227456
0.11894630327511564
4.3959115502507214e-05
0.02503140208762796
0.15164943714299345
0.11058417462696479
0.5228639002281312
0.007192918770403888
2.4184823848072855e-10
2.488771155348443
0.32951906192118124
0.0006629935313850568
0.0073270498216666865
0.05397874403678249
7.328274341061669e-11
0.08128420314353006
0.0026788454576120394
0.07988190888227206
0.07352284666099972
1.3461866066447775e-10
0.015978708353119018
0.012166388979253455
0.10892883428747359
0.2276597950118177
0.7331648997574802
0.0046425880159577885
0.10504289295992442
0.07091317404684969
0.019372755318728896
0.08305561650586775
0.09808698874759117
2.3708434434553162e-11
4.3897259449375574e-11
0.20357845341418948
0.1553182164038303
0.007946814069376402
0.02688964518828796
0.07238166247424177
0.015903020231202963
0.0007791519779643292
5.6489335115818187e-05
0.206299794319685
0.10443395797517058
0.012199471966523701
4.481719383317784
0.10034753012189085
0.0012062451216455152
0.09251555301698819
0.0630099713537446
0.001373555129278844
0.13470346807749162
0.002860066679372487
0.22167274773514006
0.030490437347377303
0.07985929483538776
2.6903649708356615e-09
0.0215916100979812
0.011149653908229919
0.00020590820359188416
0.0025680924671833433
0.001579832561275923
0.00836551773888342
0.0013986483255773883
0.009960300385497549
0.01178067183267505
0.03721442090008882
0.06337127062597533
1.686939412240554e-08
0.03489359132448554
0.033216673092994586
0.0004800254844341959
8.645294391831522e-05
0.009392174184054
0.08111125797764901
6.697014008776446e-10
1.6931422266381394e-06
0.038606123746247965
0.09061290516613554
0.03526991481027749
1.1054902652057434e-11
0.10408007985963981
0.021070732132864055
0.23930316563370252
6.483501766654684e-09
0.003937769730390855
10.340819502549868
0.0004104193286647473
0.049401635265870054
0.6256161760367367
0.12443477127652319
0.2046499931716939
0.25218139890385793
0.031146596458212758
2.715523228670385e-09
0.3472301296522409
4.671134049959014e-09
0.040579125468372945
0.07260987861624432
2.22921596318629e-11
0.0009028685920742822
0.007813287572594613
1.5745682041786721e-09
0.3115163604686485
0.3345124412065291
4.610978018582434e-08
0.10580902098344203
0.06976838433284183
6.888177065752318e-09
0.11504670342220523
0.019264763563196938
0.21308149389427547
0.0597218849544364
0.5233999940456185
0.0013204441075056808
0.6302707046055869
0.05441429802440167
0.019460320906582305
0.022266778704088892
0.026263435707253115
0.39044789947400316
0.06232485120504062
0.01511603557036102
0.386116139998087
0.020239099069878454
0.015218505704565123
0.26304069122077944
8.903066548289207e-06
0.06876022911247873
2.1630413142356735e-10
9.007258412459149e-09
0.2182668723779041
8.025615684591862e-12
5.498217666101233e-09
2.6674879562670775
0.22916347851255273
0.08055200591294272
0.03558185820201811
0.006968829189647419
0.048411250717054016
0.12322671182850387
0.08130900299316249
0.06103799141276651
0.04700555196486718
0.04268994980569798
1.7371060541194744e-06
0.008067398077669288
0.1988682230762788
0.014900239636648667
1.6373328238162142e-11
0.07716718451623658
0.012700354316588771
0.027325938578129913
0.022371864018608724
0.08288830079535264
0.0013086523931656352
0.030506477490934523
3.806850024408039e-09
4.2665719736135665e-10
9.192033787826347e-11
0.0001276367571118385
0.01673726491081923
0.013041254383641808
0.03000334822184851
10.052795424445533
0.08912930971179732
0.07815089101504852
0.4756889431855972
0.015456947456672252
0.05132407129812946
0.1170365292099345
0.00236055520845841
0.22625348442470494
0.012726294493390628
1.7488133396892622
0.08426929742405487
0.0990432350828633
0.018135840111881806
0.008747960401244752
0.09355296311831944
0.0019393225225563353
0.002187678403088944
0.006091753323837951
0.0685962220582009
0.025215692686390748
0.48298544333294247
0.024046163161589147
0.06754107337545574
0.00010848722936121383
0.0012288785282465727
0.05524221929047815
0.4747699192997578
0.005607517968030044
0.12842324564701388
0.28091078108798684
0.08576277230710568
0.0015244092402259064
1.4344638460931036e-08
0.23319422059898845
2.0666645430416837e-09
0.003029240552711954
0.06005183471030676
0.012994346550261868
2.734821712487359e-10
0.15340601867441933
0.0076685343072500885
0.15618662043964907
0.04149817970047715
0.10678432878837688
0.0014248715633959832
0.01066030791739762
6.704298505802942e-13
0.11467347137520702
0.7331648997838671
0.3108143758205746
0.16208140233568696
0.02490052986198138
0.10010299453804167
0.194372604772133
0.0327926646872734
1.4377973126732635e-11
0.24962465239646464
0.25738522461483576
0.6019886957491069
1.5175810267670476e-09
0.03842913249831534
0.06308735683660688
0.02880495388047121
0.05695285099589495
0.16775502062766479
0.012140541198488279
0.06307491091632987
4.2029415393778995e-11
0.024051416014932825
2.1835606291349365
0.041485644621478274
0.0056077935266286546
1.5606886576169273e-11
0.02763393831172639
0.1149609057504409
0.007582487887784123
3.8246234245643795e-08
0.012236255185709892
0.12877141361431216
0.004406698280491636
0.035711414146226916
0.0803208914573851
0.07607370032749505
1.0630004625431116e-10
0.0528833795864027
1.1048142456817477e-06
0.08827125235084547
0.14585514874060496
0.13219967764781335
1.303544585822109e-08
0.03127602555834338
6.71751805166608e-10
0.03886976388229286
0.04834272039173863
0.05617685387764912
0.011739984356577658
0.017853055929263784
0.06190420340637349
2.010743283201386
0.0012717672634490924
0.33397816351163256
0.08252334296049332
0.061436465900739944
2.5917004390009246e-13
0.01930702188738616
0.06315974462403082
0.008470033205614022
0.9088684231152959
0.02722395573758489
0.10223436014163562
0.06426567973122424
1.5647935304842532e-10
0.02134092887103505
0.0305201777353383
0.17151946609547083
0.10254716310565684
1.4244497521888791e-11
0.560884302673285
0.08384912405309689
0.01827744504879925
0.048366207124985655
1.004830144529192e-11
0.06322929611215186
0.009271505677415835
0.0933699307388497
0.00014689698215903285
9.776657811544816
0.09215123765859906
0.003413183316532706
0.004447389570629765
0.004445633654099905
0.14482942501887403
0.13260096675439753
0.1028935171539592
0.012460609678365497
0.2081809653643714
0.024694580777833056
0.10045893991844985
0.014097271648235595
0.010578569458644148
0.022572367394694856
0.035294719529199645
0.5339393686786741
2.3705378111265508e-08
0.006485038367866033
1.3331973843748849e-10
0.0325678746399311
0.0009620475401645033
1.602368928962693e-12
4.307645162447468e-07
0.01674757320832814
0.0011414525311697658
0.014242243459128672
0.042053980778826286
0.007979498006146139
0.01209542393111917
0.0024556262470774174
0.023133860983405752
0.18916292180571312
0.08118432423474645
0.026421165189526433
0.11424239833495307
0.11827095002725145
0.006065654825821798
8.894143747810535e-11
0.005985026138260237
1.0878668272266562e-09
0.08557266656901057
1.1941098104536388e-07
0.44234817967292217
0.29773911075538206
0.4211963159440204
0.06787061947958792
0.0054297505681381785
1.5951388484670155e-10
0.002349563886977219
0.15811517981417836
0.028199697405093115
0.11901130960713471
0.03146827000704812
0.010056831199062291
0.03474627970581666
0.0762541479212479
2.2500489799359478e-09
0.1338782487418292
0.13963425307215813
0.07039950219863095
1.2870161918321742e-09
0.17041031638389315
10.060395846636764
0.07604451647303571
0.0998785112479662
0.042767394462518524
0.054451887497283906
0.017403138639196056
0.15754963564700258
0.12589506352575355
0.23107617060241495
0.04424039374038905
0.12351245157187563
0.13826622632113966
2.218423915133604e-11
0.041129892570919147
0.09355080614007989
0.0029438734834287294
0.14877628893743405
0.0003122944492365777
4.076850112239486e-09
1.1392399306906604
0.009901633022382445
9.95267739704114e-10
1.958072399085687e-08
0.1910159147425525
1.362435989795485e-05
0.03090886858692518
0.07586040765785902
0.1297999134514484
0.036202840152222644
12.376390580730405
1.6047082812062865e-08
4.094232867930922e-09
0.006149119021037371
0.11194977436772652
2.4500083697431548e-08
0.14818286049221407
0.006913042418343949
0.00024498638835092996
0.04569134659099711
0.11684654933628004
3.992036167435427e-12
1.0344140335606795e-09
0.00018529958812305483
0.006939431853114615
0.021587517813477834
0.0011254426814294176
5.695650108483266e-09
0.058524549326014426
0.08668402306263827
0.003587048741511259
0.09985765547515565
0.04088525911494188
0.09660551128212232
0.010638835185856005
0.07101719302396083
2.8502414942592973e-05
1.485597252525703e-11
5.597433728422325e-10
2.685163167742452
0.031366958441687715
1.9862476470458936e-10
0.006521744525443389
0.14279718942998454
7.76931861353652e-09
0.015741276251541106
0.04104650659174511
0.018493820230534665
0.02823854923105426
0.05030994417519566
0.06859638669427293
0.0274863104067701
0.25363229074578275
0.10817867070806331
0.0006959922523689801
8.376528049354213e-11
0.14600053918255168
0.027902999409702773
0.03838404007625652
0.009369347426862719
0.06963407981116157
1.8393665263306463e-09
0.07050285416480885
0.07481422162056126
0.12957846696858938
0.09874774364469557
0.33180284488908657
0.05745880107025213
0.004396286515643084
3.8618439018324415e-05
0.03610080505652737
0.05084176844720671
0.0026143060829463263
1.4825066021356397e-08
0.0716810971086228
0.08587839307333217
2.4227370202659615
0.03677457950249684
0.05333434355191577
0.1668799942678942
1.8419443172457703e-05
0.288045042460933
0.04016188321250376
9.041461968375938
1.4782957793926172
0.020533426766814748
0.02540366075570549
3.181167447575804e-08
0.05117625170711967
0.016989490349754374
0.0660743342549821
0.01129797411436688
0.09532098448613617
0.1029039848334354
0.014035182218277664
0.017701457009916273
0.042247541544237946
0.011429038471227929
0.03931263582190287
0.26012401433466015
0.016716636062947234
0.0171643408947155
0.10112737302966253
0.11879115071733543
2.875038700930927e-10
0.061153901126887275
0.06585745951233242
0.011194229222416523
0.010888665757335249
8.158286757758196e-08
0.00019149477720889295
0.08171069087672546
0.07533887484352948
5.99488810666813e-10
0.11624559492139361
0.017832863005100782
0.054888798782803214
0.5424494384989609
0.05753541822606392
8.032144584276219e-10
0.25816558109953086
0.007674653430616529
0.01780290425602679
0.009768320691910304
0.022113300285780065
0.005246033643980568
0.014648513169799305
0.020345513577819205
0.10640724440660954
