0.005334099446185765
0.0007566969427328606
0.017190856937230888
0.9292148167868257
0.028725980240493134
0.07465091170693625
0.2229026823689998
0.2414971184357503
3.580817464160971e-07
2.1420764942791217e-10
2.871617288328061e-12
0.0025492655966528836
0.00046637944472991295
0.002490537019200801
0.007613017418905764
0.010845573671207316
0.09061221614602215
0.1300942470721728
0.008396376939969735
0.8438415244441402
0.058218536501525295
0.027420203854330857
0.02854815762893958
0.025617895443082024
3.9081284689417187e-10
0.12913754621973764
0.18431166231217536
0.10218566120385383
3.049263243495127e-10
0.10722549535722738
0.05702348083542355
0.07826130466759655
6.923226454855676
0.00019979819033803385
0.22432977465814738
0.009503852972620522
0.00860395226820804
0.012235490698627382
5.566565548335581e-13
1.8810816705628302e-10
7.632106917786481e-11
1.0014941808360862e-10
0.10741881761414439
0.3562734398295992
0.005140232224442287
0.001721507717812158
0.1504803956457862
0.22090984096375804
0.06678428151340525
0.03623700287792949
0.13208693551913933
0.004088458217877629
5.985256761941085e-08
0.03713585521347015
0.10408397331165595
0.18360187866037148
0.07221796267749098
0.0618766289352051
3.5436213866580795e-10
0.012341411860549087
0.40997624822934947
0.020756352036647184
0.09596253418909298
0.005000635271444174
0.10465058022814186
0.09187913506880513
0.011379775703112714
2.1021740807783127
0.11368365259758507
0.19866769123538214
0.12367639538628818
0.07626775141180887
0.000877242066226424
0.3711188678464544
0.0001663708911402796
0.0001689878730947233
8.600463614739119e-11
0.14665679814234192
0.03441627256526888
0.15612795003947727
0.17741621595714527
0.0023105056533505703
0.7331648997789331
2.351492327257572
0.008147081173084186
0.014143292619417608
0.028518078781666997
1.0253091005091871e-10
3.67632512948447e-12
0.0004086991689465159
0.10436234995042758
0.0050363972447422575
0.008953318807024893
1.4295618357553615e-09
0.009182575695400121
0.045158178247030806
1.4161541992904538e-08
0.4101870252210017
1.8164170861016688e-08
0.039389627138858054
0.06852349723449652
0.12378345792027041
0.044102769723945064
0.0012120050158651715
0.10856392122891194
1.5899788560466755e-12
0.1067731165043187
0.10053679094311184
0.09603249487623235
0.27602756022036573
0.01116019837306859
0.05863846056555024
0.1417136600218009
6.301368208726192e-11
0.002376677834792679
0.017221196994604705
1.2929086729654127e-10
0.11059511049061778
0.02297431441286499
5.577455544250277e-05
1.0153803104611099
0.032212523619653016
0.07861152400448157
0.04931819779667467
0.22126135182532053
7.657561930794241e-09
0.005201189562176854
0.12774117897737838
5.555966768395346e-11
2.5155890907039626e-13
0.0052252793649921895
0.04957304400350812
0.08291893397263628
0.47247715064198026
4.5502727210501376e-11
0.02578220276268748
0.2090976442834928
0.1719729931251709
0.029392794737059573
0.014610886912538873
0.005285767645892551
0.26297848928397205
0.00876354538770329
0.24433238028428436
7.612108500995594e-11
0.04427766473270557
0.0720633310945677
2.8944276681642237e-09
6.977337010213556e-09
0.4852806657453079
0.04804625021891354
0.029855271549674513
0.0221795047619976
0.002450992262220077
8.09101266493534
0.0001717227391079987
0.19131571727719454
0.035936382654655735
0.002108712807366165
0.11040454401394052
1.1680079231400835e-08
0.05842802301505756
0.022349908341196018
12.546262887278298
0.011680440668179644
0.07792620737977311
2.2064048224965096
0.10270390896179982
0.0691894308634682
0.14963074176349744
0.09238667643054715
7.811070529728614
0.05257132886255453
0.008898937762856864
1.1560647027156853e-09
10.315390400572145
0.1636247463855623
9.862621181129606e-11
0.02556271479392165
0.13128861375552814
0.5958601349316995
0.006817730388715832
1.727072328053315e-05
1.0395646586414247e-09
0.04450457642758695
1.6374590164771543e-08
0.01036902687271132
0.1678088606712957
0.08693018923720147
0.028025127781146304
8.575406145159107e-10
2.984096564595797e-11
0.0288742690809504
3.272085814417937e-09
1.6817554189152224e-09
0.0428358886453619
3.033101424439642e-09
0.049257883663607754
0.20241807412803478
0.00011064043029015088
0.08285771692307882
0.15842284183299174
2.2192234275983228e-09
0.027900063323272464
0.7660627923740306
0.017346326920400168
0.013958594662241414
0.018232620260125267
0.018730441107015387
2.7838340437063684
0.04862859795855986
0.10437035742880334
0.49414602112135786
0.5830900214156095
0.10007663232221366
4.628086604541185e-11
2.4325225213886625
1.1926841140888733e-09
0.01208237287479684
3.8466881781999462
0.020743793025005685
0.7331648997599226
6.008720106083856e-10
5.907953105748282e-07
0.0035368285703386328
0.05837494293156348
0.0001370896818599567
2.403618837806231e-09
0.003318304363544286
0.04670096336136208
0.3029854935635539
0.05824154704217972
0.1320170435987417
0.10429256853880994
0.19190599026113253
0.22531593414182569
0.06086511743434976
0.2226099873338671
1.61794395140642e-09
0.002378777635689981
10.163707002436363
0.08817529733440232
0.061151278274152204
0.06511412740213478
0.031562638984670946
2.9880980960002726e-09
0.24305440934102557
0.005139792917150282
0.6566657550856587
1.2073430514069962e-11
0.5367636554765373
0.009737670212784637
0.14108011379937807
0.08612128299931775
2.2376255699884825e-08
0.0015815035962017914
0.0007447233653785749
0.11078318874639403
0.08929348318631103
2.7681829564980056e-10
1.1999592930805805
0.0022374250244122144
0.1246719244924043
0.3004820226404844
1.8092887299842562
0.1027096600037056
0.17846230531027132
0.28205180468299457
0.1545183448667681
0.05189960950895017
0.13604814881623037
0.09527098651943566
0.07725010701842454
0.10539057294428847
0.13691308695262175
0.005421690401963332
0.06929273727804361
0.024291709151049067
0.09040917946963709
0.04928142026579162
0.02328601173204934
0.05484643129099388
0.06337613333952732
0.15061584195008426
0.02103615703637122
0.07481342883395005
3.786423620630634e-12
0.19450466478213396
0.0004576817050949726
5.825934405368169e-11
4.226747085048995e-10
0.7331648997573466
0.16663963757750988
0.19347578504258606
0.0505375054850411
0.04819912356713896
0.02660259650139677
0.9530883387510107
1.901668041143218e-09
3.2357636888051405e-08
0.44806371991014693
0.04992461612523337
0.0368567182817796
0.03202880210695662
0.006912776043725564
0.0008633665614782203
0.013923198144623098
0.01902888436798405
0.058181484394220793
0.10124004784847165
0.0829396288454872
0.016790977775489786
0.00889270355229301
1.9333317740898606
0.027067903719552616
0.005013429953469545
0.07549541618423351
0.20636146166281233
0.0002617759968914878
0.029399123324786634
0.24619568574121276
0.08007511502175206
2.694979125376836e-07
7.577506444106458e-11
4.162094143436484e-09
0.005978211570429124
0.03857032324109964
0.06105669061611983
0.002654005893531259
0.03263594897039526
0.0004399231668901815
0.0001466587750349811
0.001254660549204759
9.596813132200675e-13
0.01673464599315496
0.06888297519316884
0.0864686555104037
2.206290290064106
0.2615027831831939
0.013483507764062444
8.585246375914307e-08
2.3087196568577966e-11
0.1585957918067666
1.703534135532501e-11
6.203916050954891e-11
0.28303698223576074
0.09059898522375079
0.1695923943852095
0.046644712912123604
0.00916903285675668
1.1148723489658954
0.07859828137934619
1.156472056457261e-10
7.641181783956633e-11
0.04863628589604052
1.7286684951659817e-09
3.595653730639488e-10
0.18917216363645817
0.007728551647168771
0.22422508790876367
0.06629972188961185
0.49389095861734045
0.09722402624388879
0.016376785745221372
0.24720308191300155
0.11322192334619163
6.648182767681809e-09
0.4280425707978335
0.034854502536311414
0.04922901561123906
0.09061221611325934
0.17764018459541475
0.025757903006928942
0.2615734543862536
0.08441415178718088
4.448530446096942
0.07399144878907832
0.07430058662036598
9.062977566466763e-13
6.809033431871936e-10
1.8527009587755604e-12
0.16228482337124642
0.003935556874859385
0.12856197834288774
0.07252604908576063
2.485972613812901
0.1865259432690758
0.0006741247963690006
0.026927987219260142
0.12905542298559416
0.049146645155346266
0.1302808118783868
2.9267877055022777e-07
2.358013397601102e-10
0.0519304655784645
0.08411036444356823
0.10826590590972572
3.525351761958397e-12
2.160893132702871e-07
3.630534393291999
0.35688080615146145
2.6576868536312195e-09
0.0606082674023119
0.11094562311512726
0.012732989259291942
0.18682481346299715
0.028860689086286223
0.0006239679057418737
0.1318246976369064
1.7498240761192043
0.11401387193438685
0.377074309750783
10.286365721630363
0.06949124283126731
0.08608201801881293
0.003076674932545157
0.040682755550836315
0.0026143061854457844
0.1830866428285907
0.00016262058517859304
0.19281054493331765
1.6343120144061863e-10
2.634812427456168e-08
0.3442764496625809
3.078370508016691e-11
2.52787943554709
0.11905464557895429
3.6453343773634118e-09
0.056543717482780656
0.03485350428239853
1.3611196903406477e-10
4.5727211557061025e-12
0.058855847282261946
0.02744351281644493
0.06962169234397249
0.10769555617558063
0.10590793977257032
2.297033103406692
0.09052051458164605
0.23931529461556061
0.07533887484303654
0.6030462643466238
0.05484978207071155
0.0018399418762361922
0.08468413056187878
0.012137300462293997
1.623380921687002e-10
0.00798945378158649
0.03429759139684336
1.2467596482143305e-08
0.03960769472485011
1.0611242191658746e-06
0.2797347835579802
0.10503985496326587
0.030855198799747324
0.0001452968536443698
0.07179059867909912
0.20033752268725252
4.3755888817969704e-10
0.08892383238447146
2.7084755759132073
0.005955114390512725
0.019984047018897978
2.28298134226719e-11
0.0574705318670597
2.1638084632384944e-08
0.000181470968473875
1.3755640104725035e-07
6.381395177987746e-12
0.39649000668547363
6.744210141017345e-09
0.44648503898304537
0.007382668017984751
8.648729352168841e-11
0.0004982491327214025
0.09199329044254559
0.007404265540883824
0.10709940600469542
0.00010873700093432305
0.06787332550320659
0.032509154737557694
0.048896513413672654
0.004418877702804223
0.7331648997571671
0.06269852431145392
0.0916938783571546
1.987319716366042e-08
0.08450851613127572
0.005436020936138491
0.02238523074459061
0.2022084228141262
0.026436820176781763
0.06158079473433694
0.04143295211132557
4.1003528654784814e-11
2.429862536704054
2.1619240567417843e-08
0.10039564755832082
0.004474901428013265
1.0617962032927341e-08
0.11013842046146013
0.012283490654920182
0.027253468237567788
0.019576235358019667
0.019976636682724605
4.064616403574392e-09
0.5560932519965401
0.10154654491047399
0.05751976673815303
0.16752699748879496
0.09265675468855096
2.0813881038544885e-08
0.017223757619615025
2.3736027333509435
3.4115050216701867e-10
5.869871892653344e-05
0.20179822882465784
0.015135831608556014
2.033438614134513
0.00016302026337849967
0.02068161528402253
0.007110372188849679
7.519809797629167e-09
0.03341987805479873
0.11024452612305527
0.19044314781303862
0.0007406957581298989
0.11993097466271994
0.0013957521839136177
0.06608341271228982
0.037209767805739966
9.492633010890308e-12
9.746044300148492
0.006297996779159137
4.359662226249922e-10
0.24466163252919132
1.0130306804600815e-09
1.3499246158646574e-10
0.6753438346152238
0.0747474693117923
1.2327418945475286e-09
0.008512640617018528
0.12538270916458108
0.015666652215710595
0.1263213204042535
0.22812183891710314
0.044718119371369255
0.025844394371695924
0.006914420599719029
0.19182142312915249
0.0008838632750896074
3.345297661096543e-05
0.062201919912064176
0.035859448053040574
0.4076256383261204
0.12282423840171675
0.014093278819590101
0.03456146340080919
0.08365422290504837
0.00954826588322576
0.04667382595346825
0.010813992958950015
2.6486390828093824e-11
0.15656599943212676
0.08241767631188221
5.316569628096556e-05
3.9532376331800087e-10
0.029906459598141012
0.15747911091630645
0.00893827152672188
0.00012605059296735266
0.006179784306803356
0.08142356959902258
0.030722997902203796
0.06025106476967637
0.05488275726734562
0.0033538657974794095
0.01603432758460027
0.006329753366258255
0.15304301055503336
0.5868058472719208
2.883788624652697e-08
0.008405690258314679
0.03851533259952419
0.2414051608992984
0.019832515520814158
0.023080162675064013
2.673846338594338e-06
0.3818005806632417
0.005866050306268256
0.023074065615697085
0.10564108344775239
0.73316489975879
0.6323861632060047
0.6107174686341306
0.1621843313680007
0.09876514054716805
0.09065371230067719
0.09169516454346692
0.017158792345105
2.0624230911509046e-10
0.15426354990634378
0.08772358234708988
0.009151088827903199
0.22297061634577617
0.02749627846352897
3.706139166652979e-11
0.18388955127122358
8.662365930560078e-10
0.004472724260393759
0.2143358051881289
0.17415332021229782
0.001248884810508422
0.0007070074339125455
0.1100320569753235
0.04202557357625118
3.744756191987876e-12
0.0864876539477556
0.04230678555483952
0.07566287608991407
0.10721093960684039
0.18771659315754738
0.27666304466150315
0.09046227119272837
6.932441390824778e-13
0.0157998850398541
0.1362808454775154
2.996203264080873e-11
0.0026752080587263685
0.05005553031937148
0.010790275131885334
1.0938584630710507e-09
0.23416047200059922
0.1657121457481277
0.0012441182439980182
0.004428960655417183
0.07890450531059288
0.5546637834345038
0.014970431044922012
1.3777566269446411e-11
0.2817303193064997
0.08979319340445888
3.4485227093195057e-10
0.026545829865180615
0.005287189966782289
0.3282776736724541
0.07466240332124668
0.10908408221933656
0.09608322005920777
12.255397162200541
0.19582519081472125
0.041912371350929734
0.0027191045509523336
0.07197388343992799
0.0009402887833166325
0.027358238792438313
8.44056216212788e-05
5.35788768148462e-05
0.1968780362071431
0.01672420168411192
0.1416826548410116
0.2173605539233506
0.024602057270121665
2.1231074450108676e-08
1.6259569210310456
0.00019252048263220347
1.1472747793262305e-09
1.2804996562473526e-06
0.3426643067236783
0.19721024303510953
0.12785198500250747
0.0010512932880625133
0.1276999049814413
0.0125985373206407
0.19026578729526447
6.577567716000993e-11
0.004500397718229533
0.3817691517136994
0.3328212088926121
0.11731599228215875
0.5643149751461847
0.04667490282944257
1.2242986497771654e-09
0.08445697362517952
0.010755581472408966
1.4210401360999528e-07
0.012485153795559428
0.043981296260176383
5.65175543867682e-10
0.05154556907456473
0.06573261837749185
0.025987885436228146
0.0010797328632217071
0.053606480847351784
0.056281607476978135
0.022864161375064376
8.800040409210572e-06
0.011693370232560198
5.3725343883577075e-09
2.3588486053135793
2.877698099473392e-12
4.016225359113782e-05
5.898862160799583e-13
0.0625983205168427
0.0008502140377118738
0.003322042559603795
4.354511748851034e-11
0.13508617817239818
0.11259649589568993
0.04223917173555103
8.354422006989003e-05
0.09657581679574176
5.1075829978551e-10
0.06177720302841529
0.015241005807365987
0.1160706988964186
3.929090161652396e-07
0.15069801547256967
0.003254878793506112
0.19441163435116174
0.06968263644300444
0.02250660772816898
1.5927332631123562e-09
0.0018746467180942394
0.058392522102036395
0.040859753164285195
0.030489504102129028
0.013210202986300906
0.06524819870840609
0.001860518551528466
0.031247820394127768
0.09440352868618052
0.027491974769776335
0.03915087722115222
0.1563511685135062
0.11500793016933691
0.023229990600367338
0.2663632739703342
0.01782383920487593
0.021995013567229466
0.03169858138138891
0.007094919465799047
0.03556498840957465
0.031819868615316604
0.19517844305735058
0.03675322425566298
0.006826571664587602
0.02847508206777696
0.01756228709524732
0.3692422986225913
4.203683551063782e-12
0.013187894806355129
0.3122594293654406
5.052978883134691e-09
0.22886131594600034
0.013625266370467407
0.030364615877677026
0.10634000968450477
0.12945375352754623
0.14116291200546377
0.03196870242143576
6.953488950906213e-08
3.548432411482408e-09
0.15505677410578403
0.0540884573070645
8.695718191670905e-10
0.018261087944821196
0.07992692697321913
0.20254129719783964
0.05443170770381104
1.097623754498523e-08
0.013283663723485252
2.718653243033088e-07
3.7303377121461843
0.021372400858627655
1.1028892573647986
0.110335810041016
0.7331648997589576
6.724173658653623e-05
5.508355794620657e-12
0.022897462253498837
0.38326223709716783
0.0775971310905536
0.03150772733487424
0.048864527288729614
0.0009287265290996269
0.0007715067438450326
2.2075332087929813e-11
1.3389190510113581e-08
0.7727386543326713
0.0815135982497865
0.06497713277871296
5.3555308586678215e-05
0.19250459129060354
2.302236356981522
0.04787599908163321
0.06831301467548767
0.00039499481890385675
0.0004355873510331863
0.0005185763030253044
0.03904674831333405
0.1334006164604649
0.0006014070465833819
0.00015938992654230023
1.0704873619864014e-11
0.0063301011943685224
1.8670649165473325e-08
0.039402227963484915
0.01608284545889327
0.0016179522336332653
0.008187453544936127
0.15130792366535067
0.08211088025255582
0.01251513273373574
0.01731052419221429
0.000812786369357046
1.6011198621659137e-06
0.08240780094380606
0.06298014132517615
0.1584560620458707
0.07911794975524683
0.03867454558760426
0.04978109324622196
0.035108904075163705
5.885377632255467e-06
0.11363006268483462
0.6453291280198302
0.0002125323745665375
5.480853830586729e-10
0.0672783074365041
9.893723166448201e-09
1.6242350477481478
0.7530692806273933
0.004104531579231996
4.809724051975163
0.04557501401768603
0.22484359500258613
0.03765589937111519
0.0003785097554066425
0.11462862613731231
1.4287820592728365e-09
1.695096503988712
0.023005399687318878
0.06134513007953764
0.01666658033855131
0.015432112333975213
0.017611570257576776
6.350000806964632e-09
1.2078358167383108e-08
7.318520300498764e-09
2.140922108571263e-06
0.0076306077525402655
8.8112673028434e-11
0.0021214494975993863
0.0129093853731648
0.000398453930871474
1.4841821408222354e-10
0.061540203750306804
0.023006797534100024
0.012350355334390873
0.0020348609696907824
0.03738753151815437
2.245804081757715
0.2591528591818515
6.915625039938331e-08
0.03939255621361512
7.2330240997542e-11
0.20051261545307214
0.05257518547108381
4.112989248699796e-10
0.010773567498070295
0.046726157091562845
0.03560839367106707
0.005267817101654578
0.049035677226053606
0.122626597133199
0.24875925649675124
9.688942386962958e-11
0.02149879584624964
0.0003658282778045731
0.00310489544350432
0.01953565686705429
0.0034213438669051265
10.15102930436065
0.006946871494376288
0.027306499486024587
0.06299258027382304
0.047851090892700066
0.004683526957396926
0.05991884619557717
0.0011584691255969925
0.09788966497430997
0.07889835909697791
0.2310674692724228
0.3628736309565403
0.0003829139762168521
0.010728232054748767
0.060324544422549725
0.02728042914045486
0.02368699157532039
0.06318586869973124
0.03874326410581445
0.00011720898292944871
0.2607052629250861
0.014420320461478339
0.21985679137024583
0.06424128841384857
0.038951092860223926
0.011194013990655798
1.8926266119602555e-10
0.05918804056453243
0.003254358371382845
0.02354244568946768
0.25237824772107653
0.02113697563925212
0.1570465588598261
2.1448722939330723e-11
0.0015900950320172158
0.12501809176270956
0.0027530524947203252
0.004390422988459363
0.0020653482197856964
0.7331648997627449
0.10612485745550947
4.9129509032504e-10
0.5154157903310695
0.63911451725729
0.3179566254539554
0.177257076940546
0.020257266118145694
0.007414737365585155
0.18903623676165746
0.004800533703623794
0.22031486960569002
0.03395012309337348
0.0724842564412622
0.0004590590233413697
0.17183565160433747
0.5899525530393727
0.001359782871312162
0.03564878120121208
0.00929027159578713
0.002862920604031019
0.11718532650004876
0.0016511515294219184
6.421418577581029e-08
0.23227927072204976
3.841538804519216e-12
0.12723473088216947
0.00923266336032285
0.11960428655310147
0.2537199311796795
2.860219924265694
0.05154527639963917
0.0564846765086351
5.261793516067892e-06
0.03532598439181533
0.5954774446475483
0.008666440075295687
0.0476036980787552
0.04160037779767506
5.233007637984501e-09
0.0009254925506471624
0.10840272286235617
0.10921936774706657
0.003325397510182952
1.5050517567519103e-10
1.873830403878128e-09
0.17472910211284415
0.011111354571715384
0.06499472146983215
0.25166924903438703
2.0973195936724367
0.19723221478792125
1.1647942749175193e-09
0.00442444446893864
0.00804027457542103
2.452028697072283
0.016779695215142193
1.7650804755257294e-11
0.08385295434575324
0.007631691033652745
0.043090477579880646
0.06795634345404536
1.0782659500619577e-10
0.0019501215119184145
0.07340784946357706
3.7866364787012614e-06
0.13373635820358054
0.08893197788917996
0.0023141819675640894
0.1826762751070077
0.4152009894216915
3.351610442392928e-10
0.008753526266272151
0.03143711165009117
2.063701845831792
0.09053071995161564
0.12742026828409472
3.3946216201490107e-13
