22.634166209773255
19.90200802993078
20.624001325872225
20.07329338882709
23.085425639123798
19.028873502454132
19.644961161232313
18.542272791540462
22.73622865847811
105.22925069352345
22.292873599508056
23.18825865566448
20.4265297791906
82.46238381097149
21.129420218235538
20.847018171692152
20.241810124195496
110.1106319132999
17.461701854055086
24.096675120135316
23.57735193767369
20.11251937111708
16.76107998489309
20.059390446616263
4.072406550354949
19.398576996202355
21.96546269799378
20.691857589613008
22.24337898040761
21.224914623519176
4.000268840546765
22.186727020988954
20.58726893939611
22.25442464238423
19.70871047996061
91.67779626410517
19.23652199441019
20.96504128384115
21.222741147029886
21.578579429044126
21.391522526873402
22.245251116194567
19.43930590487542
89.3125198723151
22.150758161697816
22.713074351749697
15.02855196982945
22.37181853569465
15.455310220113017
88.60673149119307
22.236523673524676
90.25127495247169
98.37927376430082
19.94776716673999
19.002350188793287
19.671288614528518
20.32850262502471
17.546926042432453
18.857610220972084
19.151609148524095
18.291530780120578
25.423775553758848
22.110975479632867
21.992666558257476
18.941339045206014
22.792575079720223
22.23693935371341
22.35279099863577
22.779984362484846
21.16311157798539
20.014374447645395
100.75908518994527
22.114050011722334
22.645118705589
21.179491566345398
24.627685280593933
22.33183828294495
25.596495562235848
22.763261202989383
26.017636439756707
22.313024650629224
23.45950400626061
90.64562163694242
20.107787152745356
103.56972793784045
17.23615122186652
21.503958685866856
90.87928941511252
90.96146141277993
17.42037696474045
109.05599212006834
22.481742117934864
20.72961902999014
21.731389023442294
101.20315002121066
22.56040951849449
22.38006343931196
19.88989961331503
83.00765585311667
3.9407904659965864
96.43265228936691
97.27761764355951
95.63877949653826
21.00465549704294
22.176291924150934
89.48246655337819
22.40213706488024
106.19245008579355
20.745440994678052
101.42755048875559
19.044553072200245
98.98310959357107
13.20398457790788
22.4617761022265
22.5583225046169
16.45803851334065
18.472712997393735
20.20534839076476
15.543593076446339
19.002250322544082
22.143394887204597
82.05623923421439
21.046105945508778
18.557670876487876
22.200711579477414
94.92184776248226
18.818628089907662
89.94267932721152
21.49083374728011
18.78265733413639
19.999484126668655
22.076336430170542
106.73562651758556
21.3171672144985
22.978996867715978
24.6771110036041
21.652454087945042
19.841343966906376
22.61546603581736
97.66407871907731
22.779789946883
88.10499515995522
106.74895690956873
107.64337777626852
106.05928045586963
15.620261953277016
97.39634675563902
19.363470905001538
22.62392715355036
17.891161980876582
92.26149926952385
98.29926576776214
22.335987750584042
21.756382375057704
18.878351530675577
21.630361164490104
16.85240306296025
92.31654353025378
18.820484358628434
106.52396360421075
18.801260157452894
24.974716469973785
20.722577002273017
22.085027306208843
19.78003580885353
20.156324739366028
105.89968326633367
22.46219031674613
12.938304554447816
92.81779979136297
22.02130614462049
21.99655578065517
23.27109656491956
84.64233730266119
91.08184518524018
19.66610210822342
20.28604374387543
21.901613745276165
15.888241057440421
101.32159902085635
95.58094440038701
15.074575619421665
20.406533605738588
20.13194161490532
23.807912038198182
19.557182577903408
17.70247545345146
22.177414791902333
20.485802916819452
86.2690067260682
18.444424514464124
21.455563555335367
86.0539308087071
105.16165108396993
21.18197109429685
20.63448927381696
91.03557332909142
103.83703879466769
90.91857910938337
22.042581443138783
98.76879655719999
22.938081884515235
105.13459038357823
18.91859604653539
21.587972637439293
98.60539282637227
23.054932356369612
20.1404897695112
18.697115550025092
22.225917752668803
21.681693496322318
22.824361271767962
23.627485767147625
21.366582472071578
16.11138908656743
17.56634574875413
20.232475640865864
9.101769772925639
20.137088217167094
22.631357621415212
21.325050650946825
89.66990360363982
21.44812485661155
21.325630787312505
23.68383531103958
100.00085784306357
18.73326979064825
21.66243727468138
23.145737172419317
24.521010708556656
103.48836234984698
21.341750142854288
19.70645288086446
19.90739383202978
20.58600511528242
92.5875911962934
23.147605066697597
94.1218795730611
110.61325980121397
20.50878604039375
23.389323811030135
20.852611208393764
93.16964893490555
21.27005400705363
17.375298634630177
21.70727933470625
22.482343980190297
22.082545193152818
98.73143190311848
21.17953362150881
23.538719542880134
20.298532877979213
23.124485413250582
16.30172685359745
23.00495532873815
22.922268831014925
20.0504970132324
88.71797720264772
21.869165821025447
22.838970460883672
15.42497176096603
22.739833025901675
97.34884414497739
24.288302778576632
97.16838584478444
19.047735606245297
23.607754110434684
107.47780192219744
23.018827323653454
11.769519292902576
22.583720821326214
18.9044919628799
20.990789817052054
20.193755263169294
23.006189068609327
11.075696873390925
20.323086876996463
24.5542792022773
23.65725012225488
23.23399057198607
19.95917544720793
21.209187785638743
101.96554769088473
21.559966686488167
23.021190687930456
19.008013180289957
17.442763105469457
90.71002765397195
19.192568758060432
22.12270352903491
23.760864717718462
19.04272148369792
24.901090151752392
107.7515880427348
21.87690329437701
21.45092695091708
21.151541148028155
20.28639609711591
23.499927095675723
19.6716271953715
23.824905663135887
20.422078093560664
21.595387807975733
18.599004389919077
21.924635809517802
23.086198426046554
17.01675989003654
22.21878479358321
21.979429885096806
21.740593004318658
21.702641464796883
22.495248927581457
19.45590996510399
22.273548210377367
20.764407772646067
20.563677480434045
21.147116032658545
16.761502709035895
20.646180491763833
91.4727046149129
18.89627666692295
98.28166601938638
22.582309164828192
21.87948282543811
101.52943580943717
108.7711238377847
18.15592683174704
22.165339704170513
21.950984909197086
19.19403071734727
24.188957684320656
21.083382762158344
24.629132149103896
23.575264789620952
23.871470220537184
94.1559650378459
22.894345526259386
22.781107088980747
24.029683506347734
19.491895186016666
22.641784672812044
100.03769578645883
12.1541189153501
86.03664600249958
22.916280409906317
92.65844631849457
18.74671032273117
24.318749167289152
22.395604915887326
22.38111389655932
23.122491545399164
21.433719766722568
22.04603366862625
21.088400370835675
23.91129765375429
22.453039098153727
21.714963571280826
23.239367799367606
24.125778448023432
18.17431655981475
102.14108301021791
21.80348574443947
22.17903310028093
19.70070625284231
89.83022476582582
18.71441716287429
20.703944579401977
22.01311576443977
19.89699458425705
21.57400984164522
25.506200372398787
22.979514566842944
9.296993521237702
18.773217481497895
21.6664814178887
103.09178220408978
12.295182141889779
22.193889341885935
19.338004344858078
19.00239811003674
22.5740730115591
17.014892983818534
23.154433564791738
23.496727008580635
23.164171746410425
20.273141375806258
19.073340341365412
111.41977086664629
24.56212306897216
21.717292197067028
109.72733298828322
12.432627173047077
18.658493617853267
19.44823185379527
18.733590952363617
23.00140768694661
16.27020067021914
21.878701846348996
24.7277631276274
19.90219906498131
22.660815107161135
16.9752327909854
106.73788760289496
92.2513775964932
94.94275924646954
17.568396149862036
19.436068677283366
21.641741155227503
22.89371153616336
23.439493142374737
97.51511391500142
22.795866656953542
93.91144030840275
91.97614362811838
21.92308220946908
20.330317232046298
20.105982823975587
18.624240454228875
102.25768214118673
91.06451797486422
22.831383936878787
16.60801192004363
15.853306139646742
92.78280689786514
108.41443116700106
105.41366820521758
19.240508828356543
18.757562906953186
22.37944362799586
91.49416787800169
17.8396802831925
107.48354509880386
16.435431062796336
21.610979786670164
20.943969365342568
112.77780810040599
17.197645163361827
93.62383097473281
108.0461113007847
21.446911046959176
90.22298522802926
102.87076092722657
19.952048807139537
23.187852764569932
21.275362033129312
19.698983296939605
21.73351136310372
101.95351684921215
21.18351359444556
91.8607924037289
20.13822624166985
18.755996650184642
22.321541087313044
22.43237529323936
21.8589575316062
21.59852563148776
23.60132874707487
21.05432513727545
93.03545607006636
21.773173008952803
19.584836713667936
18.75879127493505
89.08414053490804
11.962205993778305
20.955188918072533
22.794740930510798
20.982615474456903
100.90873015501263
92.79307935317786
23.83223130078877
19.09429464844512
25.000782541890256
20.491967142473484
23.171743573458865
24.10408606843022
19.343365078333562
108.28280199177127
16.794524269984528
20.447679948317983
19.353802585337412
92.18705987726973
20.926955403924104
25.372000918998282
22.072742652470914
18.23385252434334
23.442674027994425
21.834002927855746
89.33665341403504
19.185872896288053
17.173717946557034
17.944755535527708
15.627826685724362
21.12135137999133
101.39698528235375
20.268711982680323
21.005242839847796
92.37955275057826
23.512632824447127
23.30525032137044
23.37720581840087
17.369836582298404
21.569721801585203
21.54079952214457
91.34176332384092
19.519842538354197
20.748078189800456
24.370120337706183
20.89925981539961
22.230369873787026
19.74798268794811
20.753986014414863
22.230777115708953
101.3779327253292
18.825576390111237
22.919667879895464
99.77191264787177
18.42138240963264
20.38942104806113
15.749507479206637
22.09409201130935
104.25038715047631
24.82277918041124
22.310956545360774
18.061188135581926
86.06702408421874
18.126568120519863
20.04069796911648
21.879562538373
23.879296472670156
22.127048487741952
22.931506665349705
12.898712222384185
16.716141331947554
82.44253066743553
93.19559830488734
22.08426509706821
21.515506946208596
22.92419259112493
13.220364159950737
19.975935073341734
20.54940327984474
22.503694225254122
22.898300222539234
21.10677042281884
20.443494822733243
21.592881615327467
89.58667707128771
103.45207017215851
103.34149348610669
20.426070973851203
21.984256852313095
22.03179634674398
19.606294212084194
18.425308738766002
20.831776317606952
22.156523935033952
101.64458425473516
22.11179005113806
21.74667239599807
23.1978940830048
20.79620448958049
20.291355532729902
17.77404707438227
23.70313844978519
19.10478538798216
20.154382287997606
21.67185187948445
21.204913957748076
107.25235928516067
22.644899773980484
110.30370031077541
22.5906855245564
104.49864645318283
92.3990496680741
24.34136283893944
93.9170440088088
20.251033954230714
22.980043560233227
22.408079789233106
104.95586355038301
18.707659967982014
22.05689271751708
19.587222313032143
18.730707129121143
22.71483989662853
21.622184666709504
23.342706736477346
22.321505858604915
20.882039545389688
20.62388258799967
22.34312815879769
22.190421964610373
22.266804536445008
103.0931416114315
13.409491219171525
20.848212570697587
99.75689496781658
22.615796064300508
21.03650498535471
99.35847832204445
21.421472276834727
19.06964027313501
90.5581549719542
23.12153572056567
20.900050508657223
24.808483700725382
92.66528938974395
83.93200392206998
19.29670614042453
97.2242224395151
23.02115048230721
17.95848706175721
23.76457734185829
79.94920352350628
21.327784315939823
92.6011363814386
19.795305086529385
22.45596835332485
18.038907306641267
103.3192271035357
104.63768042316426
20.858459470465917
101.66865963996803
20.263503579572927
24.74971970783001
19.199104990598677
94.04099497630638
23.662793440730802
21.969481584433744
91.31938537212756
24.81563084937735
22.442258025331338
19.653354512546663
18.730160319337806
20.9809582591215
18.173992591599866
23.21601724162292
24.14232461826043
89.74413234996236
104.50374521751381
19.404698168139426
91.67200253862387
20.959211163891638
22.60873799201242
23.12816576446108
23.575301720488106
105.63607034100355
19.494238760580267
17.176555073963993
96.10068930287265
19.344051630754528
25.73757751293718
24.22495389080448
17.079511201308733
22.61340353683555
23.905414300086036
22.435154080986543
19.441560000676077
21.29317755205679
88.24775466620659
8.027291193369049
107.98728499112785
92.34670742683582
20.40551447969799
21.898085164650816
18.974368865764355
20.858810750485095
19.3871199099423
101.53817045784182
94.40556022963537
22.641445970276752
18.06968087371841
22.559685488203485
20.503065315480185
23.775809185593317
17.03652865559438
110.86187795431871
87.68067377099304
22.022932258164293
105.0359342473845
23.29492149670301
18.038632013985094
20.590119291863157
19.256778389969675
21.95911536893336
18.992772872900993
23.19868267688762
22.928873948569567
23.103392709921046
92.68297648632138
84.16297922977213
18.775650460743854
107.00234812883967
22.54969997060448
18.153026671218573
87.13126171548105
20.08647478208924
22.348037988181552
23.816772255955826
17.053418629991825
21.624028430625152
92.08881330569675
21.27272560345988
90.31795113760434
23.433345470619344
22.651671628339876
20.598972869944916
15.305369144905878
21.921945642400853
82.38920416598742
22.100237184429595
13.09933763222666
22.74464439639933
20.919344309441463
20.75731424513338
17.17934106682884
88.14664920758274
17.37058400277043
21.484345349803885
89.77989373452289
21.62326828011391
21.303624343546595
16.70778127032717
21.924800733433948
22.01528301422046
21.593005080046353
8.248128154761414
19.03047509301387
104.55687383079022
19.024323895331207
21.83317594837289
23.77696821121036
22.013546964801485
21.742803652014643
24.04095786005469
21.11982541041892
20.8748334407822
18.86616098312029
97.49415900328997
93.10063056404692
18.642546307454843
21.744303225639186
21.53808624556398
104.72368368021692
17.570392099200646
20.101062158813175
79.77550995316386
23.79090107536292
19.486072144689057
25.017589709776516
92.5106904314519
22.05498898524602
22.260160757493594
103.50541735852697
21.054152224879935
22.816716462658075
103.63263569597818
17.36871944840319
24.01523720041275
95.47149186489825
21.536819920425888
22.83328173530049
21.7858173184067
13.76218470136874
16.317166869235187
94.48328093185093
21.93392257226249
20.405988184009246
21.950439905556163
18.129226737320206
18.14574538336211
9.306976093891553
23.001291512864427
20.923632512698127
21.82346663962663
8.892715290798744
18.88856444573252
22.01895354379667
18.44414270140928
19.40180154369858
22.970462546175845
100.00836642834892
91.09028651687996
20.821144760993974
18.028153545894206
22.901415766435928
18.255974317271317
22.354556245060454
22.793761150233628
17.67000537059628
100.67775786544463
19.553047119532962
18.997445251950754
23.147055086313088
22.145394024886755
19.528503611936063
24.374291046639776
21.49205183090959
92.1025751169478
22.030096355110487
98.61618134354951
19.56361524174787
19.331122327586446
105.5619563610545
20.822300984812518
24.11130229698403
24.512988290877516
16.387222228677913
22.753690360218965
95.33904343706217
92.62186327499404
84.85354625343554
17.515336366460065
86.92885489317474
21.894607907574247
99.1660399948537
89.08687669321576
92.22912424787368
96.43109285203371
101.76127768734955
17.373212398585572
103.82419863574272
110.21953551634687
22.684164319102017
22.67868711457
85.76283129993976
20.497612058782824
22.58043589511049
22.68163630052664
88.93713640840215
24.192432393205067
22.039684338314416
23.027199450140646
22.469203563788575
23.285492121145282
18.615787842140584
18.78252692010929
13.632107444461061
18.663239703420977
20.891569251420663
7.816366139326079
21.89704600040536
12.027548244672557
19.732838754641946
18.136526477489724
107.49929643772523
23.020769396080304
21.801858792720203
19.043744132221136
95.41254903565199
19.00007835027318
5.1032685107002145
22.744121266107737
20.416112777283004
24.684198803171952
96.19593021814887
20.652712585336573
99.813564264745
22.434679795544852
20.595418530695078
21.72496635821406
104.73760307255917
17.921942731078943
18.868560189648928
21.660392376694737
21.10161425718391
20.699050115487644
19.214266730759824
102.98048086301316
23.992005099094353
103.51545988487798
91.30378544407534
22.972348381193864
22.277324608899733
19.42499387046275
24.280154302904972
21.788677774020343
95.94088560622126
22.446881062592063
21.189203026274875
21.196286439323348
25.583936903157735
21.559356843540137
23.120947636340702
24.290955933684874
22.46482714631221
23.16613829057109
21.909951770570864
21.524049403268
24.923920607933695
22.762521688991544
91.37702778693024
20.63355824033378
9.201565378535342
22.796293745533575
20.972015222526803
18.20441499887304
21.728461674081025
23.137667524572116
23.46582874140496
92.46669979757552
19.27390480363241
16.867826847026716
20.778245167814298
18.530189263168303
22.858239478615555
105.6682220253518
19.3145982572608
18.17485080301805
23.4608029701111
23.22711860339745
22.517261004692557
22.261887526834023
15.368163747551513
21.521081653971322
21.461536035466068
21.289850921773805
19.110767243342483
107.03198248490963
22.089748400939612
102.50422529541373
19.998618061798553
103.52558077275614
92.946861888113
19.228870604951517
23.200293588107556
20.657726155530014
96.45501573578203
16.317169117017556
23.215259666282243
21.084969096003448
20.192025607878392
108.11569218239183
109.36665952820834
92.41715195514413
20.330347283785386
23.409116490905397
25.314796279214963
20.817379396697184
21.92479789774014
23.393340122136987
88.2596322398519
22.34873000398749
16.083167256119996
22.63186524852932
21.039614951020162
24.581503468775814
19.664924214539013
95.08238607626723
22.963971274851332
21.099193273193343
21.54781954823597
19.576008831273928
22.451020805163434
23.72494966824825
19.94905423209844
23.047163123188604
22.767782821292176
18.524056292280044
22.66552500370644
18.916596447047752
91.41066843917845
22.681366994455118
21.541255665762975
19.28394242934808
20.890444685251488
22.578692496318922
95.78936701370078
23.255666578478337
85.42766050143811
19.801779606883937
22.98986815491177
18.438050057441274
19.91321531477383
23.835819250447013
19.172501829989884
21.963565241614205
81.9524127808891
21.64011387482693
22.69796586225042
23.22767556856306
17.843272242685295
24.397477411402804
18.411917015973764
14.16141721145059
12.129356974244883
92.74177297542681
21.143070362699476
101.83811709588763
20.843670757148235
102.702740782341
19.560032512819923
87.58228013882355
20.28726593615144
83.21629508318537
22.7135232297022
21.80062544077355
21.105565830179437
21.112720226630483
98.67228499561108
