0.012042675642835175,
0.09131599041920858,
0.006173052614730571,
0.07306450925694827,
0.005999437463635494,
0.03228556299812212,
0.9321203860608166,
0.00449605649915447,
0.22346954496695154,
0.005591580336754441,
0.005634593202338566,
0.00819509339380588,
0.014900171782260664,
1.0194433563683796,
0.15691699777245613,
0.31224688802265466,
0.03328738354819991,
0.20238903605259867,
0.002826501986956606,
0.07476969933686775,
0.017731447024312834,
0.006181397691746988,
0.0060476295195659785,
0.014412645380750145,
0.02019478916258535,
0.01129423626687223,
0.40946986001625807,
0.034705910417472015,
0.6390444094760311,
0.005740291313229721,
0.014621043436765124,
0.039672976018331904,
0.08557320976972774,
0.6212170724426753,
0.014658137981387908,
0.13299387207693372,
0.010959773149116976,
0.017607229072905923,
0.02334107067550275,
0.004608161021704107,
0.18140921966108395,
0.004774393383382721,
0.174083105322062,
0.009773517820564437,
0.4700055295546235,
0.013306709543040411,
0.013826076013728632,
0.0871482349908332,
0.012170825526067238,
0.012749837158639279,
0.0058600240238494946,
0.012029951388021223,
0.01782025191772001,
0.28115445470236183,
0.009845997377769766,
0.723838330125488,
0.2801260525754757,
0.015945384866837473,
0.008518739552513038,
0.010870367199819092,
0.30202403675813455,
0.5492692326523283,
0.11410552441978741,
0.030191619890516823,
0.010222450138507812,
0.009974071165728711,
0.011735040560740527,
0.11292898757409553,
0.28573584814107,
0.16553648398552498,
0.554075855488364,
0.06159619843426463,
0.012875831046690907,
0.21031029695816433,
0.30078173658528395,
0.013348280120071214,
0.004639325333255729,
0.17317825091438663,
0.18211913161461854,
0.04815866228114419,
0.17278252366279423,
0.008802611768403674,
0.6079056169178828,
0.017280832314601563,
0.07811889399778872,
0.007036260000451511,
0.07257617545172601,
0.029910897122080695,
0.011802076262092774,
0.9751527094289116,
0.005595455961429125,
0.5796365173424275,
0.01649668803980364,
0.8695479285981266,
0.01373228859394744,
0.24638538472892899,
0.0243713822659913,
0.004803011725634851,
0.009505066461647256,
0.014194299711517507,
0.013663992124516765,
0.01205472460779833,
0.16352259077740716,
0.1411375514016054,
0.008767444297164542,
0.04655982370903312,
0.4187768155400769,
0.32974346427100415,
0.20303876257525352,
0.13451845378570332,
0.14477289431775822,
0.2122015940487023,
0.011471455706777529,
0.010136179338970035,
1.0252483961744219,
0.22424735988131775,
0.05900928212296686,
0.11398869927745123,
0.007630273130686744,
0.21151950978783407,
0.051960862230780835,
0.22625015740506776,
0.015424488113506264,
0.40028358632879113,
0.2540923436560245,
1.021833425599557,
0.213246908192408,
0.0753901102628889,
0.008944765051123044,
0.9060948230596236,
0.013413012914878583,
0.008157015353500528,
0.14977142397557058,
0.005855183883525135,
0.11699810001211741,
0.22781685898376824,
0.2682372334683094,
0.2551718653672562,
0.01778400669636383,
0.009814015214897458,
0.02537256126182634,
0.12390327949526872,
0.008385663265010695,
0.00727870175511611,
0.034484358745564395,
0.011055018733922943,
0.01809126543228229,
0.01202341464411519,
0.005405037611452667,
0.14024162081983244,
0.037026678799596764,
0.14237418636402666,
0.20403115727304336,
0.40908535048507233,
0.005740291337027735,
0.05421548646856598,
0.006481310478736961,
0.008350503206421243,
0.004610585374050695,
0.05131200519233417,
0.01404828652601732,
0.02775848728225501,
0.006276639630157165,
0.0052334101539946555,
0.05683246289165748,
0.04769463343379001,
0.005053762681386865,
0.08294371788760307,
0.04713204764396591,
0.27447207874358254,
0.10727997122344268,
0.017015948215235617,
0.005761188572575845,
0.05890477258975618,
0.012424935002473478,
1.0161349664497894,
0.7924962869409616,
0.5012077652376038,
0.00889211463627116,
0.004631271290499819,
0.009711878777028353,
0.00490957563585498,
0.005837971554173786,
0.005533727279733385,
0.2883299281627528,
0.12795900018767772,
0.008914693902582557,
0.0414581476474041,
0.002646364599381353,
0.014658137980738527,
0.022213186577652984,
0.010458794077229187,
0.1703399692987407,
0.013281179336943585,
0.26307200018433946,
0.005738822693254012,
0.11587524531205942,
0.06869521701314817,
0.031022178648713303,
0.027557409303455654,
0.15408302519681238,
0.010544643155308007,
0.006217025287013373,
0.00997407116095197,
0.011980365074111815,
0.014788469310406501,
0.012046727804506345,
0.0056352429596735,
0.00788479390868237,
0.5838923603224254,
0.22747864848049384,
0.1587659172826334,
0.22527061304428597,
0.044878282812289616,
0.00927465030614364,
0.005115651604937246,
0.00667980863902839,
0.020803236816082746,
0.010899024062261677,
0.006313074497143929,
0.056893197289301145,
0.009278604438500045,
0.008833926134448594,
1.1618250828151253,
0.4506561339075514,
0.21914001303811775,
0.021384148716713805,
0.012143502919152659,
0.005865095320401569,
0.9972169444973803,
0.039384803750699346,
0.006861346056633868,
0.19463941983297756,
0.00700889378606314,
0.2375586720942576,
0.14260216233430179,
0.003833740804656416,
0.02481066957526186,
0.29944916916768505,
0.008847974374473289,
0.09349828370600353,
0.009353405754199563,
0.11602154164128128,
0.010282356110018796,
0.03439684515213223,
0.08349271770669121,
0.008893439131605785,
0.007786934725329825,
0.593923689627711,
0.010814317514784177,
0.011100733485601698,
0.016815564918860163,
0.5576811230405175,
0.03001341090491272,
0.004543704541913349,
0.5465254517317464,
0.010771579097804872,
0.033891467830145725,
0.18066666223063926,
0.004969557884438971,
0.20314134721375393,
0.009313979819609242,
0.10351898214885527,
0.44573329411927165,
0.3549742867258491,
0.0720719870074404,
0.1229860776043075,
0.40060887016769026,
0.01285737510788865,
0.6430915850853619,
0.019462182556840964,
0.005796737800845579,
0.009739111539342647,
0.009974071165871224,
0.058329294952980545,
0.004639325327456017,
0.012450008129634572,
0.990488777550537,
0.023072810339519047,
0.013151929097481911,
0.07284179506899557,
0.12529583927790552,
0.0632856848679935,
0.3722069621613786,
0.2813950020828998,
0.07291367815169664,
0.3282559176189273,
0.020990542808616904,
0.09656838912986451,
0.030031919911589548,
0.0476174222333255,
0.007591388324431201,
0.04094902577452298,
0.20060502007378936,
0.006208426368346259,
0.1352303012573893,
0.006256392693259781,
0.0037808951516937377,
0.01683538790577279,
0.17584811652858137,
0.03892339256824912,
1.371047502594289,
0.02334107068777128,
0.0730645092530214,
0.019386465734818194,
0.011719605868535361,
0.006385213353678835,
0.173681952602441,
0.012201168915971977,
0.3413148500987724,
0.006071487953209822,
0.005115651603614847,
0.009972008261185505,
0.07982307117155876,
0.25444312544630293,
0.005347326782526097,
0.05209471254541977,
0.1479496118947501,
0.10756028318967284,
0.3995367579240954,
0.01489868588983277,
0.003155413912964358,
0.2308703190210726,
0.2581539086215875,
0.024283779552395694,
0.014382242391590378,
0.010959773147299826,
0.8075934050656491,
0.06280674755006609,
0.06522937303621551,
0.010878858751257426,
0.1933116537812167,
0.012035420252066371,
0.014063163056818678,
0.006310859186774864,
0.10368505626593738,
0.020075389466021845,
0.08067517893031334,
0.008527213001118982,
0.4989852461176602,
0.019943698271943065,
0.013232508989142099,
0.13491836796856088,
0.004866958896586019,
0.09930514208394384,
0.04723907099573946,
0.4089252093790277,
0.13231497639366602,
0.16978166013713417,
0.02250947865937895,
1.253843598104397,
0.051450949477230855,
0.01788274049494746,
0.009063396429816033,
0.09553428701954797,
0.6838954714340502,
0.012001224107153126,
0.006359615700104776,
0.008793885212093053,
0.011615321659881179,
0.00845324076558964,
0.08624658777112765,
0.5958574098909066,
0.26224124714623287,
0.018130518838165827,
0.01427881873845427,
0.0063530443763212905,
0.015667604931408372,
0.9393219370037151,
0.009597249212948047,
0.2581548160438008,
0.004579294707032984,
0.03972595909842648,
0.017272751111462176,
0.05168351337955514,
0.1933116537493691,
0.6724528798100435,
0.009363350453019717,
0.07301647724134175,
0.0487042832185155,
0.060180669772499286,
0.0861531178842402,
0.006873789999919625,
0.017204224111276922,
0.22989751859101437,
1.0228749052633637,
0.03959955739510495,
0.027703265147459945,
0.3782731703136408,
0.04031783228628139,
0.009919161394337976,
0.7452715580380315,
0.005843918503952867,
0.005638827432693422,
0.004496056521847856,
0.18263661425030586,
0.005215603226110492,
0.04240518054234592,
0.007574711967468738,
0.01232718302745768,
0.11948543634154528,
0.2933560720282993,
0.07594459912957884,
0.021833007240362766,
0.005943803826033153,
0.009892640640910706,
0.06441704000723734,
0.047474228259827674,
0.002521632039185017,
0.00492816637920413,
0.016819452156580948,
0.014921156896460001,
0.2561099611230306,
0.39582416155077066,
0.025579118530628744,
0.012046727813792533,
0.02051451356028388,
0.004821383233652338,
0.33700047582926623,
0.012407199646168071,
0.2563863064265517,
0.007431969441842312,
0.7423926570355299,
0.027969352104858982,
0.40935569841610747,
0.0028419751948468843,
0.09536196001645798,
0.756321704021186,
0.012148674171365574,
0.9204471808729943,
0.004252050140866719,
1.4055121717893153,
0.3798787930423449,
0.015424488095440642,
0.014257365327883393,
0.0076905770358169845,
0.009194481327745281,
0.012167156524856067,
0.5082800641614963,
0.06703995908352138,
0.014123310552151644,
0.006949769856261929,
0.012801945087907104,
0.013008208574880118,
0.05104623658063634,
0.14863015065640892,
0.009536353963024003,
0.22974128773076696,
0.21753160798325188,
0.010870367194579613,
0.2173538151365907,
0.3273101608841434,
0.01067424717897942,
0.11133210424443273,
0.0166505635172077,
0.006638903329715914,
1.1102816469626715,
0.016248657770076873,
0.133415074652071,
0.041150353170422094,
0.014431888640140712,
0.008165314961259051,
0.1587659172853326,
0.030859105516766842,
0.0763217511890055,
0.10247110543571636,
0.22400279950539065,
0.4622610307788781,
0.026120401082003617,
0.043520493435928176,
0.03274186319817208,
0.0173979056152733,
0.2929227628139953,
0.3415783952795135,
0.12591625653546182,
0.06157071605279609,
0.00994855492664875,
0.4866357435710378,
0.25514983561539506,
0.016278739792119128,
0.003491809660594196,
0.010969826923811083,
0.2047179019827261,
0.00658562237454223,
0.0045437045353843505,
0.025513517332595718,
0.0747696993383402,
0.01449618655570363,
0.0399962952444017,
0.1937520287963238,
0.015121184527048321,
0.017272751155691234,
0.046690518567411625,
0.05404332732257316,
0.012320101351880783,
0.06516471074555813,
0.03134004930156375,
0.15099528653617675,
0.011214562908676227,
0.005402855421433782,
0.027262985891341518,
0.045290036628522025,
0.9287289247334247,
0.011018950582793487,
0.009350676796063726,
0.015136431643149255,
0.46816674895233734,
0.2175304750105463,
0.06378885504633683,
0.04054478649429224,
0.9517224007738073,
0.010079238944587008,
0.027849148103721237,
0.023238854904087728,
0.2793857907416243,
0.05302660415528274,
0.010214683575450384,
0.007922915509013436,
0.005923395750104741,
0.014247947052785856,
0.017274141365721914,
0.09932540192675605,
0.10988078478529739,
0.05264838041380334,
0.012918208396730768,
0.19160934794385945,
0.016505797092990396,
0.06492783010673663,
0.2681957394875041,
0.011355665098852281,
0.10247110543387222,
0.0909545122777483,
0.009577686671076143,
0.007831286240090583,
0.011976641598459771,
0.607905616907068,
0.5266015620314237,
0.005424080043612901,
0.0036480837020508783,
0.10345306337977633,
0.006838269850061893,
0.07691450958077828,
0.19001585292779039,
0.0786536519025506,
0.08126641599988052,
0.26583514097699645,
0.22820398607819978,
0.013336298669033766,
0.006940762920961037,
0.015033434678092381,
0.020628694842178164,
0.023330047680038837,
0.11119930159350357,
0.007499583678140495,
0.18408219420422636,
0.010163673779563728,
0.011195521613059749,
0.008032655114057385,
0.16456799692335924,
0.011939172095919175,
0.8704833344098991,
0.03462036073704191,
0.00991222410428469,
0.12437830945218173,
0.06335659575027441,
0.14477289389829898,
0.00490957558909646,
0.013688620396798218,
0.022419103322897812,
0.16266086067492633,
0.24429470613232693,
0.6610631425677983,
0.12795989346509967,
0.07383422484187377,
0.008092186591666897,
0.6521160545631047,
0.009707497154965591,
0.01077703443661133,
0.23094033542204362,
0.016961998411055574,
0.006525064214669988,
0.0021272299028657297,
0.23353397361720718,
0.010773849184887578,
0.023597102599194522,
0.006589675490201795,
0.0778665616663769,
0.006359615716360334,
0.017085758314052336,
0.3619484243419649,
0.2210524241044984,
0.0030481941610695125,
0.2770925699336992,
0.008530987346121087,
0.09968702162501153,
0.02507366799381031,
0.017627186334048098,
0.1767405435237595,
0.006393010870973561,
0.005688262304765299,
0.011234670112438921,
0.01243050932879911,
0.011802076223884342,
0.009346845529119576,
0.2321393728026588,
0.07996727834169329,
0.2643409164465095,
0.01180772739388896,
0.048006556908334004,
0.012174109745917632,
0.08062429610542486,
0.028073104396265706,
0.0039039100787829494,
0.24138810882777986,
0.006271939861058285,
0.013559660224005524,
0.10490009356744756,
0.19178588304268532,
0.12925545077835757,
0.009978169394208767,
0.004618847177002395,
0.0037808951506148854,
1.0089567303471236,
0.08455104900306717,
0.21180515090570723,
0.043366047513474525,
0.020562154660298936,
0.0049095755968034316,
0.0035704679090810716,
0.08043886728090513,
0.002854248919188152,
0.4607324037635981,
0.23583153457278802,
0.02856487726195698,
0.42958368079441284,
0.011294236268263803,
0.7508334933908962,
0.015486627424246153,
0.3619237495513726,
0.0033880548538782126,
0.38104729949130617,
0.04759043863136493,
0.006412128225283798,
0.0042520501519034155,
0.3944952610362581,
0.39992937783969995,
0.0056755258189658524,
0.006488647557994519,
0.16169463371261453,
0.009536354003745235,
0.006240487403132384,
0.009610354942301743,
0.014988036188276687,
0.005968665166748667,
0.048866890703229506,
0.14261122052454217,
0.1550237281971044,
0.009863734204252324,
0.017100304726231367,
0.030859105521418233,
0.0072441751449137375,
0.2764813790956225,
0.012492159485716607,
0.009738649995881301,
0.17876295433303335,
0.23782103818217878,
0.0058606445050696865,
0.020221017901601405,
0.005234849366467525,
0.10667304475911542,
0.4796568427235918,
0.02598240587794529,
0.00918938407795634,
0.010694949440531613,
0.07317306670969662,
0.019304560113824868,
0.0036611790072951234,
0.012880568496376766,
0.5841135609382596,
0.015963618483488377,
0.025244590241463194,
0.29043983184674715,
0.03242924594457178,
0.0035861852500304594,
0.10954232882073667,
0.04712867445465759,
0.02769560267964246,
0.11340438647840062,
1.0714222269534668,
0.012253470154199197,
0.40950620944078436,
0.1390940432436937,
0.23835582484616308,
0.006267340981032416,
0.015543982791801839,
0.005740291315391546,
0.30495115971870645,
0.11642498144499913,
0.012418511942988968,
0.11165134959087708,
0.04663939074409444,
0.6382586993372713,
0.30796647475879974,
0.11234076785178031,
0.016734320166869827,
0.00999723114427878,
0.050999666028738386,
0.23059021815248548,
0.006047629576146658,
0.06365654748513153,
0.005604503443529314,
0.030138782733412674,
0.11129493614194429,
0.10365271702772222,
0.022526209553700553,
0.004085338285458381,
0.008315979045295073,
0.05756683861083705,
0.005572449858088243,
0.004659129874923227,
0.2234989275017848,
0.3934300081068747,
0.013519613364502685,
0.15420081142283973,
0.011369916825550578,
0.017598687807033945,
0.007311130530985535,
0.118208134710564,
0.9515641051783821,
0.15247292319444916,
0.3657939589096403,
0.006632825592303653,
0.0063954814443498275,
0.005414945089526311,
0.018546622391630824,
0.011796206444255337,
0.33449220981253985,
0.1032001285142128,
0.08758083974167721,
0.011870892022438118,
0.027998531950728673,
0.006568804213355895,
0.013175218719563732,
0.1420250275887906,
0.008796839587577711,
0.4222369609502873,
0.00923939211362024,
0.5404762080354031,
0.012882659394920972,
0.026495994300507808,
0.012307423370074374,
0.007231985587758821,
0.3536132132528397,
0.11006377008377037,
0.935114019938654,
0.1122317442493869,
0.14748352423111405,
0.035464942829795607,
0.09901430362372553,
0.19363741947655133,
0.37335496774974736,
0.017134969206476693,
0.7081066379996258,
0.22801973986736346,
0.006405136253505807,
0.0445686613262251,
0.010896309446350165,
0.020751433973332668,
0.9877080920979076,
0.006316376457516071,
0.21560618682815244,
0.016905808145684237,
0.009929443098776997,
0.006101290492440645,
0.010814317522871134,
0.006303315314676622,
0.03676119618213121,
0.03639373178039919,
0.013790291224289488,
0.8797451356977372,
0.008816998868758386,
0.2788791196839347,
0.012510823675701648,
0.010089966415215954,
0.17412088144380758,
0.011381497121960986,
0.00401613076054829,
0.022944347753065693,
0.017669917846602424,
0.0042411505151451635,
0.010544487789001354,
0.007939793318333332,
0.011954439332712133,
0.11990717071242096,
0.10129604581652518,
0.3547482810249004,
0.011939172103721427,
0.008796839599853865,
0.004969557870418952,
0.009140119182518636,
0.0077447927255731045,
0.1431166315936357,
0.9933446398045872,
0.20576084251897633,
0.029928884032625957,
0.018963954800012412,
0.006047629528293645,
0.010765257352737671,
0.0092782589227354,
0.23181800588387158,
0.014630861256430969,
0.009965540058362034,
0.22625872196940333,
0.10406287165528438,
0.052855052819344855,
0.20296368448752333,
0.28268780106633346,
0.017464248428523607,
0.03691132984968967,
0.008914693885132201,
0.005296679756123455,
0.03841083674280529,
0.06349337327272205,
0.06185380271024973,
0.2844531500100874,
0.005907907041826443,
0.24958033089241125,
0.01489345634891925,
0.05144250413146351,
0.007972279218905073,
0.01144234424595309,
0.13068388926089863,
0.9729100326064802,
0.005110691112146331,
0.02949662233666479,
0.004300399787390256,
0.00794650319628524,
0.012065043698677825,
0.04424538439223819,
0.2679152320468885,
0.008443328680579515,
0.789835000904453,
0.19539556250442924,
0.008292802624129493,
0.1532785357284863,
0.09436396970138665,
0.06962163172004693,
0.0041950537572399095,
0.005908310879667838,
0.025997323708935368,
0.013245203354726254,
0.013660821647295885,
0.07691450960337776,
0.07476969933825037,
0.010624244174122126,
0.14252347413278338,
0.6039915656123628,
0.421349881754606,
0.014265266550581128,
0.7595303240474999,
0.016425649886338867,
0.01644997448405048,
0.3975539613004357,
0.436298190977048,
0.005016157954675811,
0.010256802718343488,
0.013614158847409392,
0.9916230242393934,
0.004164174834240449,
0.06522937307517314,
0.5142993037186706,
0.9711464857209827,
0.005753740469508144,
0.7660177118422145,
0.009746054101865494,
0.2871441672300145,
0.03961821649518348,
0.010611534525963369,
0.006405136225724043,
0.41110150705574994,
0.30855698675758353,
0.07606502819792817,
0.13952385352631655,
0.15758776592000803,
0.011802076223313572,
0.007858634473139215,
0.0099596392403032,
0.14874828309301574,
0.023136791429437795,
0.009712617243458847,
0.024796840839549028,
1.1621779480850565,
0.0033986768091494525,
0.01946521235371931,
0.09898773059999531,
0.3065275768764772,
0.006286512692253047,
1.071815508249966,
0.10584776080629943,
0.30488470566806486,
0.014102544967645353,
0.00491812053924505,
0.6402626610319774,
0.1452925262181172,
0.013564109213618902,
0.6267940917768637,
0.0438559923982566,
0.015985005495004426,
0.009239392097068994,
0.008092186599262842,
0.2392412233608816,
0.23820014519029648,
0.024435592078748285,
0.006846174161963444,
0.07423660606096406,
0.23982825287005904,
0.006092135829421419,
0.3782731703201035,
0.015424488081520008,
0.027746637903543522,
0.3488302466777707,
0.008847974380226399,
0.028346573692514376,
0.018561640024553325,
0.1470752541925039,
0.008767444295557144,
0.22507190744304117,
0.006065880283185669,
0.06937579680025083,
0.008064964576947598,
0.030893855731243737,
0.0061880133582022856,
0.13719971720880253,
0.012424934999697991,
0.014722840080599594,
0.005487160156207325,
0.012713659889587798,
0.35171085032840366,
0.039228197318386844,
0.02073547361937293,
0.0367404270811242,
0.015384890508522682,
0.22400279953662705,
0.0123129777596193,
0.30000126669388405,
0.09582647672032135,
0.6582825830694458,
0.01937529861285495,
0.13379183803373054,
0.012874396556228712,
0.02064171183471323,
0.006211795049628209,
0.007766736464956013,
0.004643423176488401,
0.14683621176338016,
0.2539918472088286,
0.6044055911518332,
0.05266925349769704,
0.005591580339625014,
0.013997263705682352,
0.0034083919556375723,
0.036997439705574516,
0.09764441096010418,
0.025760620057562255,
0.016553176543358965,
0.4146385051115417,
0.3245846925698813,
0.15762030998610027,
0.26046435715562555,
0.013151929084165409,
0.009522136604556645,
0.005977514148764751,
0.025923819292796357,
0.005526082960188899,
0.026177859035578534,
0.016908082194529443,
0.029914664787298817,
0.011917206127612372,
0.01489345622253452,
0.12798695504642651,
0.009735532349597925,
0.029185076872802182,
0.005952694727400237,
0.012114427605967206,
0.15161737515811202,
0.017882740499718944,
0.10747931846261484,
0.023130124115380568,
0.06355910934901186,
0.03497838024113144,
0.20049958076856592,
0.0287212247233123,
0.2469400096068544,
0.005521770415649496,
0.02431895687300513,
0.2115195097625735,
0.012286947001646266,
0.01184733280949914,
0.28070903920938955,
0.009928851849572975,