basinhopping step 0: f 0.00191508
[4.2378563  4.80205152 4.14452366 4.24790348 7.27836415 4.04748129
 3.60459265 3.73194624 3.2450105  2.68200723 3.47871281 4.4026436
 1.05438456 1.22905588 4.47894621 4.29684232 4.17408252 4.34826136
 7.21083634 0.36316262] 0.001915081560676042 True
basinhopping step 1: f 0.00191508 trial_f 0.00191508 accepted 1  lowest_f 0.00191508
[4.24366626 4.80757942 4.14997026 4.25316972 7.28314992 4.05178064
 3.6087252  3.73579075 3.248492   2.68608776 3.48302227 4.40639791
 1.05762166 1.23185258 4.481366   4.29886906 4.17556658 4.34936675
 7.21154075 0.36338012] 0.0019150840083297207 True
basinhopping step 2: f 0.00191646 trial_f 0.00191646 accepted 1  lowest_f 0.00191508
[4.17443656 4.57161756 4.66397284 3.89527233 7.15559982 4.2473979
 3.64010823 3.86283766 3.19505516 2.99788694 3.52000214 4.40246735
 1.18542109 1.23458755 4.44414216 3.89933934 4.57071038 4.4243471
 6.95817381 0.6210077 ] 0.0019164551633830316 True
basinhopping step 3: f 0.00192821 trial_f 0.00192821 accepted 1  lowest_f 0.00191508
[3.67486516 4.28942416 4.6382667  4.47745642 6.88390276 4.32392651
 3.86995803 3.27531624 3.41831045 3.5370945  3.69548246 3.91644825
 1.15831996 1.69548743 4.16286065 4.2818881  4.55058791 3.76768904
 6.67920298 0.38195857] 0.001928208745192832 True
basinhopping step 4: f 0.00192696 trial_f 0.00192696 accepted 1  lowest_f 0.00191508
[3.73277448 4.2328233  4.81634419 4.33765551 7.14083445 4.22539656
 3.75805205 3.10319445 3.67826124 3.35358335 3.79104333 3.88685686
 1.06989005 1.72546872 4.25964447 4.26205266 4.46157954 3.91089139
 6.45574721 0.59826422] 0.0019269616698442062 True
basinhopping step 5: f 0.00192482 trial_f 0.00192482 accepted 1  lowest_f 0.00191508
[3.88881187 4.26499225 4.5180338  4.83864926 7.16515028 3.56554676
 4.14217918 3.54709779 3.47306557 3.26163353 3.73112859 4.07660465
 1.31176992 1.08846773 4.17901946 5.02994803 4.37952749 3.83627671
 6.76594126 0.59974498] 0.001924815388538483 True
basinhopping step 6: f 8.11533e-05 trial_f 8.11533e-05 accepted 1  lowest_f 8.11533e-05
found new global minimum on step 6 with function value 8.11533e-05
[ 0.6388707   1.43637511  1.82669232  1.79023041  5.92270258  2.20538989
  2.70038007  1.75035226  2.0539132   3.0237933   2.83969132  3.41133216
 -0.30141643 -1.03479532  2.79802879  6.22417952  6.1713784   3.16369046
  6.12126795 -0.06721988] 8.115334311013153e-05 True
basinhopping step 7: f 5.57946e-05 trial_f 5.57946e-05 accepted 1  lowest_f 5.57946e-05
found new global minimum on step 7 with function value 5.57946e-05
[ 0.87954882  1.11256975  2.04809202  1.98518517  5.62682674  2.27471022
  2.09257706  2.47825835  2.05297706  3.11954392  3.98161645  3.07505099
 -0.2374359  -0.42479092  2.42255034  6.30742783  5.84988723  3.33930369
  6.44657797 -0.43618906] 5.579457737020955e-05 True
basinhopping step 8: f 7.88048e-05 trial_f 7.88048e-05 accepted 1  lowest_f 5.57946e-05
[ 1.29651561  0.76735823  1.52990982  2.33431568  5.70281577  2.05537429
  2.28986121  2.39338885  1.91720198  3.16201185  3.23785919  2.88234135
 -0.4960324  -0.45376463  2.64146987  6.48796108  7.06361589  2.97213222
  5.77414943 -0.04512288] 7.880484103432119e-05 True
basinhopping step 9: f 8.52142e-05 trial_f 8.52142e-05 accepted 1  lowest_f 5.57946e-05
[ 1.38193984  1.45258403  1.42504463  2.57585537  5.56873252  2.38199228
  3.04627432  3.21069427  2.45018516  1.89603117  1.72426086  2.72673562
 -0.13948044 -0.46220083  3.03670821  7.25749504  6.18325643  3.24668173
  5.64840818 -0.16145563] 8.521416809686626e-05 True
basinhopping step 10: f 8.06036e-05 trial_f 8.06036e-05 accepted 1  lowest_f 5.57946e-05
[ 2.57303064  3.27960483  2.61659982  2.68738211  5.79243703  2.62412361
  2.00560464  2.19527511  1.55371531  0.28244182  0.59289272  1.27316214
  1.0935983  -1.15629006  1.23859748  8.35091894  5.20361203  4.60541114
  5.6144574  -0.76387405] 8.060355520951424e-05 True
basinhopping step 11: f 0.000139319 trial_f 0.000139319 accepted 1  lowest_f 5.57946e-05
[ 3.31260045  2.55117343  2.78834884  1.56228986  5.68728281  3.1513297
  2.51359478  2.71836715  1.81268368 -0.72403665  1.1348856   0.83493043
  1.15716266 -1.41390523  1.58216466  5.42624426  5.53756132  4.72564425
  4.83201773 -0.37657514] 0.00013931926329251084 True
basinhopping step 12: f 5.53274e-05 trial_f 5.53274e-05 accepted 1  lowest_f 5.53274e-05
found new global minimum on step 12 with function value 5.53274e-05
[ 3.16108901  2.79196933  2.31300534  2.51368729  5.78902194  3.29980807
  2.69437444  2.23136344  1.17099907 -1.57036396  2.17320862  1.04775235
  0.89699149  1.07875699  1.87205543  5.43012958  5.28028567  5.09531663
  4.73037959 -0.76882765] 5.5327441805048e-05 True
basinhopping step 13: f 8.14611e-05 trial_f 8.14611e-05 accepted 1  lowest_f 5.53274e-05
[ 3.7428591   3.64384692  2.67898673  2.43511559  5.72037019  2.44743377
  1.54534063  2.73733421  2.69992738 -1.06535464  1.27394773  1.36667835
  2.23220635  2.07578262  1.65804022  5.39226083  4.67759793  4.49174719
  4.57500376 -0.60045558] 8.146111803588797e-05 True
basinhopping step 14: f 8.57889e-05 trial_f 8.57889e-05 accepted 1  lowest_f 5.53274e-05
[ 3.74882758  3.60424629  2.65134836  2.37379783  5.93690082  2.02168492
  2.49393669  2.73027248  2.0851138   1.21546408  1.39530925  2.39394652
  1.76849117  2.07407551  1.80534756  5.3541373   4.12187149  4.66186459
  4.53999937 -0.59231144] 8.578887165100952e-05 True
basinhopping step 15: f 5.52517e-05 trial_f 5.52517e-05 accepted 1  lowest_f 5.52517e-05
found new global minimum on step 15 with function value 5.52517e-05
[ 3.16175709  3.58888296  3.31712906  2.26125038  5.7294423   2.14149024
  1.80954241  1.84018412  1.6050477  -0.58912571  0.09374084  2.58591237
  2.09421965  1.95368481  1.27039534  5.11853818  4.52452141  4.3033855
  5.08106382 -0.6752907 ] 5.5251721566585525e-05 True
basinhopping step 16: f 0.000141484 trial_f 0.000141484 accepted 1  lowest_f 5.52517e-05
[ 2.70538305  3.60181961  3.43633822  2.74117092  5.66360415  1.55039248
  1.88977339  2.30029335  1.75170741 -0.332057   -0.97524594  2.47996542
  1.38899029  1.70188533  0.89983151  4.91496761  4.15207115  5.32611467
  5.65599714 -0.1104674 ] 0.0001414838292394311 True
basinhopping step 17: f 0.000142662 trial_f 0.000142662 accepted 1  lowest_f 5.52517e-05
[ 3.67601112  2.95504015  2.80576678  2.6079164   5.54968586  1.27486851
  1.60539267  2.45474625  1.59068642 -0.48860107 -0.69044438  2.81148738
  1.63982354  1.49945584  1.33815213  5.44310301  4.47127609  5.03524831
  4.43943952 -0.57370327] 0.0001426615533124089 True
basinhopping step 18: f 0.000272101 trial_f 0.000272101 accepted 1  lowest_f 5.52517e-05
[ 3.4109845   3.05153296  2.76248074  1.95695     5.39732088  1.55358154
  1.22350114  2.58485601  2.41037537  0.12396117 -1.03494277  2.263282
  1.24869392  2.22447734  1.13030299  5.00424627  4.04895999  5.32064538
  4.68630152 -0.37191498] 0.0002721008665126066 True
basinhopping step 19: f 0.00014497 trial_f 0.00014497 accepted 1  lowest_f 5.52517e-05
[ 3.54265103  2.91948015  3.13556651  2.34738781  5.06165663  2.31561748
  1.31974981  1.92615735  2.12437087  0.24501403 -0.28156338  2.1340533
  2.01057593  2.12095635  0.7515262   4.72817112  4.57411211  5.06906778
  4.5683706  -0.4843899 ] 0.00014496988710541192 True
basinhopping step 20: f 8.26365e-05 trial_f 8.26365e-05 accepted 1  lowest_f 5.52517e-05
[ 3.55124262  3.01338682  2.98714175  2.68517158  4.82915998  2.20116022
  1.8836165   1.54054368  2.0614059  -0.03857239 -0.15345769  2.10450437
  2.04609276  2.49060311  1.19864943  4.66983023  4.53421783  5.04359195
  4.53163565 -0.76911773] 8.263654410089604e-05 True
basinhopping step 21: f 6.48262e-05 trial_f 6.48262e-05 accepted 1  lowest_f 5.52517e-05
[ 4.44480269  2.20268299  2.00318775  2.26268403  5.44115318  1.57955877
  1.80667388  2.38097173  3.44922047 -0.19833195  0.11617032  3.95331734
  3.63711984  2.9398317   2.29474959  6.0096765   5.72959099  5.83920872
  6.54741518  2.22820333] 6.482619794755946e-05 True
basinhopping step 22: f 8.15181e-05 trial_f 8.15181e-05 accepted 1  lowest_f 5.52517e-05
[ 5.12384597  2.48208665  1.86053704  1.48906672  7.48928278  1.3129934
  2.68122884  5.42234357  5.81380157 -0.5042047   0.29215247  3.12189436
  2.99488305  3.83473505  3.5198628   5.75286419  5.39750716  4.94163231
  5.94994107  2.26205338] 8.151807400895723e-05 True
basinhopping step 23: f 7.23253e-05 trial_f 7.23253e-05 accepted 1  lowest_f 5.52517e-05
[5.38457856 1.9713018  1.99161765 1.49472436 6.92059838 1.55624863
 2.23544128 5.80021172 5.37395125 0.05899982 0.22090232 2.57925489
 3.37675942 3.57679746 3.47115424 5.78253895 5.26936746 4.9739865
 5.99167168 2.39823177] 7.232531360988021e-05 True
basinhopping step 24: f 0.00014361 trial_f 0.00014361 accepted 1  lowest_f 5.52517e-05
[4.86604982 1.79621303 2.41977846 2.67476797 7.8334404  1.8457577
 1.89215381 6.1326133  5.57289884 0.49427244 0.36851692 0.32126452
 3.69115962 2.49294543 2.43918561 5.67981728 6.70588706 5.61373292
 6.10728019 1.93765483] 0.00014360960520334108 True
basinhopping step 25: f 0.000144635 trial_f 0.000144635 accepted 1  lowest_f 5.52517e-05
[ 3.99195952  1.45131426  2.0463531   2.11913645  6.45273406  2.09661586
  2.18766615  5.49392207  5.65625147  1.41996198 -0.34420261  0.46195527
  3.33288395  2.52266253  2.80848213  5.69014443  6.28898669  6.19455531
  6.66485531  2.4942857 ] 0.00014463540549182865 True
basinhopping step 26: f 0.000142496 trial_f 0.000142496 accepted 1  lowest_f 5.52517e-05
[4.00422829 1.38746395 2.15095456 1.91751911 6.09980121 2.07374958
 2.25232813 5.47541323 5.17703405 0.26638786 0.22594685 0.25119171
 2.06496568 2.84741753 2.70314265 5.81297115 6.36048147 6.2891873
 6.50196649 2.10860286] 0.0001424962900808411 True
basinhopping step 27: f 0.00026227 trial_f 0.00026227 accepted 1  lowest_f 5.52517e-05
[ 4.45240921  0.67255877  1.87820562  1.86532412  6.22460477  2.23268858
  2.26179266  5.37495353  5.23294578  0.37202637 -0.28399746  0.10914431
  2.12925937  3.21477215  2.44279893  5.88442682  6.61860547  6.59448106
  5.68723522  1.7040335 ] 0.00026226967231808 True
basinhopping step 28: f 0.00013778 trial_f 0.00013778 accepted 1  lowest_f 5.52517e-05
[ 2.58409495 -1.16014884  1.24746374  1.55689412  5.5544384   1.71118849
  2.16513649  5.74022601  6.38219979 -0.13794532  0.88935876  0.40668456
  1.09644859  3.18443402  2.13593663  5.87401509  5.76028943  5.69513469
  6.23984975  2.23403384] 0.00013777995986732954 True
basinhopping step 29: f 8.14349e-05 trial_f 8.14349e-05 accepted 1  lowest_f 5.52517e-05
[ 1.41956318 -1.00816672  2.18501981  2.07397554  5.65568642  1.49208844
  1.62751777  5.58951704  6.26929397 -0.05424975  0.55649378  0.34857656
  1.28359208  3.20455242  2.53032317  5.87430608  5.65889374  5.98455844
  5.88238472  3.01643784] 8.143490159676938e-05 True
basinhopping step 30: f 8.12041e-05 trial_f 8.12041e-05 accepted 1  lowest_f 5.52517e-05
[ 1.42958836 -1.0102227   2.19358699  2.06124897  5.66519561  1.50976137
  1.60309705  5.57484079  6.25399473 -0.05210222  0.54961191  0.31124304
  1.28608958  3.25250993  2.52584539  5.87068347  5.66611446  5.97870106
  5.89034427  3.00778349] 8.120410696759158e-05 True
basinhopping step 31: f 8.1442e-05 trial_f 8.1442e-05 accepted 1  lowest_f 5.52517e-05
[ 1.89924995 -0.86754353  1.38626282  1.76438733  5.51526737  2.55092426
  1.78284668  5.47615486  5.89001349  0.76318894  0.34408357  0.9911469
  0.19670991  2.72711482  2.80729363  6.5516753   5.98852793  5.35533314
  5.59438207  2.98746637] 8.144202408686279e-05 True
basinhopping step 32: f 8.27672e-05 trial_f 8.27672e-05 accepted 1  lowest_f 5.52517e-05
[-1.4630128  -0.92000219 -1.16834043 -1.36352624  1.9704335   2.8760888
 -0.97353295  2.23065232  3.21462971  0.66443713  1.40022066  0.34488289
  0.02124483  2.9522967   3.70036128  5.82764302  5.82207246  5.49087597
  6.26529134  5.33027028] 8.276716287447586e-05 True
basinhopping step 33: f 0.000142513 trial_f 0.000142513 accepted 1  lowest_f 5.52517e-05
[-1.26028135 -1.17382523 -1.29827691 -0.87708539  1.88120399  2.57664393
 -0.22894964  1.81965305  3.03968453  0.84142876  1.34079295  0.19857685
  0.43202046  2.94618803  3.20837045  5.53737177  6.35352811  5.38321007
  6.00777643  5.04038803] 0.00014251288420267 True
basinhopping step 34: f 6.8402e-05 trial_f 6.8402e-05 accepted 1  lowest_f 5.52517e-05
[ 0.75941987 -0.13161822 -0.20799893 -0.3496943   2.53341584  1.82501898
 -1.36628005  1.15279724  2.27381792 -0.44934485  2.12906179  2.71301162
  2.39043649  1.48409565  1.02379924  4.95836741  5.03691849  4.47643085
  4.99060998  4.99343281] 6.84019601545631e-05 True
basinhopping step 35: f 8.15509e-05 trial_f 8.15509e-05 accepted 1  lowest_f 5.52517e-05
[ 0.3142712   0.41486488 -0.6194304  -0.54668533  2.9285627   1.97019932
 -1.04559023  0.98089844  1.74670525 -0.84883814  2.43372212  2.67472592
  2.32007517  1.38355572  1.36018932  4.8899269   5.32245148  4.23343965
  4.77983147  5.20648334] 8.155094257467191e-05 True
basinhopping step 36: f 0.000141383 trial_f 0.000141383 accepted 1  lowest_f 5.52517e-05
[ 0.87746169  0.27721482 -0.5373578  -0.86701596  3.45581437  2.55664331
 -0.31933899  1.67905013  2.21278616 -1.17608936  2.37890041  1.61327636
  2.3442681   1.24244952  1.54389579  5.4655666   4.94666383  4.41748159
  4.91738043  4.78790597] 0.00014138293405219107 True
basinhopping step 37: f 8.20343e-05 trial_f 8.20343e-05 accepted 1  lowest_f 5.52517e-05
[ 0.73019081  0.26731722 -0.44987363 -0.60170532  2.16859457  2.74537926
 -0.91540298  2.55940131  2.68895323  1.29028894  1.33023184  1.43431523
  2.30808044  1.67203085  2.34212685  4.89428074  4.85341937  4.53899183
  4.52799748  5.67794679] 8.203428971283884e-05 True
basinhopping step 38: f 5.57595e-05 trial_f 5.57595e-05 accepted 1  lowest_f 5.52517e-05
[ 1.87393168  1.93558999 -1.26722159 -0.97829282  1.94586877  2.4753946
 -0.85796715  3.06929958  3.09488748  1.14602396  2.02609238  0.82377656
  3.84343973  3.30790423  3.22158683  6.1379443   5.94373275  5.9009435
  5.48943818  5.86138316] 5.575951042980692e-05 True
basinhopping step 39: f 0.000117608 trial_f 0.000117608 accepted 1  lowest_f 5.52517e-05
[ 1.53462037  2.41858867 -1.25165795 -1.25451603  1.96957926  2.57116587
 -1.04830355  2.70015872  3.24379002  1.40223182  0.71391624  0.70736286
  2.70291233  3.25094134  3.74421017  5.8213321   5.86439582  5.93553297
  5.46550592  6.00965931] 0.00011760799457523428 True
basinhopping step 40: f 5.85053e-05 trial_f 5.85053e-05 accepted 1  lowest_f 5.52517e-05
[ 0.22884585  2.79087924 -1.07222196 -0.37754006  2.61722745  2.84210144
 -0.57635477  2.04999754  5.32478687  1.02833959  0.44889473  1.35870581
  1.20478353  4.68082596  5.08083278  5.10933794  5.82569641  4.89948604
  4.91265264  5.00041329] 5.850534048553738e-05 True
basinhopping step 41: f 5.52793e-05 trial_f 5.52793e-05 accepted 1  lowest_f 5.52517e-05
[ 0.22467695  2.81509977 -1.06333852 -0.41225511  2.64779112  2.8150644
 -0.52648897  2.00884366  5.34822677  1.13198922  0.39918695  1.23586843
  1.33169995  4.5125758   5.23284964  4.9184631   5.64537172  5.16289968
  4.7147384   5.11486738] 5.5279325207253166e-05 True
basinhopping step 42: f 8.11892e-05 trial_f 8.11892e-05 accepted 1  lowest_f 5.52517e-05
[ 0.3163853   2.61526333 -0.58933244 -1.02415202  3.19393423  2.629873
 -0.44822706  2.31223076  5.05963159  1.29242639  0.10040037  0.99051057
  1.41125921  4.48103415  4.98154326  5.23498546  5.47545109  5.00825921
  4.50455178  5.56830798] 8.118915770469388e-05 True
basinhopping step 43: f 8.08847e-05 trial_f 8.08847e-05 accepted 1  lowest_f 5.52517e-05
[ 0.84484421  3.22515446 -0.00848127 -0.87606099  2.41028387  2.5196052
 -0.85232049  2.68519625  5.53796719  1.09372766  1.4420321   1.63371654
  2.34883207  4.6349379   5.46761289  5.12634505  4.43564068  4.97686118
  4.41721688  5.13398422] 8.088471762652298e-05 True
basinhopping step 44: f 0.000139643 trial_f 0.000139643 accepted 1  lowest_f 5.52517e-05
[ 0.84618837  3.18451649 -0.30104405 -0.42340758  1.78333529  2.41963975
 -0.38652029  2.2650036   5.31193981  0.88515061  1.68689875  1.63352955
  2.59918819  5.01331498  5.04634876  4.2640588   5.37427316  4.68320604
  4.29049304  5.40863534] 0.00013964305746263212 True
basinhopping step 45: f 5.56358e-05 trial_f 5.56358e-05 accepted 1  lowest_f 5.52517e-05
[ 0.30093596  3.28510535 -0.31199215 -0.61974728  1.97868345  2.03912629
 -1.61452497  2.07572518  4.88057806  2.84533471  3.83911681  2.76012892
  2.70109634  5.19433139  8.25873688  4.57302265  4.73998954  4.50229531
  5.00121485  5.13057601] 5.563580672137872e-05 True
basinhopping step 46: f 5.63061e-05 trial_f 5.63061e-05 accepted 1  lowest_f 5.52517e-05
[ 0.37120356  3.06237459  0.05629179 -0.79135397  2.28547993  1.90001158
 -1.4841921   2.03405132  4.77620944  2.76064542  3.63738703  2.67792441
  2.53413976  5.18926817  7.87979883  5.01392389  4.22469199  4.82765698
  4.80861312  5.21180659] 5.630613265333557e-05 True
basinhopping step 47: f 5.65056e-05 trial_f 5.65056e-05 accepted 1  lowest_f 5.52517e-05
[ 0.23090058  2.84062109  0.22317948 -0.10124625  2.42724199  1.37886314
 -1.33678633  2.33034833  5.00740465  2.23156317  2.50237961  1.90397404
  2.22857589  5.36483227  7.32958049  4.21998486  4.15643548  5.14919303
  4.98747738  5.21851121] 5.6505624374550355e-05 True
basinhopping step 48: f 0.000141933 trial_f 0.000141933 accepted 1  lowest_f 5.52517e-05
[-0.02952857  3.29311779  0.21290006 -0.72911868  1.92372597  1.77388433
 -1.91637345  2.66831049  5.73717867  2.14033928  1.70070784  2.5743203
  2.16053564  5.15853291  7.11892061  4.596758    4.12006992  5.15089559
  5.05467124  5.98005851] 0.0001419331545535684 True
basinhopping step 49: f 0.000268905 trial_f 0.000268905 accepted 1  lowest_f 5.52517e-05
[ 0.11464187  2.94403065  0.40564968 -0.64338707  1.89377857  1.20404018
 -0.60147299  2.04272876  5.37591895  2.28986091  1.49006463  2.82420779
  2.16267975  4.78307744  6.58392991  4.56813324  4.20584244  5.22369537
  4.76195377  5.78880417] 0.0002689052409443396 True
adaptive stepsize: acceptance rate 0.980000 target 0.500000 new stepsize 0.555556 old stepsize 0.5
basinhopping step 50: f 5.54204e-05 trial_f 5.54204e-05 accepted 1  lowest_f 5.52517e-05
[ 0.28485438  3.06166559  0.40098515 -0.59617027  2.0672445   2.32976882
 -1.04061812  1.36014678  4.91332339  2.50094985  2.89269201  2.85295179
  1.81149952  4.92228636  4.93129618  5.02372773  3.98396039  4.56240108
  5.06518917  5.18619762] 5.5420379999593296e-05 True
basinhopping step 51: f 7.38618e-05 trial_f 7.38618e-05 accepted 1  lowest_f 5.52517e-05
[ 0.53018662  2.8400981   0.12967132 -0.4120749   2.14275734  1.85395676
 -0.89150834  1.53230234  4.5002685   2.55030432  2.86673341  2.68417824
  2.14405759  4.81704472  4.45259901  5.39137007  4.57893608  4.25839042
  4.97741949  5.52282184] 7.386183754318389e-05 True
basinhopping step 52: f 7.19518e-05 trial_f 7.19518e-05 accepted 1  lowest_f 5.52517e-05
[ 0.41834581  2.90924626  0.16625621 -0.41416969  1.79296655  2.3272298
 -1.10391252  1.66704728  4.4576813   2.46970973  2.84464995  2.61610826
  2.40067391  4.51309453  4.87671979  5.05685178  4.34596834  4.54829248
  5.03542615  5.82636217] 7.19518402143806e-05 True
basinhopping step 53: f 0.000135104 trial_f 0.000135104 accepted 1  lowest_f 5.52517e-05
[ 0.40463015  2.9015225   0.0888165  -0.78942156  2.38820946  1.19625311
 -0.85890152  1.84508728  4.69597577  2.30487322  3.3621794   2.66009097
  2.13434718  5.35260568  4.43148858  4.64638487  5.26695431  4.15499864
  4.84065411  5.28418213] 0.00013510398504727313 True
basinhopping step 54: f 0.000266377 trial_f 0.000266377 accepted 1  lowest_f 5.52517e-05
[ 0.31274405  2.82103016  0.63702527 -0.6709846   2.62552048  1.54509585
 -0.52734493  1.60527765  5.10115903  1.61803766  2.91255663  3.02515126
  2.16117088  5.13423004  4.64128708  4.38752123  5.55753852  4.48613528
  4.78625128  5.84301569] 0.0002663765353887966 True
basinhopping step 55: f 0.000521355 trial_f 0.000521355 accepted 1  lowest_f 5.52517e-05
[ 0.20528285  2.96362068  0.16511879 -1.2895984   2.39698654  1.52362078
 -0.32740648  1.73049003  4.86896865  1.24698439  2.77447381  2.84213552
  2.61268548  4.90982282  4.9134098   4.32903552  5.39986106  4.2755089
  5.12007465  6.09204325] 0.0005213548986466577 True
basinhopping step 56: f 8.14811e-05 trial_f 8.14811e-05 accepted 1  lowest_f 5.52517e-05
[ 0.43496337  3.24525412 -0.59186302 -0.57198017  3.11501103  2.0020919
 -1.52055649  1.7350779   5.01064061 -0.20943945  2.22680405  2.77609376
  2.15761329  4.65085711  4.10414928  5.08710426  4.97732184  4.50197824
  5.06130847  4.91195953] 8.148113074436201e-05 True
basinhopping step 57: f 8.09354e-05 trial_f 8.09354e-05 accepted 1  lowest_f 5.52517e-05
[ 0.35816015  2.66623795  0.2354849  -0.21554131  3.10875865  1.81164076
 -1.4285786   1.87993714  5.29996913 -0.58539318  1.78033821  2.2901637
  2.42615361  4.94287258  4.39574846  3.84929194  4.71857919  2.11392906
  4.64381176  5.5671859 ] 8.093544997520075e-05 True
basinhopping step 58: f 8.13179e-05 trial_f 8.13179e-05 accepted 1  lowest_f 5.52517e-05
[ 0.30907424  2.7501542   0.18914272 -0.13092457  2.72121703  1.38550444
 -1.23239685  1.78905862  5.30347396 -0.57843716  1.81140256  2.26432785
  2.43201726  4.96093563  4.41735024  3.84573483  4.67773519  2.13312814
  4.65345928  5.53345582] 8.131790922844872e-05 True
basinhopping step 59: f 8.12078e-05 trial_f 8.12078e-05 accepted 1  lowest_f 5.52517e-05
[ 0.85352051  3.21115755  0.04423692 -0.88047127  2.46966125  2.31825316
 -0.38887839  1.97615527  5.95982242 -1.17157739  0.95392411  1.4354922
  2.12130404  4.94937598  5.3421898   5.0293101   4.44646225  1.87921895
  4.31543559  5.21327215] 8.120781045501715e-05 True
basinhopping step 60: f 0.000144308 trial_f 0.000144308 accepted 1  lowest_f 5.52517e-05
[-0.16527927  2.52111938 -0.38102548 -0.02697343  2.26315399  2.22111766
 -0.11179991  1.89424573  4.87647087 -2.59318528  0.64623562  1.49262871
  1.69761746  4.45986142  4.97320275  6.16122607  4.95860341  2.12682192
  5.07927835  6.09661153] 0.0001443084932817495 True
basinhopping step 61: f 8.37758e-05 trial_f 8.37758e-05 accepted 1  lowest_f 5.52517e-05
[-0.53230711  3.07957214 -0.2282265  -0.44186913  2.21742311  1.39279848
 -0.62466096  2.98439344  5.70094339 -1.41356237  1.03361489  0.97141315
  0.92004757  5.07999601  4.73949161  5.01083859  5.60521345  2.14592344
  4.57655424  5.24184326] 8.377580769036762e-05 True
basinhopping step 62: f 8.12945e-05 trial_f 8.12945e-05 accepted 1  lowest_f 5.52517e-05
[ 0.02318666  2.36140214 -0.36544454 -0.37302217  3.09550557  1.98985192
 -0.54220384  2.27042969  5.00367128 -2.00289924 -0.01831138  0.75092651
  1.31725851  4.61056057  4.87636721  4.72073904  5.41353348  2.36178647
  4.66443986  5.53137119] 8.129452395840943e-05 True
basinhopping step 63: f 0.000138326 trial_f 0.000138326 accepted 1  lowest_f 5.52517e-05
[ 0.86116476  3.17619138 -0.22734505 -0.68363172  2.61576447  1.28933773
 -0.9530266   2.87039756  5.60713603 -1.23153132 -1.77820437  1.68860822
  2.54553055  5.03033157  4.9456852   4.44164962  5.56509852  1.4460914
  4.31230711  5.40525499] 0.00013832605321168612 True
basinhopping step 64: f 0.000152635 trial_f 0.000152635 accepted 1  lowest_f 5.52517e-05
[ 0.30099404  3.80404705 -0.24164984 -1.04827773  2.51116697 -0.76959821
 -0.82220791  3.29900133  5.076622   -3.07198086 -1.38905823  1.68446413
  1.62730311  5.24333923  5.12193334  5.28713565  4.36572222  1.01041474
  5.18728178  4.97820858] 0.00015263452739112046 True
basinhopping step 65: f 7.68677e-05 trial_f 7.68677e-05 accepted 1  lowest_f 5.52517e-05
[-0.08131957  2.40949923 -0.39648294 -0.00862019  2.64791963 -1.2028467
 -0.55931367  2.42180394  2.0372497  -2.33386706 -2.48454093  1.54576817
  0.87469293  4.52636054  5.12661139  5.27516771  4.51820853  1.92058239
  5.5811024   5.85490043] 7.686770858762599e-05 True
basinhopping step 66: f 0.000142517 trial_f 0.000142517 accepted 1  lowest_f 5.52517e-05
[-0.43301929  2.74209347  0.28457828 -0.60699778  2.25576084 -0.61010077
  0.25958997  2.07589724  2.33549475 -1.88829541 -2.22483507  0.77131904
  1.79091951  4.81304948  5.63831304  4.44346139  4.60630207  2.37003017
  5.22499216  5.86671098] 0.00014251709966427953 True
basinhopping step 67: f 7.45167e-05 trial_f 7.45167e-05 accepted 1  lowest_f 5.52517e-05
[ 0.55715646  2.80557576  0.14388024 -0.33148373  2.17198359 -1.36018989
 -0.76651087  1.68381761  1.30789973 -0.7759901  -0.23207698 -0.41630947
  2.16841304  4.67613764  4.77961344  5.41128487  4.28432373  1.29875462
  4.89631434  5.54098163] 7.451672993104718e-05 True
basinhopping step 68: f 5.52488e-05 trial_f 5.52488e-05 accepted 1  lowest_f 5.52488e-05
found new global minimum on step 68 with function value 5.52488e-05
[ 0.46691878  3.00107881 -0.08356344 -0.43530233  1.98449288 -1.3179496
 -0.78909591  1.47404261  1.66851843 -0.56509115 -0.06751926 -0.19658999
  1.78454914  5.2845094   5.06509859  7.71346534  4.35819448  1.91028647
  4.74906285  5.15076228] 5.524884313018602e-05 True
basinhopping step 69: f 5.58456e-05 trial_f 5.58456e-05 accepted 1  lowest_f 5.52488e-05
[ 0.0410552   2.78100496 -0.81899551 -0.62950135  2.65780552  0.16438418
 -0.48372823  2.23333301  1.15833479  1.55611389  2.17440641  1.05779363
  0.88431879  4.21796724  5.02836555  5.42701649  5.29374557  1.93341635
  4.74580152  5.56363389] 5.584563164535048e-05 True
basinhopping step 70: f 0.000140454 trial_f 0.000140454 accepted 1  lowest_f 5.52488e-05
[ 0.12636468  2.49046996 -0.47673199 -0.70953409  2.22867826  0.43386567
 -0.21810104  2.71536134  1.640618    1.588699    1.45011393  0.58257631
  1.33521135  4.75136741  5.93857039  5.02834444  5.20482752  2.13140512
  4.48765039  5.58465885] 0.00014045408869733402 True
basinhopping step 71: f 8.14689e-05 trial_f 8.14689e-05 accepted 1  lowest_f 5.52488e-05
[-0.23339256  2.58947256 -0.18134181 -0.39861146  2.02646759 -0.07408024
 -0.77415471  2.09517312  1.7630065   0.86209201 -0.23830786  0.70320804
  1.31923475  4.33291885  4.92926016  4.87969472  4.9075985   2.50250639
  4.91779132  5.61250453] 8.146893807550619e-05 True
basinhopping step 72: f 0.000144011 trial_f 0.000144011 accepted 1  lowest_f 5.52488e-05
[ 0.60220127  3.2222543  -0.03447355 -1.17839167  2.12662383 -0.37041713
 -0.57010397  2.06639634  2.12048474  1.19022753 -0.86013597  1.35260954
  2.20424535  5.01840059  6.27024638  5.25185047  4.35380177  1.57419426
  4.47125255  5.33701279] 0.00014401084380697243 True
basinhopping step 73: f 8.12665e-05 trial_f 8.12665e-05 accepted 1  lowest_f 5.52488e-05
[ 0.38006626  3.86255527 -0.21677636 -0.66249994  1.96679507 -0.63937408
 -0.02869753  2.23644286  2.17163093  1.63827129 -0.69917915  1.45570914
  1.47952709  5.42136079  5.47665508  4.79975418  4.62821917  0.79145002
  5.01190576  5.14234386] 8.126645338558258e-05 True
basinhopping step 74: f 8.22268e-05 trial_f 8.22268e-05 accepted 1  lowest_f 5.52488e-05
[ 0.19353248  4.01446074  0.16925808 -0.7287861   2.43439824 -1.21301329
 -0.30087783  2.53086212  2.34452354  1.53987668 -1.07881086  1.314097
  2.04315191  5.51860646  4.98041406  4.80451082  4.14355912  1.22291483
  5.56998281  5.08083083] 8.222676077002625e-05 True
basinhopping step 75: f 5.5275e-05 trial_f 5.5275e-05 accepted 1  lowest_f 5.52488e-05
[-0.48043592  5.08578166 -1.14511995 -2.04725959  1.3737236  -0.92611122
 -0.93629599  1.88432522  2.58525955  3.14519501  0.22303533  0.58813832
  2.96036476  6.03954055  6.22355948  3.46448831  2.25234472 -1.11890395
  5.09077874  5.09416318] 5.527504836650751e-05 True
basinhopping step 76: f 8.43188e-05 trial_f 8.43188e-05 accepted 1  lowest_f 5.52488e-05
[-0.80195963  4.67391178 -1.46109885 -1.07267323  2.34464218 -1.28162666
 -0.58450425  2.42811318  3.07270406  4.32300855  0.64155011  0.55162702
  3.04753303  6.24073733  5.68280585  3.37511388  2.63110422 -0.48419627
  4.64525793  5.50622676] 8.431882676511453e-05 True
basinhopping step 77: f 5.52649e-05 trial_f 5.52649e-05 accepted 1  lowest_f 5.52488e-05
[-1.4465037   5.26150434 -0.96817625 -1.54886528  2.03433265 -0.74969691
 -0.42960447  1.86894511  2.69529018  3.66520071  0.75677063  1.18846837
  3.24450213  6.06128301  6.42820381  3.16494186  2.57719256 -0.77581176
  2.97824531  5.51282841] 5.526494704395539e-05 True
basinhopping step 78: f 8.14897e-05 trial_f 8.14897e-05 accepted 1  lowest_f 5.52488e-05
[-1.88283306  4.67621518 -1.3430776  -0.72106388  2.49338508 -0.05396378
 -0.30343216  2.49781493  3.6144063   5.57832021  1.4659191   1.60798669
  2.54172577  5.52757484  6.24798591  3.00269943  3.42516467 -0.16785506
  3.1863537   5.37008646] 8.148968213279286e-05 True
basinhopping step 79: f 0.000142773 trial_f 0.000142773 accepted 1  lowest_f 5.52488e-05
[-1.6885011   4.38381684 -1.25473643 -0.49864563  2.12158634 -0.33916127
  0.28632389  2.41137315  3.21764706  5.16910163  1.90098197  1.5461788
  2.93696702  5.81659088  6.33117317  2.65204505  3.5367132   0.06512788
  2.90924165  5.11288899] 0.00014277289054432152 True
basinhopping step 80: f 5.52655e-05 trial_f 5.52655e-05 accepted 1  lowest_f 5.52488e-05
[-0.38969991  3.01680419 -0.63313835 -0.24073833 -0.58915386 -0.72087102
 -0.73862242  1.67480017  4.91652447  3.7080401  -0.23589107  0.83636565
  1.04016163  4.48711061  4.93539165  1.37234969  2.16250955 -1.25877811
  2.11904397  5.52588992] 5.526545730495799e-05 True
basinhopping step 81: f 5.52754e-05 trial_f 5.52754e-05 accepted 1  lowest_f 5.52488e-05
[-0.21284706  2.57951007 -0.21845961 -0.36106619 -0.87428357 -0.27624888
 -0.90871741  1.89610046  5.02048814  3.8227394   0.02318226  0.90810644
  1.40634256  4.07956882  5.00708785  1.71577863  1.73622865 -1.01961269
  2.2674904   5.12500369] 5.527540912314477e-05 True
basinhopping step 82: f 8.15003e-05 trial_f 8.15003e-05 accepted 1  lowest_f 5.52488e-05
[ 0.01629783  2.3912112  -0.40871051 -0.19622869 -0.48123566 -1.12544455
 -0.13395641  2.0941654   5.09376513  4.42612285  0.09277549  0.66359982
  1.33581783  4.58586061  4.88579337  1.5793667   2.24594023 -0.73201046
  1.54027325  5.4921108 ] 8.150033130561649e-05 True
basinhopping step 83: f 8.19719e-05 trial_f 8.19719e-05 accepted 1  lowest_f 5.52488e-05
[ 0.60258927  2.6577675  -0.45955666 -0.65274183 -0.54822981 -0.69382999
  0.40349449  2.52036104  5.36329804  4.98170449  0.85278969  1.01205088
  1.35637585  4.68815835  5.41256207  2.00503133  1.93745554 -0.81774853
  1.29305704  5.03657515] 8.197193030288108e-05 True
basinhopping step 84: f 5.53032e-05 trial_f 5.53032e-05 accepted 1  lowest_f 5.52488e-05
[-0.13613491  2.39428732 -0.11731946 -0.42532922 -0.54084819 -0.64862037
 -0.72218777  1.75904426  4.97813183  3.81130531 -0.15251575  0.84184775
  1.15909052  4.46421213  4.90408326  1.69334316  1.87429529 -0.88109601
  2.16964623  4.91186804] 5.530324118254318e-05 True
basinhopping step 85: f 5.65253e-05 trial_f 5.65253e-05 accepted 1  lowest_f 5.52488e-05
[-0.21037895  2.57861227 -0.19094538 -0.37118423 -0.90042686 -0.25568455
 -0.92381239  1.95418824  4.9413708   3.7767751  -0.06531287  0.94734231
  1.25973143  4.26526662  5.07059117  1.64974361  1.76120961 -0.75700327
  1.87452003  5.57819067] 5.652534397779987e-05 True
basinhopping step 86: f 8.11191e-05 trial_f 8.11191e-05 accepted 1  lowest_f 5.52488e-05
[-0.10659826  2.49311199 -0.40278156 -0.22913364 -0.32345888 -1.29783595
 -0.66361687  2.501028    4.7462694   3.94773691  0.53213453  1.07592233
  2.31455717  4.51467076  4.70373859  1.56317935  2.1160787  -0.76886726
  1.65643059  5.56554237] 8.111906128441889e-05 True
basinhopping step 87: f 0.000194502 trial_f 0.000194502 accepted 1  lowest_f 5.52488e-05
[-0.28334631  2.60344131 -0.20850996  0.24778159 -1.02169909 -0.99490051
 -0.37015923  2.30062167  4.95743262  3.60104224  1.19315493  0.76793515
  1.50574345  5.34794502  4.63189633  1.02471159  2.25829759 -1.01070873
  2.30436956  4.92372192] 0.00019450197272179916 True
basinhopping step 88: f 8.15432e-05 trial_f 8.15432e-05 accepted 1  lowest_f 5.52488e-05
[-0.11207745  2.49088636 -0.38621681 -0.25623213 -0.24111816 -1.32757161
 -0.69471085  2.40313731  5.02686236  3.80551778  1.03414007  0.37229058
  1.42177563  5.05296214  4.45072792  1.67240133  2.0957666  -0.76522473
  1.63080849  5.57931761] 8.154323765261963e-05 True
basinhopping step 89: f 0.000116826 trial_f 0.000116826 accepted 1  lowest_f 5.52488e-05
[ 0.05692334  2.28505363 -0.32851613 -0.33846248 -0.31888017 -1.12515026
 -0.34710573  2.01215604  5.28511494  4.00349572  0.59219398  0.81801106
  1.95213728  4.64204896  4.1250498   2.02585912  1.88646851 -1.0284676
  1.95319122  5.90985136] 0.00011682624219026774 True
basinhopping step 90: f 0.00014498 trial_f 0.00014498 accepted 1  lowest_f 5.52488e-05
[ 0.57936919  0.08115023 -0.0525379  -1.20570636 -1.00808646 -0.39457678
 -0.50847332  1.7269699   6.00738084  4.90510242  1.94360152  1.28061805
  2.26916477  4.74528713  2.63985467  2.12771827  1.08680541 -1.51407149
  1.31360324  5.31454806] 0.00014497993374823379 True
basinhopping step 91: f 5.52359e-05 trial_f 5.52359e-05 accepted 1  lowest_f 5.52359e-05
found new global minimum on step 91 with function value 5.52359e-05
[ 0.56469353  0.3891007  -0.31488268 -0.5119838  -1.54749382 -0.95617736
 -0.1938705   2.56689608  5.42977186  5.14681061  1.6308749   1.84646631
  1.62790888  5.45526108  2.7069344   1.62125125  1.37196874 -1.68319731
  1.41181328  5.52963917] 5.5235853892757455e-05 True
basinhopping step 92: f 8.16463e-05 trial_f 8.16463e-05 accepted 1  lowest_f 5.52359e-05
[ 1.09237819  0.27742358 -0.24178738 -0.50935665 -0.22645142 -0.88372262
 -0.78730788  1.67290424  4.5573087   5.83805358  2.409801    2.18183472
  1.35327228  5.075881    1.46409958  2.12804458  1.63641503 -1.39760101
  1.01798659  5.21834664] 8.164630717082115e-05 True
basinhopping step 93: f 5.56255e-05 trial_f 5.56255e-05 accepted 1  lowest_f 5.52359e-05
[ 0.59176682 -0.05912845 -0.32375231 -0.50613952 -0.41417353 -1.33882881
 -1.60561523  1.45215204  5.67683233  5.54946566  1.9230936   2.88136215
  2.55626996  4.94602983  1.20266876  1.50009973  1.90275029  1.5608479
  1.77204821  4.92742356] 5.56254829945488e-05 True
basinhopping step 94: f 0.000143208 trial_f 0.000143208 accepted 1  lowest_f 5.52359e-05
[ 0.71652721  0.09344486 -0.33753789 -1.13718567 -0.26241452 -1.09677989
 -0.4531998   2.24904766  5.92453781  4.65056634  1.09797331  1.90813545
  1.9215861   5.26241418  1.93340371  1.15113521  2.14731775  1.17264887
  1.89265381  4.77610079] 0.00014320834049487844 True
basinhopping step 95: f 0.000266195 trial_f 0.000266195 accepted 1  lowest_f 5.52359e-05
[ 0.81952434 -0.10616612 -0.12451415 -0.95057067 -0.75102607 -1.04991687
  0.2818096   2.36900358  6.11730158  4.67489574  1.77587759  1.36908212
  2.32865063  4.94464427  2.67051733  1.42987574  1.65681776  1.62633163
  1.72960804  4.74188729] 0.0002661953846371807 True
basinhopping step 96: f 0.000266838 trial_f 0.000266838 accepted 1  lowest_f 5.52359e-05
[ 0.63359227  0.07749477 -0.69908363 -0.59822342 -0.97296641 -1.07478018
  0.3552202   2.69242602  5.30821549  4.1707593   2.050676    1.22994859
  2.32503883  4.97944031  2.44310147  1.23142629  1.98341004  1.28654878
  1.52283502  2.73060617] 0.00026683819382410784 True
basinhopping step 97: f 8.80164e-05 trial_f 8.80164e-05 accepted 1  lowest_f 5.52359e-05
[ 0.26664338 -0.49053283 -0.83913302 -0.40539095 -0.42003813 -0.36329945
 -0.90396883  1.97927434  5.20499458  3.75413602  0.75120452  1.07767841
  1.56287451  4.54206177  2.08529963 -0.98297408  2.23596254  1.53879749
  1.90487382  3.07381944] 8.801641913231504e-05 True
basinhopping step 98: f 7.12706e-05 trial_f 7.12706e-05 accepted 1  lowest_f 5.52359e-05
[ 0.60432476 -0.4955695  -0.41127811 -0.69653203 -0.68737275 -0.06923499
 -0.64541315  2.55265598  5.02453628  4.33815904  0.61048855  1.1829118
  2.09086181  4.39287873  1.54703321 -0.88108717  2.23264067  2.06149233
  1.37821852  2.16109553] 7.127055779419268e-05 True
basinhopping step 99: f 7.56789e-05 trial_f 7.56789e-05 accepted 1  lowest_f 5.52359e-05
[ 2.34102172  0.0347881  -0.15177903 -0.28218051 -1.00265451 -0.3293393
 -0.61880317  1.97444893  5.50205126  4.2936582   0.56734345 -2.24058113
  1.54503132  4.63083712  2.02197929 -1.37280312  1.47620348  2.42948179
  2.76611457  1.93388407] 7.567888872023955e-05 True
adaptive stepsize: acceptance rate 0.990000 target 0.500000 new stepsize 0.617284 old stepsize 0.555556
basinhopping step 100: f 8.25178e-05 trial_f 8.25178e-05 accepted 1  lowest_f 5.52359e-05
[ 0.26470406 -0.65961818 -0.37414552 -0.78545211 -0.56621783 -0.15008242
 -0.02879702  2.0548636   4.68106405  1.83084974 -2.17923559 -2.05648037
  0.81921573  5.19657196  2.05785421 -1.0156713   1.87490748  2.41084988
  1.30206609  2.07829079] 8.251782918154456e-05 True
5.5235853892757455e-05
basinhopping step 0: f 5.52498e-05
[ 1.25208866  1.13130828  5.23442838  5.36031873  1.78470918  2.50578211
  3.01792845  3.43710554  5.71973783  2.32746298  2.34515757  4.88185218
 -0.54701408  3.09252811  3.60737369  6.04788708  2.78132378  3.34332732
  6.3219642   2.26597594] 5.5249816282082644e-05 True
basinhopping step 1: f 8.36634e-05 trial_f 8.36634e-05 accepted 1  lowest_f 5.52498e-05
[ 1.11596627  1.47389428  5.33082539  5.21202297  1.64056145  2.81013144
  3.01830767  3.04347539  5.69219769  1.96779198  2.42507451  4.94459199
 -0.20990508  3.28958933  3.62652316  5.63027892  3.05576252  3.1187641
  6.36253682  2.14915132] 8.366336127309098e-05 True
basinhopping step 2: f 8.36634e-05 trial_f 0.000272746 accepted 0  lowest_f 5.52498e-05
[1.10975196 1.29710908 5.38825188 5.69813693 2.91004736 4.6158838
 1.95681252 2.39855831 6.33688198 1.89906596 3.01482217 5.30374758
 0.39289079 2.98437927 2.61138669 5.4833694  3.38848376 3.30706776
 6.30294238 1.99846243] 0.00027274634914310205 False
basinhopping step 3: f 5.60671e-05 trial_f 5.60671e-05 accepted 1  lowest_f 5.52498e-05
[ 1.6546059   1.71864613  5.63080314  5.50697976  1.77474973  2.09808461
  1.45544339  2.23766356  6.33959983 -0.03305221  3.08717495  6.97608024
  1.00738541  3.03571477  3.06480886  5.55651195  2.44473645  2.91237215
  6.20096887  2.26772948] 5.606711067155441e-05 True
basinhopping step 4: f 5.52668e-05 trial_f 5.52668e-05 accepted 1  lowest_f 5.52498e-05
[1.6318949  1.74960501 5.61264627 5.522889   1.73110053 2.13551919
 1.50647676 2.1830816  6.3361875  0.01538302 3.03022434 6.92542151
 0.95152719 3.10674531 2.90861565 5.57795756 2.32188734 3.19030086
 5.88518052 2.68343797] 5.5266812967998715e-05 True
basinhopping step 5: f 0.00026189 trial_f 0.00026189 accepted 1  lowest_f 5.52498e-05
[1.91047466 1.88315369 5.12577323 5.68848841 1.30151915 2.2436667
 2.69143023 2.20783004 6.55606257 1.11569194 3.73935953 5.69738254
 0.5943623  3.20083952 2.72180115 6.42226702 2.05531536 2.95486386
 5.34028851 2.97525085] 0.00026188981417236967 True
basinhopping step 6: f 0.000261089 trial_f 0.000261089 accepted 1  lowest_f 5.52498e-05
[1.92243479 1.8597496  5.20696185 5.48357092 1.03436888 2.16379451
 2.68007677 2.22061621 6.28363302 1.1865201  3.7175788  6.27027011
 0.9609569  2.88272935 2.82069351 6.3869852  2.08066684 2.98211436
 5.34129228 2.96510676] 0.00026108944581871576 True
basinhopping step 7: f 5.591e-05 trial_f 5.591e-05 accepted 1  lowest_f 5.52498e-05
[1.05942808 2.01002522 5.37267017 5.14039803 2.27904883 1.95957842
 2.04048998 1.87113059 6.21737967 3.28597953 3.21449256 7.31156011
 0.4396348  3.06979842 2.56970448 6.0383826  2.44279596 2.75787271
 6.14302678 2.98167861] 5.591000527363821e-05 True
basinhopping step 8: f 9.34317e-05 trial_f 9.34317e-05 accepted 1  lowest_f 5.52498e-05
[1.80250723 1.95949223 5.48017752 4.62909834 1.97432008 2.57822488
 2.30046698 2.31691035 6.75070364 2.68809171 4.04166777 7.35370859
 0.41125943 2.98454318 3.0882492  6.73670813 2.45841969 2.55883643
 5.81771114 2.59896723] 9.34316791969196e-05 True
basinhopping step 9: f 0.000140823 trial_f 0.000140823 accepted 1  lowest_f 5.52498e-05
[1.45245441 1.97818424 5.89981449 5.0490966  1.91020342 2.08910205
 2.37571188 1.95105668 6.47297337 3.36451499 4.09618714 6.24028202
 0.54184127 2.64434473 3.24567407 5.52307527 2.2427722  3.20808967
 5.82673968 2.9739071 ] 0.00014082252245084217 True
basinhopping step 10: f 8.26356e-05 trial_f 8.26356e-05 accepted 1  lowest_f 5.52498e-05
[1.65681889 1.7164159  5.74439883 5.30810996 2.03976259 1.66570493
 1.89500402 2.66719767 7.02096505 2.82972869 3.12294814 6.55082486
 1.03266961 3.38233091 2.77190826 5.75510973 2.13079813 3.13233665
 5.95817625 2.64565999] 8.26355934663244e-05 True
basinhopping step 11: f 5.57439e-05 trial_f 5.57439e-05 accepted 1  lowest_f 5.52498e-05
[2.36888088 2.00867123 4.85352183 4.52445209 1.63541156 1.90460262
 2.84686681 2.86815836 6.62138637 2.59869146 1.72884496 5.97576178
 3.07720632 3.70331599 3.41658778 6.4983275  2.54657537 5.41401906
 5.11399905 2.34922062] 5.574385375815159e-05 True
basinhopping step 12: f 8.17547e-05 trial_f 8.17547e-05 accepted 1  lowest_f 5.52498e-05
[1.79738932 1.92170305 5.58820019 4.71348029 1.8542029  2.49143388
 2.41493895 2.16472184 6.32591436 3.83539585 4.53693834 6.60008934
 3.28845628 2.84969214 3.62065337 6.01595147 2.30664498 6.07497101
 5.50676307 2.86203303] 8.175469690075227e-05 True
basinhopping step 13: f 0.00021777 trial_f 0.00021777 accepted 1  lowest_f 5.52498e-05
[1.30972291 2.22828873 5.51750476 4.7687883  2.44759044 1.51900588
 2.41251745 1.87046153 6.23831752 3.14206573 4.0516726  6.44854645
 4.10386447 2.98533592 5.22371682 6.01214394 3.02388984 5.90178934
 5.5908906  1.73079523] 0.0002177700193763424 True
basinhopping step 14: f 5.52531e-05 trial_f 5.52531e-05 accepted 1  lowest_f 5.52498e-05
[1.60236731 1.43320042 4.44594533 5.08776767 2.63778409 0.03710918
 2.60597454 2.57119746 4.99406384 2.6508655  6.60749403 5.58574064
 5.6034169  2.26177263 6.22280379 6.61312538 3.78640451 6.23615346
 5.88953345 2.27668097] 5.525310039218313e-05 True
basinhopping step 15: f 8.14671e-05 trial_f 8.14671e-05 accepted 1  lowest_f 5.52498e-05
[ 1.49850128  1.69522387  4.1885056   5.00454821  2.48568527 -0.07553905
  2.77403643  2.58123746  4.61120266  2.51230799  6.01262957  5.83129799
  5.12082323  2.71458622  6.3284696   6.73996711  3.84146225  5.8497814
  6.04047183  2.29345752] 8.146705355074295e-05 True
basinhopping step 16: f 8.13167e-05 trial_f 8.13167e-05 accepted 1  lowest_f 5.52498e-05
[ 1.03166556  1.85376206  4.6178972   5.18146229  2.54827269 -0.30769134
  2.78570505  2.99492929  3.23540498  1.83793581  4.96987956  4.86973412
  5.8578801   2.59153247  6.20118861  6.41897794  3.47278263  5.62691049
  6.33194979  2.73193644] 8.131673648683337e-05 True
basinhopping step 17: f 5.5265e-05 trial_f 5.5265e-05 accepted 1  lowest_f 5.52498e-05
[1.18507047 1.66315834 4.64004065 5.46758133 2.43483219 2.80554756
 3.02883476 2.72465705 3.0112532  1.91146499 4.14412526 5.16902518
 5.25334937 2.65738312 6.12573689 6.20966956 3.38001413 6.26671522
 5.87736997 2.92699164] 5.52649730941973e-05 True
basinhopping step 18: f 8.44326e-05 trial_f 8.44326e-05 accepted 1  lowest_f 5.52498e-05
[1.45417838 1.95100484 5.73655046 5.32652446 1.43689961 2.24891685
 2.057022   2.27848273 3.03066549 3.73117782 7.18431256 6.11384244
 3.50321184 2.68280678 6.51491758 5.54408914 5.36743555 6.1698169
 5.9782106  2.9237816 ] 8.443256265172458e-05 True
basinhopping step 19: f 5.5266e-05 trial_f 5.5266e-05 accepted 1  lowest_f 5.52498e-05
[1.77615906 1.96453928 5.43055371 4.87630226 1.54661942 2.62617098
 2.33673707 2.42251805 2.63557682 3.69266251 7.45115672 6.91148496
 6.39653438 2.82348884 6.66712852 6.25530026 5.39271547 5.92749466
 5.68818929 2.69816953] 5.526604915093895e-05 True
basinhopping step 20: f 0.000143982 trial_f 0.000143982 accepted 1  lowest_f 5.52498e-05
[1.57029476 2.41939483 4.93814006 5.23559909 1.58980989 2.67106891
 2.15443926 2.59807858 2.93800546 4.21338106 7.20996455 6.49602306
 6.27653042 3.20182641 5.80783506 5.91267409 4.79775272 6.01176244
 5.87606616 3.09382206] 0.00014398234230575188 True
basinhopping step 21: f 8.14921e-05 trial_f 8.14921e-05 accepted 1  lowest_f 5.52498e-05
[1.41568992 1.94349599 5.71346528 5.34824662 1.41065367 2.25932723
 2.05562165 2.32188742 2.71530886 3.85983112 6.60250262 7.18838082
 6.18638458 6.17594608 6.32716062 5.41071771 5.49165998 6.22443841
 5.90000498 2.97061844] 8.149214571273193e-05 True
basinhopping step 22: f 8.13059e-05 trial_f 8.13059e-05 accepted 1  lowest_f 5.52498e-05
[0.82976245 1.34469093 5.04766398 5.62332261 1.88184534 2.7851008
 2.06161528 2.22618026 2.38704073 2.99934442 7.40269958 6.51625067
 5.9567944  5.96334515 5.65636158 6.0559051  6.06189736 6.64326419
 6.05879553 2.97238922] 8.130587056087302e-05 True
basinhopping step 23: f 8.14166e-05 trial_f 8.14166e-05 accepted 1  lowest_f 5.52498e-05
[0.73063203 1.50504438 4.68248573 5.60956153 2.22810451 2.45879534
 1.8406098  2.74761596 2.01188839 2.6339366  6.88343372 6.51192122
 5.73614936 6.05476691 5.66710771 5.95550088 6.39545029 6.30633291
 6.0855587  3.06346935] 8.141660223023071e-05 True
basinhopping step 24: f 0.000141283 trial_f 0.000141283 accepted 1  lowest_f 5.52498e-05
[0.97865253 1.50408301 4.66947185 5.88382315 2.47394141 2.55227121
 1.31275535 2.216356   2.37328123 3.04192274 5.33617799 6.48809923
 6.05578427 6.01743787 5.26994222 5.92958907 6.79398265 6.14868026
 6.57844375 2.4116548 ] 0.00014128332822005782 True
basinhopping step 25: f 8.39405e-05 trial_f 8.39405e-05 accepted 1  lowest_f 5.52498e-05
[1.49372202 1.77711945 4.06174892 4.97934482 1.94625037 3.1476017
 2.67938642 3.05388701 2.33185636 2.08447974 6.09005483 5.94449343
 5.19585882 5.68211399 3.22932878 6.5395806  7.19023696 6.13835493
 5.92149484 2.42642487] 8.394051533362454e-05 True
basinhopping step 26: f 5.81644e-05 trial_f 5.81644e-05 accepted 1  lowest_f 5.52498e-05
[0.8225333  1.74988264 4.71357473 5.28595439 2.0576885  2.50277893
 3.27878543 3.31570702 2.33761346 2.44019359 5.48712041 4.94289181
 5.67198171 6.48180164 3.31945329 5.92572955 6.57667861 5.82721809
 6.24557096 2.90102941] 5.816437405664118e-05 True
basinhopping step 27: f 8.16379e-05 trial_f 8.16379e-05 accepted 1  lowest_f 5.52498e-05
[0.70059837 1.71902934 4.84693699 4.94819868 2.41143942 2.25145056
 3.20427392 3.09011665 2.61606552 2.08373135 5.17697847 5.11896801
 6.46259453 6.04825455 3.13641672 6.37376281 6.10045906 5.74001124
 6.72625746 2.73080642] 8.163787929000819e-05 True
basinhopping step 28: f 8.1137e-05 trial_f 8.1137e-05 accepted 1  lowest_f 5.52498e-05
[0.73970714 1.46627518 4.80912822 5.53508222 2.56041511 1.65305694
 2.61645824 2.18085838 2.24766085 2.76262243 7.05494295 6.43091216
 5.77439336 6.01770078 2.54574811 5.91664106 6.58589698 5.96979723
 6.63215633 2.68823346] 8.11369525377544e-05 True
basinhopping step 29: f 5.54924e-05 trial_f 5.54924e-05 accepted 1  lowest_f 5.52498e-05
[2.27190719 2.82071562 5.9983934  6.34209055 3.59490794 2.61547384
 2.55892823 1.83598145 1.3034735  1.95975015 5.69805936 4.88248402
 4.20078389 4.57145774 1.04027937 4.77823956 5.59787659 5.35009595
 5.97383063 2.44093331] 5.5492365004622376e-05 True
basinhopping step 30: f 8.1574e-05 trial_f 8.1574e-05 accepted 1  lowest_f 5.52498e-05
[2.67524111 3.07495624 5.84449588 5.53101591 3.10113593 2.3696373
 2.17669769 2.24519628 1.44727594 0.33448469 3.6488032  4.72713503
 4.15409279 4.75953414 1.3733141  5.5605651  4.88287064 4.96068034
 5.65674791 2.01336384] 8.157398659758393e-05 True
basinhopping step 31: f 0.000133869 trial_f 0.000133869 accepted 1  lowest_f 5.52498e-05
[2.82673866 2.74798982 6.02131553 5.55054345 2.96281334 2.11066241
 2.20675039 1.93152252 1.64382415 0.1186119  3.67823445 3.93154043
 4.33387912 4.77363937 1.62880978 5.19958701 4.70509968 5.84740301
 5.23902088 1.78384925] 0.0001338689851296929 True
basinhopping step 32: f 8.13275e-05 trial_f 8.13275e-05 accepted 1  lowest_f 5.52498e-05
[2.69478993 3.07252471 5.80588667 5.59670704 3.00320986 2.43472721
 1.75643491 2.73764193 1.84328376 1.20035154 3.26666658 3.82399616
 4.67866531 4.48652525 1.41877948 5.34351672 4.90020403 5.03625093
 5.72216054 1.9409299 ] 8.132749402604673e-05 True
basinhopping step 33: f 8.4982e-05 trial_f 8.4982e-05 accepted 1  lowest_f 5.52498e-05
[2.80423664 2.84710199 5.82216183 5.95800843 2.30807057 2.73839447
 1.90249752 1.95021997 1.50165657 0.08116243 3.6193274  4.08945603
 4.49297429 4.84340249 1.17781552 5.48109504 4.90394066 5.25001884
 5.18261856 2.84190758] 8.498199444474751e-05 True
basinhopping step 34: f 5.55324e-05 trial_f 5.55324e-05 accepted 1  lowest_f 5.52498e-05
[2.8321699  3.04140057 5.3735534  5.95595983 3.05108176 2.46582747
 1.99931054 2.53124864 2.06028211 1.07098006 3.62279316 3.97258962
 4.75827101 4.83568113 1.20615811 4.95776991 5.52582147 5.05872405
 5.07275366 2.7081125 ] 5.553244527777989e-05 True
basinhopping step 35: f 5.53597e-05 trial_f 5.53597e-05 accepted 1  lowest_f 5.52498e-05
[2.67313479 3.09791531 5.83951557 5.64456003 2.80271061 2.72359295
 1.78192942 2.31526508 1.97444767 0.86498014 3.48750716 3.89402749
 4.96007325 4.34908796 1.4337703  5.02267214 5.23189746 4.75684194
 5.46789134 2.41392303] 5.535967428122492e-05 True
basinhopping step 36: f 7.17101e-05 trial_f 7.17101e-05 accepted 1  lowest_f 5.52498e-05
[3.16696308 2.35708024 5.93360035 6.06754516 2.48964759 2.67359713
 2.04865436 2.30509836 1.75835711 0.54818755 3.58657426 4.37661663
 4.86176444 3.83376733 1.44511225 5.19169098 5.00727893 4.90631478
 5.55372696 2.18171484] 7.17100987200073e-05 True
basinhopping step 37: f 8.01581e-05 trial_f 8.01581e-05 accepted 1  lowest_f 5.52498e-05
[ 2.13003712  2.70313556  6.08431177  6.97347772  3.05238394  2.4430948
  2.74791132  2.53950783  1.83495267 -1.68977205  4.20375117  4.64454162
  5.08232233  5.25893128  0.77353895  4.59681877  5.28208705  5.78684537
  6.20706614  2.36991896] 8.01581326921816e-05 True
basinhopping step 38: f 6.4218e-05 trial_f 6.4218e-05 accepted 1  lowest_f 5.52498e-05
[ 0.67507332  3.08857566  5.75521019  6.27717005  2.58659379  1.79282204
  2.18493504  1.47597424  1.84952627 -0.61828258  6.15296192  5.46272974
  5.01568371  4.98024396  0.97758203  4.79454503  5.11379708  4.7695966
  4.47267651  2.55039385] 6.421802162209469e-05 True
basinhopping step 39: f 5.52642e-05 trial_f 5.52642e-05 accepted 1  lowest_f 5.52498e-05
[1.60219854 2.19575194 5.40649565 4.59556967 2.08797351 2.18784871
 2.27922642 2.677397   2.71343744 0.71334524 7.64434876 6.85628201
 6.48143386 6.45218083 2.72844574 6.53283493 5.76268387 2.31549784
 2.77981361 2.7505602 ] 5.5264195229789466e-05 True
basinhopping step 40: f 0.000140087 trial_f 0.000140087 accepted 1  lowest_f 5.52498e-05
[2.0695338  2.33252733 4.8967113  4.40829017 1.06699395 2.28976469
 2.29685847 2.61143729 2.82626486 0.87255219 6.05444484 6.09117834
 6.67621786 6.9307059  2.72970382 6.21244049 4.90250547 2.10426298
 2.68348625 2.00066073] 0.0001400866881118904 True
basinhopping step 41: f 8.25413e-05 trial_f 8.25413e-05 accepted 1  lowest_f 5.52498e-05
[2.09205874 2.21273044 5.17625056 4.28530857 1.30945221 1.7912131
 2.79514772 2.36461602 2.45621918 0.39400705 6.14594765 6.32500274
 6.33785198 7.17658798 3.16952922 5.81359566 4.86712386 2.49601224
 2.13219594 2.80247797] 8.254127501535381e-05 True
basinhopping step 42: f 0.000142695 trial_f 0.000142695 accepted 1  lowest_f 5.52498e-05
[2.05651078 2.33651721 4.89438572 4.41982284 1.05627201 2.29306099
 2.27282743 2.70902891 2.5887456  0.71216524 6.13772821 6.27681517
 5.88863587 7.27080766 3.59253356 6.23788526 5.31587328 2.15614504
 2.32667237 2.94943256] 0.000142694798829879 True
basinhopping step 43: f 0.000141054 trial_f 0.000141054 accepted 1  lowest_f 5.52498e-05
[ 0.84750977  4.07594969  5.29374052  5.2344775   1.82509868  2.42581006
  1.54477113  2.81646326  2.86929049 -0.61456375  5.52918234  6.23421322
  5.84216656  6.85894559  2.71084022  5.81276008  5.93773887  3.95830613
  3.11241291  2.88196343] 0.00014105357601102114 True
basinhopping step 44: f 0.000145769 trial_f 0.000145769 accepted 1  lowest_f 5.52498e-05
[0.85435357 4.6084822  5.11563638 5.67186251 2.04097717 2.58069281
 2.02295289 2.02356909 3.26870665 0.22465975 5.68062373 6.56940712
 5.57710763 5.81527531 2.87157479 6.56372623 5.74501592 3.76327959
 2.738638   3.07950288] 0.0001457685428889311 True
basinhopping step 45: f 0.000117538 trial_f 0.000117538 accepted 1  lowest_f 5.52498e-05
[1.74781351 4.78423424 5.55358541 5.95532755 1.75085979 1.83361497
 1.78038666 2.70889052 2.79683222 0.50020113 6.4351025  7.64194207
 6.91828655 5.90705084 2.97696655 5.84186763 5.72201391 5.59390913
 3.44127485 2.66652227] 0.00011753783965338005 True
basinhopping step 46: f 0.000265884 trial_f 0.000265884 accepted 1  lowest_f 5.52498e-05
[1.89951497 5.10333674 4.73912296 5.99309237 1.84158594 2.26497793
 1.70167586 3.1012484  2.52987179 0.38093308 6.13583201 7.63299042
 7.72708383 6.69791963 3.11284924 6.33034603 5.83463941 5.98932357
 5.37657959 2.89367294] 0.00026588390497950644 True
basinhopping step 47: f 5.9692e-05 trial_f 5.9692e-05 accepted 1  lowest_f 5.52498e-05
[1.60415238 5.44102241 5.0570024  5.13438264 1.66477071 2.49689436
 2.59873669 2.0113069  2.82516281 0.59997002 7.24039274 7.1115138
 5.98899585 6.23524749 3.43032342 5.95851645 5.91425634 8.42661995
 9.28896244 2.50745375] 5.969195467143717e-05 True
basinhopping step 48: f 8.17258e-05 trial_f 8.17258e-05 accepted 1  lowest_f 5.52498e-05
[1.86265046 4.60644313 5.33516843 5.90006082 1.93199827 2.07715909
 1.3587981  2.28746743 2.6712074  3.62744535 9.23083797 6.8653071
 6.94724062 6.22880753 2.61207543 5.33507864 6.06572344 6.46501154
 8.61598179 2.65466621] 8.172577578684413e-05 True
basinhopping step 49: f 8.11542e-05 trial_f 8.11542e-05 accepted 1  lowest_f 5.52498e-05
[ 0.71740551  4.64235291  4.66833822  5.60060777  2.22280654  2.43812572
  1.87816046  2.73952477  1.98489035  2.69091957 10.05337285  6.4640168
  5.73947139  6.03153324  2.53653524  5.91842202  6.58346748  5.97149065
  6.63466845  2.68420631] 8.11541769793692e-05 True
adaptive stepsize: acceptance rate 0.960000 target 0.500000 new stepsize 0.555556 old stepsize 0.5
basinhopping step 50: f 8.23238e-05 trial_f 8.23238e-05 accepted 1  lowest_f 5.52498e-05
[0.98216277 4.5200642  4.84430108 5.71264152 3.03018021 1.93856501
 2.08112136 2.30629808 2.305044   3.37026215 8.85611028 6.26075466
 6.09399239 5.68260861 1.95777575 6.21344885 6.53208631 6.32299595
 6.45236357 2.21290899] 8.232377413178781e-05 True
basinhopping step 51: f 0.000118507 trial_f 0.000118507 accepted 1  lowest_f 5.52498e-05
[0.96536865 4.62015812 4.87434515 5.63072592 3.55788903 2.41585978
 2.06147239 2.16396111 2.38905593 2.84769662 6.40773033 5.81283603
 5.8022719  5.88292845 2.14289187 6.61942313 6.89381804 6.22597667
 6.16759901 1.86507808] 0.00011850720904705051 True
basinhopping step 52: f 5.52331e-05 trial_f 5.52331e-05 accepted 1  lowest_f 5.52331e-05
found new global minimum on step 52 with function value 5.52331e-05
[0.88835003 4.23917353 5.18290722 5.13470679 2.46485567 2.29888439
 2.09346652 2.45657891 2.05208779 3.11610587 7.11622368 6.21253212
 6.04018798 5.90684926 2.37326866 6.27495718 5.89876992 6.44608324
 6.46274434 2.6970439 ] 5.52331213283308e-05 True
basinhopping step 53: f 0.000140098 trial_f 0.000140098 accepted 1  lowest_f 5.52331e-05
[1.03138434 4.0927046  5.30762701 5.00589894 2.7111378  1.90777791
 2.59908202 2.14412775 2.09863274 3.15555489 6.63176925 5.88806723
 5.4267643  6.59262782 2.53015557 5.97577942 6.09361829 6.92968086
 5.98381266 2.93376341] 0.00014009818300278696 True
basinhopping step 54: f 8.1384e-05 trial_f 8.1384e-05 accepted 1  lowest_f 5.52331e-05
[1.15617437 4.55848386 5.36695977 5.11940019 2.07474846 2.54206669
 3.85663929 2.98258718 2.9115954  2.65179482 5.11552014 5.32110125
 5.60039756 6.3660147  3.73333744 5.92018528 6.02294123 6.47978512
 5.92680427 2.95854133] 8.13840091060013e-05 True
basinhopping step 55: f 8.2002e-05 trial_f 8.2002e-05 accepted 1  lowest_f 5.52331e-05
[0.04355452 5.82904517 5.58014134 5.46787123 3.04571215 2.84978822
 2.89309993 1.79352462 1.12875389 2.17046639 4.58721468 4.28723469
 3.71243937 4.72749336 4.96294265 5.66436032 5.06815998 5.16659272
 4.68067278 2.5255507 ] 8.200200461158221e-05 True
basinhopping step 56: f 8.14342e-05 trial_f 8.14342e-05 accepted 1  lowest_f 5.52331e-05
[-0.55973292  6.1264592   6.29605117  5.6399492   2.31467187  2.54196347
  2.78726003  2.95861732  1.4954286   1.56780077  4.38043078  3.89781612
  4.06753742  5.13769823  5.03046835  4.87190792  4.69887405  5.36662553
  2.69115867  1.91745355] 8.143420912768787e-05 True
basinhopping step 57: f 0.000141612 trial_f 0.000141612 accepted 1  lowest_f 5.52331e-05
[0.86086075 6.32729538 5.98481311 5.88156137 1.74794052 2.50448301
 2.37129686 3.26411931 2.0698969  1.95526039 4.37505509 5.14410467
 4.64872234 5.93253074 5.33291864 4.62284657 4.96600532 4.61297218
 1.75909579 1.64687712] 0.00014161231599358267 True
basinhopping step 58: f 5.71303e-05 trial_f 5.71303e-05 accepted 1  lowest_f 5.52331e-05
[-0.16139121  5.72633083  5.70412742  6.27365634  2.68664551  2.25653165
  2.06190168  2.93264456  1.98587274  4.25311494  3.90521063  3.52089478
  4.66187345  4.84747211  4.68283622  4.55733798  5.40306756  5.23512
  2.1059196   1.88520935] 5.7130330285185815e-05 True
basinhopping step 59: f 8.34567e-05 trial_f 8.34567e-05 accepted 1  lowest_f 5.52331e-05
[0.03155463 5.82659285 5.57993688 5.45739682 3.07600573 2.81747179
 2.98519445 1.82814595 1.31840147 5.23561791 4.44842379 3.99436123
 4.30490805 4.90746713 5.79470267 4.87487822 5.50562755 4.81771985
 2.08627289 1.74006971] 8.345671992326446e-05 True
basinhopping step 60: f 8.3434e-05 trial_f 8.3434e-05 accepted 1  lowest_f 5.52331e-05
[0.023865   5.82188258 5.57037377 5.46943648 3.08552024 2.8110656
 3.00442062 1.8285076  1.34522872 5.23078426 4.42965618 3.9828807
 4.35711217 4.83047926 5.88736787 4.98006016 5.39026433 4.87453584
 2.07247231 1.69973006] 8.34340107384458e-05 True
basinhopping step 61: f 0.000143014 trial_f 0.000143014 accepted 1  lowest_f 5.52331e-05
[-0.49716089  5.52208403  6.10976292  6.6041493   3.57186592  2.35230259
  2.40537656  2.13915639  1.51602701  4.60029111  5.63906825  4.45063985
  4.34115922  4.15414604  5.24378812  5.19240564  6.39755868  5.44434738
  2.39249942  1.71772447] 0.00014301368247025172 True
basinhopping step 62: f 0.000141777 trial_f 0.000141777 accepted 1  lowest_f 5.52331e-05
[-0.34321182  5.35336366  5.86155556  6.69580518  3.06926992  3.0010758
  2.06780216  1.51416305  2.52724148  4.67593175  5.14686788  4.17723828
  4.77694353  3.87917997  4.87048485  4.91055043  6.09453696  5.63681776
  2.29653574  1.76624146] 0.00014177713448746345 True
basinhopping step 63: f 8.18157e-05 trial_f 8.18157e-05 accepted 1  lowest_f 5.52331e-05
[ 0.26683512  5.80919107  5.40440272  5.93711398  2.53667558  3.14855253
  2.2255592  -0.71041352  1.81720306  1.08658175  3.11312347  4.23690409
  4.50710094  4.48944724  4.97327628  5.18589774  5.59262972  4.86480389
  1.89027553  1.71847803] 8.181568048031098e-05 True
basinhopping step 64: f 0.000115579 trial_f 0.000115579 accepted 1  lowest_f 5.52331e-05
[-1.26260702  5.2644634   4.80036143  4.79576059  2.66607257  2.52331263
  1.97279882 -1.78897559 -0.39622422 -0.2471001   3.54335966  4.26532941
  6.73397277  6.09368306  6.14238954  5.87779863  6.28099434  5.64516321
  1.68013824 -0.49616133] 0.00011557944500225954 True
basinhopping step 65: f 0.000143193 trial_f 0.000143193 accepted 1  lowest_f 5.52331e-05
[-2.09744247  4.89091464  5.0878327   5.07834905  2.8349213   1.91209102
  3.22425289  0.27174719 -0.47909561 -1.41884953  2.93939178  2.26650951
  5.23431777  5.68970026  6.71538769  6.32088235  6.10726311  6.19716053
  2.86766219 -0.08887086] 0.00014319307740699407 True
basinhopping step 66: f 0.000143028 trial_f 0.000143028 accepted 1  lowest_f 5.52331e-05
[-1.00328915  4.74706577  4.94637616  5.33163883  2.73074753  1.74714645
  2.03096426 -0.25108516  0.26015891  0.96603141  4.01225599  2.63820656
  6.51581592  5.68850636  6.64777486  5.58133749  6.36256561  5.85041481
  1.91674891 -0.47090697] 0.00014302818554061349 True
basinhopping step 67: f 5.52667e-05 trial_f 5.52667e-05 accepted 1  lowest_f 5.52331e-05
[-1.26535578  5.07981273  5.03554581  5.24690718  2.00767122  2.45479571
  2.30475971 -0.04465239 -0.05353272  1.17082902  5.13028464  3.92041916
  7.02310546  6.40223232  6.47821749  6.02321139  6.12384592  5.73086407
  2.68147955  2.31302391] 5.526667290365001e-05 True
basinhopping step 68: f 5.52763e-05 trial_f 5.52763e-05 accepted 1  lowest_f 5.52331e-05
[-1.26448921  5.07665459  5.04033665  5.24517703  2.00214089  2.46171927
  2.301552   -0.04721851 -0.05315677  1.16934788  5.13234413  3.92233195
  7.02023183  6.40636248  6.47309895  6.01713512  6.13120971  5.72596046
  2.68288583  2.31281064] 5.527630795036664e-05 True
basinhopping step 69: f 8.14775e-05 trial_f 8.14775e-05 accepted 1  lowest_f 5.52331e-05
[-0.58128124  5.38166552  4.4017651   4.82471593  1.68703496  2.02865268
  2.50804657 -0.91024339 -0.48205749  0.76724793  6.58892578  3.42740393
  5.79625914  6.77098815  6.11887192  5.90021093  6.01590577  4.87543899
  1.90824522  1.96847968] 8.14774667994752e-05 True
basinhopping step 70: f 8.11821e-05 trial_f 8.11821e-05 accepted 1  lowest_f 5.52331e-05
[-0.30660149  6.40120719  5.67080529  5.13159965  2.7464306   2.73860822
  3.24505254 -0.81146796 -1.41116878  1.34951104  4.75327978  0.42028425
  4.25528765  4.70681125  5.22706981  5.76035945  4.90538967  4.79650299
  2.05307575  2.80993171] 8.118213618611808e-05 True
basinhopping step 71: f 8.70999e-05 trial_f 8.70999e-05 accepted 1  lowest_f 5.52331e-05
[ 0.1369701   5.70340314  5.93146201  5.16454955  2.7691093   2.91466888
  2.94622181 -1.06035363 -1.83091972  1.70036293  4.81834458  0.45472218
  4.14249769  4.5516468   5.27271519  5.51537674  5.04479469  5.05458543
  1.91760413  3.06762166] 8.709986943206283e-05 True
basinhopping step 72: f 8.1261e-05 trial_f 8.1261e-05 accepted 1  lowest_f 5.52331e-05
[-0.1910505   6.21918905  5.49178261  5.35661103  2.58180591  3.60096259
  2.73843301 -0.63161223 -1.27622327  1.44123867  3.69483421  1.53208755
  4.31537611  4.40047613  5.41789123  5.5948642   5.06650551  4.62419506
  2.32326028  1.93107499] 8.12610389234623e-05 True
basinhopping step 73: f 8.18609e-05 trial_f 8.18609e-05 accepted 1  lowest_f 5.52331e-05
[-0.14656991  6.05986853  5.72812896  4.80995823  2.65365804  2.78474783
  3.33487146 -0.75955104 -1.11188893  1.62758157  3.83985626  1.35797075
  4.35229584  4.48067828  5.54254292  5.54525597  5.00418604  4.69388039
  2.38621026  1.85967185] 8.186089299520569e-05 True
basinhopping step 74: f 7.39119e-05 trial_f 7.39119e-05 accepted 1  lowest_f 5.52331e-05
[ 0.58350238  5.9620752   6.39222876  5.9540116   2.22150415  1.71281738
  2.31279957 -1.35249697 -1.86356865 -0.82946537  2.98426759  2.68544691
  5.47235158  4.62924099  4.85504309  5.089757    4.24822468  1.35309693
  2.17657404  1.88994287] 7.391187528376454e-05 True
basinhopping step 75: f 7.85203e-05 trial_f 7.85203e-05 accepted 1  lowest_f 5.52331e-05
[ 0.18755291  6.67492412  5.81643847  5.86440764  2.14536927  1.76548756
  1.97797955 -1.46580382 -1.43093564 -0.08304114  3.05261111  2.5206749
  5.48172312  4.74554372  4.76777791  5.22602341  4.03348552  1.47491641
  1.87360625  1.95816374] 7.852025414972435e-05 True
basinhopping step 76: f 7.99988e-05 trial_f 7.99988e-05 accepted 1  lowest_f 5.52331e-05
[ 0.19675815  6.66313898  5.80646943  5.86295278  2.13230806  1.76398394
  1.99013277 -1.50657378 -1.31320468  0.03025298  2.9903383   2.5364284
  5.34601676  4.84778417  4.42111604  5.42793317  4.45511254  1.29587692
  2.03457425  1.90607886] 7.999880367454056e-05 True
basinhopping step 77: f 5.5308e-05 trial_f 5.5308e-05 accepted 1  lowest_f 5.52331e-05
[ 0.38248942  6.1974981   6.33147813  5.52101468  2.26616095  1.91778518
  1.63384792 -1.1037287  -1.50118083 -0.41409292  3.64613854  2.71704503
  5.62458745  5.2680048   4.65950702  5.06853613  4.33073843  1.5691914
  1.74535787  2.02792051] 5.530800467834618e-05 True
basinhopping step 78: f 0.000136584 trial_f 0.000136584 accepted 1  lowest_f 5.52331e-05
[-0.17369741  6.79211117  6.1596795   6.08193301  1.98723827  1.5342543
  2.15420341 -0.69531223 -1.03497117 -1.63000856  2.62547048  2.50030211
  4.77231077  5.1959766   3.94397652  4.41218515  4.48563864  2.3028745
  2.0875289   3.13864608] 0.00013658355655332178 True
basinhopping step 79: f 8.27054e-05 trial_f 8.27054e-05 accepted 1  lowest_f 5.52331e-05
[ 0.27139328  5.96155056  6.37205551  6.48756408  2.21459405  1.90822746
  1.53151557 -0.83831508 -0.80224626 -1.23325515  2.3518859   2.40354707
  4.85419018  5.09192017  3.79679383  4.1034453   4.68391064  2.16542121
  1.46802942  2.44123624] 8.270537151054317e-05 True
basinhopping step 80: f 8.17673e-05 trial_f 8.17673e-05 accepted 1  lowest_f 5.52331e-05
[ 0.39589986  5.82455612  6.40812338  6.27333164  2.5435861   1.53987125
  1.76105231 -0.94637369 -0.93418219 -0.87659444  1.80002677  2.77819279
  5.23183097  4.89895416  3.95480873  4.375661    4.63248529  2.54224558
  1.64300318  1.99073918] 8.176727980447807e-05 True
basinhopping step 81: f 7.7061e-05 trial_f 7.7061e-05 accepted 1  lowest_f 5.52331e-05
[ 0.32291926  6.33174252  6.09712057  5.40111658  2.11991592  1.98957062
  2.30179818 -2.10770745 -1.85801302 -0.79135461  2.69165276  2.94622484
  5.2838299   5.06970374  1.54402111  4.40645017  4.94324678  1.84414024
  1.72370832  1.64189196] 7.70609950409705e-05 True
basinhopping step 82: f 5.5708e-05 trial_f 5.5708e-05 accepted 1  lowest_f 5.52331e-05
[-0.12319598  6.64172833  6.24693308  6.28791037  2.11171958  1.72731178
  1.90629691 -1.01338506 -0.28346275 -1.06512634  1.45875814  2.33989576
  5.55211221  5.1811145   1.64350374  3.81193757  4.49629839  1.38275791
  2.06713127  2.37615634] 5.570799357676452e-05 True
basinhopping step 83: f 0.000140244 trial_f 0.000140244 accepted 1  lowest_f 5.52331e-05
[ 0.58980736  6.38646517  6.17327357  5.10912456  1.85044906  3.07659819
  2.24843031 -0.2774256  -0.99150328 -1.1508529   1.55344204  2.30280394
  4.32661561  5.16326837  2.54985162  4.97389124  4.28202652  1.57326172
  1.8684505   1.64012639] 0.00014024428545794573 True
basinhopping step 84: f 5.52629e-05 trial_f 5.52629e-05 accepted 1  lowest_f 5.52331e-05
[ 0.14632475  6.2175524   6.24469462  6.47625172  2.22637717  1.65254294
  1.79315968 -0.66604115 -1.34417474 -0.997822    2.70854097  1.9192556
  2.17421485  5.28715174  1.30919519  3.83971751  4.42101975  1.95799383
  1.68508331  2.37753305] 5.526291677965236e-05 True
basinhopping step 85: f 7.9082e-05 trial_f 7.9082e-05 accepted 1  lowest_f 5.52331e-05
[-0.22622883  6.07097672  5.60235673  9.06643716  1.86102748  2.31612409
  3.42408139 -0.0658659  -0.74754407 -1.4531028   1.21478387  1.24571252
  0.89540845  4.76676004  2.24062501  5.00083983  5.34804208  2.15464061
  1.25958382  2.04567866] 7.90819772557204e-05 True
basinhopping step 86: f 7.35732e-05 trial_f 7.35732e-05 accepted 1  lowest_f 5.52331e-05
[ 1.12787224  6.89172736  4.85402378  8.38129136  2.3374668   2.20027619
  2.37154    -0.84516302 -1.33477442 -0.10785405  3.40512292  3.19912059
  2.487667    5.8029308   3.07329451  5.54940887  6.37478495  3.38573109
  3.24405585  2.15117676] 7.357318971103094e-05 True
basinhopping step 87: f 5.52517e-05 trial_f 5.52517e-05 accepted 1  lowest_f 5.52331e-05
[ 1.17091739  7.60264632  5.2961883   8.39540489  1.88090726  2.5369895
  3.49446723 -0.31672221 -0.18879032 -0.74891979  1.83343913  2.38835422
  2.34276066  6.37131848  3.6852142   6.03400835  5.9901521   3.18805034
  3.26205439  2.32503818] 5.5251747366786476e-05 True
basinhopping step 88: f 0.000140593 trial_f 0.000140593 accepted 1  lowest_f 5.52331e-05
[ 2.19602887  8.25890604  5.22787645  7.56787989  3.43957007  1.60353696
  1.68037916 -0.59176639 -0.51851863 -0.20044048  3.28532699  2.81824582
  3.85503988  6.36473117  3.87176088  5.75655502  5.25442261  2.44508981
  2.2872552   1.70304368] 0.0001405932530991344 True
basinhopping step 89: f 0.000140926 trial_f 0.000140926 accepted 1  lowest_f 5.52331e-05
[ 3.515415    6.19009507  5.62955988  6.83100081  2.59123449  1.94929828
  2.01494075 -1.31088446 -1.59766903 -0.52732964  3.17369334  2.52530486
  4.67267513  5.73562842  4.92371866  4.63069822  4.46129406  2.03217841
  1.33513164  2.30669231] 0.0001409261794281075 True
basinhopping step 90: f 0.000140521 trial_f 0.000140521 accepted 1  lowest_f 5.52331e-05
[ 3.52517921  6.12889215  6.02585781  6.21541602  1.68172913  2.10281625
  1.9815131  -1.39376027 -1.45780101 -0.2807478   3.02730792  2.47044238
  4.46547154  5.56466721  5.00762871  4.54097567  4.55649197  1.96759285
  1.34261763  2.47367659] 0.0001405207720090458 True
