E:\CURPROJECT\SimsV3\venv\Scripts\python.exe E:/CURPROJECT/SimsV3/Simple_ManyWP_reproducability_test1.py
[ 1.9209678   4.30920704  1.53937942  4.34949651  1.94463625  5.68890065
 -0.48711629  2.38650075  0.05671362  3.15447735 -0.43344771 -0.92866437
  2.21220534 -0.66098083  2.23105498 -0.19073052  0.25790496  3.41138279
  2.51680973  2.97455064] 0.0005299110669525209 True
[ 1.51350106  4.81732617  1.15177363  4.09176891  1.65094116  5.2838796
 -0.06274226  2.38470792 -0.91074623  2.86283802 -0.27582449 -0.65214148
  2.24099329 -0.68081548  1.76784118 -0.73401492 -0.50739404  3.4937313
  2.69813383  2.97217667] 0.0006968851186808932 True
[-0.18488752  3.47265721  0.60423391  4.41362802  0.34979798  3.66732901
 -1.81524783  1.69513731 -1.34558267  1.71205645 -1.30773072 -2.17640593
  0.59925505 -1.71355684  0.77595195 -1.71414823 -1.03945595  1.59717396
  1.5715607   2.00236192] 0.0008390426166467335 True
[-0.44585062  2.14131483 -0.91533873  2.71758484 -0.39891307  1.67256568
 -4.39176764  1.35619837 -1.67330933  2.23834983 -0.6206711  -1.12499301
 -0.64895857 -1.13111461 -0.87243341 -1.71048481 -2.05625212  0.84875364
  0.64654717  1.27756901] 0.0005785702137095671 True
[-0.42546547  1.838733   -1.25430756  1.78315234 -1.52661605  0.97746588
 -5.11639694  0.5779755  -1.5455056   1.81301722 -0.98159395 -0.67740722
 -1.39135004 -1.99378579 -1.11241837 -0.71736739 -0.91744807 -0.32290195
 -0.53050442  0.13526128] 0.0009776140772767455 True
[-1.49556532  1.22946608 -2.66241415  0.5740969  -1.9877352  -1.84711246
 -6.09115695  0.65867347 -1.63699679  1.13005471 -1.35548015 -1.8187376
 -1.95309057 -1.50378021 -1.81232613 -1.02548793 -1.08726571 -0.87079187
 -0.45628936  0.37553332] 0.0011007581229546476 True
[-0.50181678  2.23956141 -3.38125397 -0.71575824 -1.11459784 -0.63450126
 -4.13282881  2.0923353  -2.15496495 -1.61112313 -1.49956408 -0.5934233
  0.07930458 -0.62519162 -0.46235315  0.38145467  0.16413736 -0.11195159
  0.21440514  0.22497402] 0.0009413052681943 True
[-0.97956323  1.25079532 -1.84128384 -1.60697156 -1.6135181  -1.51853219
 -1.72604974  1.93277222 -0.34866282  0.44690566 -0.21365714 -0.85225892
 -0.24401703 -0.77658018 -0.89637708 -0.01444399 -0.53571642 -0.56837633
 -1.16589398 -1.09205648] 0.0018141591627971866 True
[-1.4515732  -1.99377204 -1.86434387 -1.85050669 -0.99618847 -1.41442519
 -0.77321758  3.16865279 -0.36903607 -1.44926318 -0.67488462 -1.04527652
 -0.57283156  0.1412834  -0.28184274 -0.71032648 -0.82835683 -0.48895878
 -1.33824603 -1.84574448] 0.002053248750696907 True
[-1.2754594  -0.81412018 -0.74647407 -1.35107228 -0.76134541 -0.72888713
  0.06720987  3.40947664  0.47995035 -0.34425264  0.05752876 -0.3403885
  0.09217284  1.04956195  0.46271613  0.13966234  0.06724318  0.05617402
 -0.71386484 -0.99257061] 0.0005770354821008797 True
[-2.32458505 -2.13385827 -1.67620485 -2.78158563 -2.62038637 -2.18405023
 -1.54013461  2.06216757 -1.25372737 -1.54689666 -1.0397883  -1.11192242
 -0.97368737 -0.44083835 -1.34758718 -1.27742293 -1.09082062 -1.20982427
 -2.12644106 -2.35631779] 0.0005753863968967806 True
[-1.40924836 -1.93485836 -0.8950894  -1.54657555 -1.33307247 -2.06255173
 -1.29963119  1.97259286 -0.13854482 -0.54485062  0.01457468 -0.416129
 -0.12465033  0.06751401 -0.85432388 -1.00222605 -1.38937874 -0.71134737
 -3.23222732 -0.72837492] 0.0014058739243683696 True
[-2.34772538 -1.94811401 -1.56986507 -1.15060083 -1.93308216 -1.95219789
 -1.81448823  1.66087037 -0.70449595 -1.01371032 -0.50556736  0.17777743
 -0.11058363 -0.73554394 -1.04868994 -1.29740263 -0.72792039 -1.25050444
 -1.43904143 -0.82079064] 0.00042354083064818 True
[-4.78650177 -3.95921623 -4.52047748 -4.68475338 -5.08721732 -4.923893
 -4.69062275 -0.79299214 -3.39613938 -3.41416059 -4.05447757 -3.48384846
 -3.53275532 -3.43572098 -2.83328563 -3.56679224 -3.78316453 -4.2680259
 -4.46724815 -3.57522295] 0.0005833146728025115 True
[-4.20223164 -1.63229946 -1.9221481  -1.58861898 -2.40995687 -2.42990713
 -1.76748317 -1.50054069 -2.02972612 -2.42042676 -2.26820828 -1.39404056
 -1.21856757 -2.19624212 -1.69704407 -2.46371121 -3.06371056 -3.26430788
 -6.21180752 -2.86757487] 0.00104352993341866 True
[-0.32703886 -0.75732149 -0.00690399  0.01514932 -3.62661624 -1.17067734
 -0.55557829 -1.22444122 -0.7105309  -1.58657661 -2.42286063 -2.3072623
 -1.60893371 -1.48884871 -0.83810151 -1.70665153 -1.21712697 -3.58203187
 -1.13283897 -1.32436345] 0.0024382996744647667 True
[ 0.24557951 -0.02402442  0.01325768  0.35764163 -0.27272273 -0.63519992
  0.47907676 -0.49696378 -0.49009278 -1.27434679 -2.0550082  -1.79935524
 -0.8472075  -1.20519172 -1.04034136 -0.69003125 -0.39680572 -1.27025718
 -0.45386855 -0.62004362] 0.0013887027914457899 True
[ 0.55502209  0.23259278  0.22324669  0.68433725  0.08226829 -0.03180721
  0.10672696 -0.38846251 -0.30411244 -1.52280155 -1.6745327  -1.47921166
 -0.57521041 -0.92230845 -0.92711592 -0.30731486 -0.2973429  -0.79721842
 -0.17491107 -0.37431612] 0.0005784773098575804 True
[ 0.69122671  1.00391748  0.80348321  0.73931455  0.01631113 -0.56084629
 -0.3861915  -0.50869417  0.21380919 -0.75983653 -1.07172953  0.03226341
 -0.06766403  0.72507131 -0.07365495 -0.00352161 -0.82640421 -0.80533976
 -0.70933779 -0.5163079 ] 0.0010308515857776733 True
[ 1.51208849  1.17505145  0.33803867 -0.09712599  0.40459034 -0.09392725
 -0.31404194  0.10266376 -0.67890667 -0.74390323 -1.51588744 -0.66381861
 -0.25090179 -0.43212206 -0.92795282 -1.04167054 -1.05377681 -0.89801445
 -1.34421288 -0.57870059] 0.0005783292094578043 True
[ 0.36332214  0.14145304 -0.45666749 -0.50524891  0.3179572  -0.67337829
 -1.02510051 -1.29157081 -1.67218857 -1.49098735 -1.09514155 -0.56106677
 -0.06749129 -0.89528943 -1.26980335 -1.1529849  -0.97666454 -1.2868319
 -2.0135274  -1.36022928] 0.0006375912542961708 True
[-1.47391726 -1.1753794  -2.08429505 -2.00360332 -2.81241657 -2.27626539
 -2.48367997 -3.04387341 -3.66370194 -2.74746498 -2.63901579 -3.04291524
 -2.18661808 -2.81976451 -3.03801861 -3.01177505 -2.66956582 -2.84781853
 -3.7493864  -4.01577171] 0.0010181544359928584 True
[-0.25386803 -0.76245019 -1.11536538 -1.32727459 -1.75534299 -1.30530029
 -0.7279559  -1.59740299 -1.15879257 -0.98660072 -1.0492947  -1.80934792
 -1.57456395 -1.48407995 -1.7551526  -2.8132599  -2.08352444 -2.13104235
 -2.72602468 -0.41180446] 0.0010362650957110569 True
[-1.50146734 -2.16705129 -2.09560656 -2.70594745 -2.80070934 -3.18100277
 -2.33609115 -1.97607696 -2.66128435 -2.56570358 -2.35099561 -2.88193113
 -2.17448958 -2.94517543 -3.19333916 -3.67829371 -2.89126708 -3.40998415
 -3.95643998 -1.42146865] 0.0006702434658458931 True
[-4.67406229 -3.78556653 -3.69866318 -3.67169007 -3.466047   -4.33998909
 -3.64088336 -3.47251836 -0.39894171 -2.52389963 -2.27687385 -2.61952521
 -2.17754008 -2.56273092 -3.25364313 -3.70667711 -5.88786512 -3.20725889
 -2.85480466 -3.33381271] 0.0010354071017709093 True
[-5.34179484 -2.82866933 -2.9392507  -3.20337854 -2.65834867 -3.35524377
 -3.48187394 -2.87654894  0.30728701 -3.3408164  -3.48763647 -2.72760101
 -1.90362153 -1.2512863  -2.0564055  -5.34362038 -1.996772   -4.74990254
 -5.60668124 -5.15457632] 0.0015843563118891108 True
[-5.28483583 -2.33757369 -2.66676214 -2.41119123 -5.23376345 -1.65968993
 -1.16499592 -2.26659467 -1.81791672  1.35852895 -1.08189003 -2.36029105
 -2.72729192 -3.21486434 -3.21749682 -5.48325573 -3.19924499 -5.77507147
 -3.13122973 -3.377965  ] 0.0014104823375045968 True
[-2.62925348 -2.46007626 -2.15893091 -2.03692298 -2.55225847 -2.6264272
 -1.94599153 -1.28915991 -1.65041628 -1.78328217 -2.24114902 -2.68161752
 -3.48268013 -3.03061112 -3.03015459 -2.49944792 -0.30170216 -6.33678705
 -3.94374606 -2.80744127] 0.0008319230723499216 True
[-3.74574753 -3.29319936 -4.1741367  -3.95001712 -3.64587395 -3.28114187
 -3.57685862 -2.90353086 -2.65988723 -2.78360114 -0.57339437 -3.76567136
 -4.34334697 -4.05908681 -4.6731877  -1.36102405 -0.81186619 -7.07803359
 -4.89616938 -4.93805532] 0.0005794764727601256 True
[-4.01528329 -0.92603091 -1.86650966 -3.8352529  -1.3301835  -1.80102152
 -2.47670924 -1.18492454 -1.65769654 -1.03351001 -1.12621766 -1.63866522
 -1.21065609 -0.78654182 -5.19091643 -1.7448162   0.36533534 -2.53396094
 -2.75185674 -5.18453961] 0.00425560173239326 True
[-3.21562589 -2.10599661 -2.18407273 -5.0017667  -1.65831848 -1.69374137
 -1.05887442 -1.52571623 -1.7296323  -2.15920721 -2.40265028 -1.48354532
 -1.49090676 -1.03996864 -1.55424899 -4.48449189 -1.32478848 -3.55428982
 -3.58683439 -3.19976823] 0.000574933860162879 True
[-2.82814638 -2.59027781 -3.20822977 -5.77648255 -1.75536042 -1.61925767
 -1.81629258 -1.33115835 -2.06426212 -1.29143335 -1.84326034 -1.29251243
 -2.00063302 -1.4061347  -2.03236335 -1.27338955 -1.59777599 -4.03352583
 -4.11284005 -2.95945361] 0.0014243729080585523 True
[-1.88638626 -2.37774578 -2.45177774 -2.48701371 -1.76762619 -1.1444083
 -1.45097532 -0.60582968 -1.02490834 -0.63040061 -1.01758002 -2.13912017
 -4.64673252 -1.12242327 -1.19068238 -1.03415054 -1.20786893 -1.22061491
 -3.7860447  -3.31848204] 0.0005994343169391931 True
[-3.12314533 -2.48046124 -2.50281743 -2.40198224 -2.08035057 -1.32667141
 -1.6440576  -0.74639703 -1.37365984 -0.67283033 -1.8204287  -2.60993214
 -1.77132475 -2.0954126  -1.52499483 -1.5778785  -1.85456185 -1.0473338
 -0.78040282 -1.49235123] 0.002150180400307194 True
[-2.53216825 -2.91199438 -3.12743947 -2.55394332 -3.34719184 -3.40616694
 -2.9927151  -2.37274126 -2.1210376  -2.60725554 -2.53765781 -2.07538297
 -2.62518263 -2.57628829 -2.65225784 -2.32249402 -1.21125715 -1.17061338
 -1.47272164 -1.23151975] 0.0004235581352857233 True
[ 0.10276496 -2.82303451 -0.20971724 -3.09616333 -3.27242706 -2.80945315
 -1.06713532 -1.17002025 -1.29858659 -0.67209739 -0.71852571 -1.45481384
 -0.77605779 -0.81053767 -1.7991361  -1.16103643 -1.59392729 -0.48311535
 -0.41214393 -0.08994411] 0.0025055623827908314 True
[ 0.13793445 -2.32391811  0.32906537 -0.38864308 -0.8338674  -0.95567524
 -1.02065553 -0.12001631 -0.89361579 -1.10464393 -0.87328386 -1.31243223
 -1.21979511 -1.35522106 -2.21972753 -1.25043911 -1.69208109 -1.33921243
 -1.2347052  -0.23647665] 0.0010162962400946964 True
[ 0.34152449 -0.2805061   0.22142998  0.00252113 -0.6623875  -0.6252428
 -0.82235162 -0.6765686  -1.60494422 -1.35965543 -1.10549318 -0.75209077
 -1.93422317 -1.07206977 -1.35006705 -0.89078397 -0.48145426 -0.77562221
 -0.08087714  0.78582042] 0.0009264982904032313 True
[ 0.54040302  0.14810891  0.13933426 -0.2563548  -0.56555285  0.03853447
 -0.68149885 -0.47986084 -0.96915798 -1.94877908 -1.52255234 -0.814744
 -0.9028934  -1.21716276 -0.60748202 -1.22250416 -0.99485369 -0.65894199
 -0.14908906  0.43809447] 0.0005353217710051666 True
[ 0.0654486  -0.26584351 -0.18011595 -0.68341211 -0.10602639 -1.0510412
 -1.12630434 -1.31835805 -0.92363017 -1.53458463 -2.15842322 -1.2016108
 -1.43534927 -1.40748083 -1.32977744 -1.2269473  -0.67144627 -0.61275795
 -0.1907815   0.85597486] 0.0006321984693641165 True
[ 0.74043581 -0.01867701  1.11728383  0.12808163  0.66372255  0.15614676
 -0.78344812 -0.1258793  -0.49323852 -0.19003491 -1.02559238 -0.67384083
 -1.56601657 -0.65287021 -0.24241287 -0.81411361 -0.63162079 -0.13068324
  0.04468073  1.02247716] 0.002849654549126158 True
[ 1.03325608  0.40125334  0.32090605 -0.1658445   0.18944724  0.37689493
 -0.36936222 -0.27367981 -1.17250804 -1.03997084 -0.18510294 -0.71372198
 -1.11852462 -0.85858518 -0.67264851 -0.4607729  -0.75422821 -0.06089294
  0.10103178  1.01057286] 0.0006062928949208172 True
[-1.57669449 -2.39163422 -2.24632533 -2.26812252 -2.16005746 -2.00355457
 -2.99417206 -3.2763928  -3.2776431  -3.35804272 -3.21428517 -2.944721
 -2.48399038 -3.59093077 -3.74357607 -3.56064268 -3.36820112 -2.93021086
 -2.49260009 -2.19732212] 0.00042356382751872033 True
[-2.64495021 -3.375604   -2.54647318 -1.98141011 -1.65789389 -2.17288109
 -2.6937961  -2.54344207 -2.64917457 -3.14815454 -3.51438675 -0.9418789
 -3.76668524 -3.43955925 -6.35782344 -3.75886344 -3.37786303 -3.13085164
 -2.32350477 -3.17198065] 0.0006019168343774003 True
[-1.31750693 -1.73386483 -2.59378402 -2.28076026 -2.17215027 -2.54646329
 -1.91456349 -1.87849089 -1.15399829 -1.07315416 -1.12768323 -0.80649148
 -3.77792157 -3.20640025 -1.03691582 -1.32234687 -1.73658095 -1.35943301
 -0.92221042 -1.7243323 ] 0.0005363443424788326 True
[ 0.56514099  0.11512738 -2.15463283 -1.56015899 -1.44051653 -1.70007358
 -1.64280665 -0.72792534 -0.9288082  -0.66017382 -1.74880746 -1.64914102
 -1.43391992 -0.98741078 -0.19757851 -0.47234373 -1.00087695 -0.45997152
 -0.84590367 -1.19953019] 0.0013977603990519211 True
[ 0.42547382 -0.16582453 -2.31213623 -1.81890887 -1.59060258 -2.14567337
 -2.03575982 -1.63457479 -1.36585385 -1.20621163 -1.25434843 -1.1906651
 -1.47805951 -0.22313004 -0.32465283 -0.83116788 -1.35771435 -1.1683757
 -1.86553377 -1.90691056] 0.0009307942403192881 True
[-4.20330994 -4.71251798 -5.42354216 -5.51325149 -4.64020387 -2.59536862
 -5.57491276 -5.11197982 -4.81447414 -5.65973128 -5.65862159 -6.36834716
 -5.04358892 -5.07815705 -5.0873568  -5.50649646 -6.2641672  -6.21486188
 -6.28488399 -6.91071021] 0.0026584097716272357 True
[-3.95097502 -3.8123817  -9.20283693 -3.42652894 -3.57140835 -2.30617951
 -2.70534953 -2.35971936 -3.21421907 -6.31802094 -3.56737797 -6.1101805
 -3.452754   -6.93191158 -4.28419899 -3.70973688 -6.78216983 -4.29430715
 -7.53317481 -8.34389771] 0.0011774125992757333 True
[-4.48983784 -4.79906952 -8.59605661 -4.68182994 -1.16297035 -1.61108257
 -1.65469032 -2.62246732 -5.71306775 -6.40184507 -2.40591059 -5.6794702
 -3.55835514 -9.14000385 -6.08910279 -5.05105224 -4.89776868 -5.53458813
 -8.4543251  -5.87983268] 0.002419843930456519 True
[-1.64609651 -4.66156464 -4.54368412 -5.12985902 -1.51406563 -1.10019155
 -0.46923244 -0.85188318 -4.5294582  -1.15211537 -1.52740682 -5.83252809
 -2.35664276 -5.09659126 -2.6859998  -1.54493831 -2.6482312  -1.63790584
 -2.33362071 -2.83970554] 0.0019020238426717146 True
[-0.7775181  -3.39917998 -1.14313372 -1.3039887  -1.1775985  -0.42594944
  1.89450475 -0.61523532 -4.2688638  -1.20958515 -0.49302973 -4.82279035
 -1.76375655 -2.07940019 -1.23793946 -1.28831378 -1.50897975 -2.40002816
 -2.49657161 -2.99156259] 0.0013594670545832301 True
[-0.48458438 -0.30198453 -0.02796884 -0.93740336 -0.97380672 -0.64459114
  2.00924193 -1.43552528 -1.13865081 -0.71144922  0.13251298 -3.14977665
 -0.87171586 -0.60918212 -1.30921518 -0.83943458 -1.62683137 -2.01653944
 -1.74158851 -2.17485812] 0.0005745402163328165 True
[-0.4206954  -0.54054959  0.14412964 -0.48848402 -0.9418432  -0.79471865
 -0.25743631 -0.25973899  0.08011119 -0.6420286  -1.49885097 -1.21416979
 -1.05395448 -1.06518675 -0.95941512 -0.73935679 -1.30695044 -2.35092353
 -2.06495177 -2.32174417] 0.0011895539394117787 True
[-0.82508543 -0.00395963 -0.3753977  -0.91912483 -1.28675348 -1.755267
 -1.05667041 -1.42854372 -0.67802949 -0.71643442 -0.77097489 -1.32390358
 -1.33313419 -1.66005217 -1.24560511 -0.72864975 -1.80904531 -2.11377976
 -2.48471913 -2.52055979] 0.0005809254036634704 True
[ 0.17348894  0.82179075  0.42827928 -0.52797803 -0.58235231 -1.34108116
 -0.72927367 -0.49843454 -0.63769564 -1.32154959 -0.52376184 -1.51402292
 -1.59274074 -1.46215663 -1.37441579 -0.90312684 -0.80967279 -1.89246872
 -1.52120817 -1.55325513] 0.0010871590996243306 True
[ 0.41892476  1.20716309  1.19595681  0.11645664  0.19172276 -0.67927978
 -0.76448395 -0.14961536 -0.21729552 -0.41279271 -0.33548052 -1.14331958
 -1.28283831 -0.7504413  -1.12524022 -0.82427668 -0.20412395 -1.14867538
 -0.9624038  -1.32224719] 0.0008754558256429232 True
[ 0.68904542  0.70733523 -0.27906678 -0.73880528 -0.43638257 -0.8776904
 -0.42572002 -0.98347536 -1.20964186 -1.93658644 -1.31478869 -1.22156265
 -0.97998451 -1.5026473  -1.72781088 -1.98597141 -1.41485212 -1.52021311
 -1.15311888 -2.17946124] 0.0005870693305899168 True
[-1.41148906  1.9218252  -0.61139274 -1.11550158 -0.58751344 -1.53804797
 -0.70907406 -1.05171995 -2.23324849 -2.27818217 -2.13167023 -2.39987307
 -1.35028212 -2.21471866 -2.178261   -2.46703989 -2.29328107 -1.86525096
 -1.25976227 -1.71874641] 0.0014082627492914266 True
[-1.19953935  1.4251261  -1.91302343 -1.41517931 -1.61459154 -0.99876645
  1.4316221  -0.84603966 -1.39753638 -1.3120479  -1.87825238 -3.90936835
 -0.67442515 -3.28706    -1.04671051 -3.86989795 -0.48623538  0.31883501
  0.13844353 -1.98023133] 0.0014187424840539388 True
[-1.12375427  1.62044242 -1.39078632 -0.70623254 -0.59721661 -1.44801912
 -0.4773438  -0.47427613 -0.21549856 -0.83169534 -1.42621327 -1.76054875
 -1.24811631 -0.3254801  -0.95822838 -0.70442655 -0.02424227 -0.03305184
  0.46056007  0.33312593] 0.0008407391335778487 True
[-1.51445865  1.56890776 -0.71925552 -0.33959745 -0.61766624 -1.05197866
 -0.27084036 -0.63988023 -0.50599325 -1.23896129 -0.75244389 -0.89980524
 -0.22756433  0.41090134 -0.34857688 -0.69208962  0.3471491   0.02447274
  0.66583859  1.16083299] 0.0010633602487741698 True
[-1.80065572  1.52573378 -0.63884339 -0.7070548  -0.89290493 -0.88887944
 -0.22795899 -0.45587692 -1.0122769  -1.1264831  -0.46501501 -1.13982377
 -0.66437049  0.01265803 -0.55118172 -0.06422115  0.09797758  0.34086904
  0.59069634  1.51209943] 0.000621114078028587 True
[-1.7962649   2.07510682 -0.13871009 -1.01351309 -0.81181833 -0.12586697
 -0.93412989 -0.63139415 -0.86107609 -0.87560346 -0.50121735 -0.55637859
  0.05253064 -0.46315857  0.16382008  0.25654587 -0.3788817   0.42890728
  1.12857725  1.36085659] 0.0010206253175440406 True
[-1.71747282  2.26078625 -0.62746889 -0.51128713 -0.78851175 -0.61736765
 -0.62168217 -1.20560983 -0.64171941 -0.2764219  -0.70862124 -0.57648828
  0.41148657 -0.18174754  0.31356148 -0.20987539 -0.24983135  0.66149185
  1.11352869  1.34148951] 0.0005755525282595985 True
[-1.83915734 -1.46507886 -1.96618113 -2.73683428 -2.38733574 -1.89182087
 -2.54550102 -1.54929244 -1.20027568 -1.78241124 -1.72031774 -2.010979
 -1.28811784 -1.20147188 -1.26199927 -1.47243244 -0.89210901 -0.24101539
  0.465951   -0.42591804] 0.001040574987435674 True
[-1.4277608  -1.20942299 -2.02235561 -1.49818887 -2.01825268 -1.44303533
 -0.93287045 -2.03436769 -2.38454034 -2.42945156 -2.29764514 -1.6364426
 -1.19569379 -0.69888121 -1.0760869  -0.51539602 -1.01948949 -1.45966567
 -0.39203588 -0.53462161] 0.0010777154273234819 True
[-0.807566   -0.77161693 -1.54129409 -0.31287653 -0.98239696 -1.151139
 -1.38881638 -0.72097538 -1.96690009 -1.89367328 -2.06096925 -0.79884001
 -0.72000275 -0.20417978 -1.17422418 -0.00343381 -0.09742484 -0.39106308
  0.15325769 -0.14680324] 0.004284977644957311 True
[-0.6054267  -0.56592922 -0.74670996 -0.59998777 -1.02186157 -0.73571558
 -1.37471977 -1.19491326 -1.86276159 -2.59828031 -1.47535093 -0.7611187
 -0.68506311  0.09394675 -0.57751916  0.1465394  -0.03097346  0.12451482
  0.16195458  0.17764381] 0.0006437796691605495 True
[ 0.20474374 -0.51770962 -0.49251738 -0.69661597 -0.03044135 -0.34454788
 -0.68768459 -1.43951303 -0.60537718 -1.37807195 -0.54588778 -1.09893642
 -0.0556255   0.7872543   0.09281666  0.46158126  0.06643477  0.42555575
  0.55024299  0.5388012 ] 0.0013493224385628913 True
[ 0.12385064 -0.39187506 -0.05896245 -0.58509816 -0.21454718  0.05742207
 -0.31722348 -1.28882702 -1.27043354 -0.92100565 -0.13340068 -0.66499743
  0.09625162  0.60332386  0.98898843  0.28526238  0.22235119  0.48441652
  1.23023405  0.48755955] 0.0011037864729537099 True
[ 0.6950264  -0.27460626 -0.19084446 -0.81164048 -0.78328892 -0.53809801
 -0.47352206 -1.04790847 -1.19314997 -0.58899951 -0.4578373  -0.52281636
 -0.32155155  0.24088075  1.05447035  0.68649442  0.53399634  0.29826776
  0.5256895  -0.29513634] 0.00042431213882479203 True
[ 1.60757937  0.39433462  0.47889933 -0.21411011 -0.08307553 -0.38208797
 -0.26583023 -0.4030677  -0.4389808  -0.29542387 -0.31252555 -0.17152615
  0.11487223  1.08845882  0.81089339  1.08102286  1.00552016  0.72805058
  0.86163727 -0.12876391] 0.0006061834692898573 True
[ 1.61274797  0.50959306  0.34108911 -0.26227068 -0.15231774 -0.53928303
 -0.82374297 -0.72285139 -0.47023834 -0.35041182 -1.35776002 -0.78307871
 -0.28231729  0.15227644 -0.51730323  0.16453597  0.30163679  0.51950539
  0.98362356  0.5404144 ] 0.0008410869418115961 True
[ 2.2042066  -0.31138754 -0.8141941  -1.15628244 -1.71435561 -1.39006215
 -0.5821456  -0.69609172 -0.65890179 -0.13479597 -0.7345479  -0.79978663
 -0.57458567  0.29545525 -0.38572822  0.05952765 -0.21068048  0.79224853
  0.63075994  1.46362492] 0.0007504486995380163 True
[ 1.19982762 -0.77619067 -0.89340568 -0.50873669 -0.73086786 -0.83730193
 -0.96912536 -0.58147919 -1.20513404 -0.21295921 -0.42892911 -0.52593198
 -0.17078693 -0.39598619  0.07336647  0.45439865  0.36986261  0.76131073
  1.20718264  2.10583716] 0.0006186074210810514 True
[ 1.67054103 -0.70638688 -0.53778323 -0.40800122 -0.36405737 -1.00929232
 -0.49031209 -0.57945018 -0.91879774 -0.58755489  0.2104358  -0.06604027
 -0.38085417 -0.10856899  0.23928419  0.47984708  0.42747651  1.10707577
  1.19497197  2.2067338 ] 0.00042350654359653555 True
[-0.46876336 -0.56096547 -1.0381246  -0.24721415  0.23068087 -0.39826399
 -0.35267098 -0.87380712 -0.04843684 -0.84913041 -0.00663889  0.41327816
  0.70994989 -0.37518802  0.37948562 -0.09942953  0.39638104  1.09349716
  1.05559622  1.8631004 ] 0.0014356015535847016 True
[-1.05267377 -1.50305528 -1.99136432 -1.73713614 -1.09378704 -1.56945842
 -1.29203116 -0.89788554 -1.32253885 -1.60592009 -0.78278036 -1.23228797
 -0.43469701 -0.7254101  -0.90957159 -0.15769559  0.01313283 -0.06903145
  0.62027455  1.4106654 ] 0.0005782612087761888 True
[-1.0840204  -1.63833391 -1.49887641 -0.43461021 -0.5603571  -0.20716745
 -0.41041246 -0.81445233 -1.10375818 -0.42497209 -0.61484781 -1.1330044
 -0.2787369  -0.37441842 -0.35738606  0.32275726  0.10869081  0.35064582
  0.75008349  1.59658182] 0.0006277230425301746 True
[-0.45046626 -1.0611179  -1.349439   -0.559767   -0.90416713 -0.656385
 -0.4372268  -0.92690303 -0.69733334 -0.2587742  -0.34157623 -0.37076033
  0.04215792 -0.07906448  0.47203702  0.42290308  0.85164074  1.29897112
  1.5361167   2.66802604] 0.00042350723641386656 True
[-2.20033152 -2.0186042  -2.7557101  -1.78234845 -1.62757508 -1.89121551
 -1.91979917 -2.81618659 -1.79725846 -2.39663777 -1.69161903 -1.115252
 -1.166782   -1.91743572 -1.51034129 -1.15679216 -0.99914564 -1.01852482
  0.12198581  3.17012044] 0.0013195068577446835 True
[-2.01967955 -1.44302473 -2.19710802 -2.47046619 -1.62094726 -2.22041793
 -2.31610038 -2.13971169 -1.22269175 -1.12640916 -1.19628303 -1.63601385
 -2.5754245  -1.68035208 -1.2026495  -1.66992621 -1.23282344 -0.8214139
 -0.12362963  2.89594123] 0.0011780315465676231 True
[-2.40324025 -2.35567768 -2.54335992 -2.73927035 -2.17298249 -1.25732287
 -4.28990914 -1.54704922 -0.88638016 -1.27974729 -1.62894124 -1.19535015
 -1.84350423 -1.71791375 -0.8166515  -1.31291525 -1.45442237 -1.5840624
 -0.57681434  2.6864825 ] 0.0006347019604719457 True
[-3.62257787 -3.08402794 -2.88286154 -1.85865094 -2.26247959 -1.76670525
 -2.55654487 -2.23997164 -1.55880708 -1.4602662  -1.92662583 -1.08172759
 -1.55628742 -1.48887758 -1.01619564 -1.46789235 -2.02586231 -1.70285732
 -0.88132903  2.20274129] 0.0007149492339449246 True
[-2.76758159 -3.25130803 -3.00240982 -3.72093725 -3.39970444  0.36638035
 -2.42981148 -2.78884295 -2.32740936 -1.49137425 -1.79778767 -1.77493314
 -1.03688841 -1.90148879 -2.42958076 -2.69857756 -2.744951   -2.00614206
 -2.02052317  0.63592193] 0.000640323938501514 True
[-0.81000287 -3.24964572 -0.01106927 -0.93452702 -1.07028623 -1.30981753
 -1.6376066  -1.13743393 -0.07490074 -0.90071283 -0.80175079 -0.61927092
 -1.28322275 -1.0600157  -1.94933842 -0.95994111 -1.70492332 -1.58930393
 -2.34584776  0.510388  ] 0.001383636851495529 True
[-1.75347713 -2.30068392 -2.2346222  -2.57573209 -2.29107325 -2.13333413
 -2.25023335 -1.10693588 -1.50000703 -2.02880564 -1.60810458 -1.42324087
 -2.1168884  -2.77190142 -2.10742903 -1.13046531 -1.20991707 -0.70693105
 -0.9565924  -0.19902393] 0.001314035957138293 True
[-1.18895276 -1.12637724 -1.50349789 -1.42276254 -0.90273573 -0.09903407
 -0.50309075 -0.17574028 -1.17994798 -1.46356499 -0.64710657 -0.67954917
 -1.20320469 -1.5132062  -0.65271013 -0.58169312  0.16290321  0.46517109
 -0.04100909  0.33398646] 0.0009649681290905634 True
[-1.39873736 -0.82982024 -0.81956405 -0.08417298 -0.48690189 -0.26996148
  0.11740709  0.38155652 -1.08063205 -0.99600678 -1.0768005  -0.63892008
 -0.21117067 -0.31513637  0.1784716  -0.41299873 -0.1779695   0.79528046
  0.63259665  1.11758539] 0.001989442795804007 True
[-1.40818475 -0.79716301 -0.62440651 -0.48698314 -0.21784731  0.1737067
  0.01307546 -0.73119177 -1.6660947  -0.8760493  -0.20889616 -0.88857007
 -0.33023646 -0.05537565 -0.43941244  0.41277819 -0.05843134  0.27553891
  0.9913645   1.18521621] 0.0012511067440037894 True
[-1.60901363e+00 -8.55062387e-01 -8.19644174e-01 -2.98051583e-01
 -1.74495840e-01 -8.19398002e-01  3.61566938e-04 -2.47056154e-01
 -1.06659445e+00 -9.33234341e-01 -1.37307071e-01 -5.27499481e-01
 -2.73893180e-01 -4.18809788e-02 -2.41192847e-01  7.04107168e-01
  5.03925816e-01  1.42994419e-01  1.03306461e+00  1.65907221e+00] 0.0010219863661278259 True
[-1.74040421 -1.24254523 -2.16728869 -1.88320147 -2.40797483 -1.43792011
 -1.06058948 -1.7612418  -1.37252155 -1.77110062 -1.39720754 -1.32814212
 -0.46985412 -1.48764541 -0.98513728 -0.71070591 -0.29027027 -0.56256191
  0.24216544  0.94952094] 0.0013519037653079264 True
[-2.37947972 -1.57507297 -1.29405443 -1.86140049 -1.54602328 -1.68272307
 -1.94545041 -1.47357632 -1.26466055 -1.47470608 -0.99693656 -1.63105638
 -0.91047447 -0.83054206 -0.40964895 -1.0340606   0.00443635 -0.04830812
  0.36157294  1.36508047] 0.0007288370071357765 True
[-1.42334089 -0.58151008 -1.46888582 -1.66450279 -1.51229567 -1.37250954
 -0.32917422 -0.88030314 -1.47417345 -1.00766106 -0.96981877 -1.3158517
 -0.32655205 -0.60496037 -0.73627863 -0.11595031 -0.13110007  0.2519325
  0.61425323  1.55240514] 0.0012014920589735454 True
[-1.91216253 -1.46094749 -2.10247018 -1.51072297 -1.93584649 -1.37565385
 -1.6429083  -2.08093411 -1.03794594 -1.24631674 -1.52768825 -1.31685324
 -0.63810358 -0.88881117 -1.05277501 -0.28236348  0.16522747 -0.35413136
  0.48997811  1.37311389] 0.0010374443371526168 True
[-2.26305407 -2.03369166 -1.9923538  -1.03373826 -1.5244968  -1.96649223
 -2.08025661 -2.03369204 -1.71433387 -1.21253338 -1.559366   -1.70548171
 -1.40289544 -0.53074582 -1.00614736 -1.43920388 -0.47924729 -0.80324483
  0.05703746  0.51628956] 0.0006380385075689921 True
[-2.02929604 -1.93021892 -2.17385504 -1.97009059 -1.48532101 -2.13727143
 -2.2108876  -1.23172599 -1.93901012 -1.30253013 -1.84942267 -1.37646495
 -1.27172691 -0.73123944 -1.36955871 -0.72981263 -0.21134938 -0.24514826
  0.27507909  1.29893866] 0.000777827436442925 True
[-1.72270437 -0.81368279 -1.41092438 -1.03053714 -1.71461527 -0.95949256
 -1.44455345 -0.76567674 -1.18855293 -0.85095223 -1.38616165 -0.33804252
 -0.62064764 -0.45877645 -0.7908514   0.15117029  0.30364954  0.09755137
  0.82457132  1.69588727] 0.0014074853468347694 True
[-0.28555173 -0.78623373 -1.34863653 -1.5066654  -1.91898795 -1.22660966
 -4.37730586 -2.27227299 -1.6422047  -1.01962913 -0.84092404 -1.56798061
 -1.53119194 -2.09965104 -0.83673622 -0.46633251 -0.37405065 -0.13321488
 -0.54255239 -0.2258162 ] 0.0020233684173253013 True
[-0.0914421  -0.14428924 -1.19355345 -1.36556647 -1.50342163 -0.79065812
 -4.193025   -2.07294394 -1.4807733  -1.52791987 -1.9562957  -0.8457817
 -1.36629089 -0.79420315 -1.01822868 -1.07119152 -0.27221903  0.03653848
 -0.24393253 -0.14518151] 0.0011287681316174854 True
                        fun: 0.00042350654359653555
 lowest_optimization_result:       fun: 0.00042350654359653555
 hess_inv: array([[42.20222096, 39.69669461, 27.54604973, 24.68672957, 35.88574821,
        19.64388016, 22.74394606, 31.49360767, 33.63971349, 30.62815819,
        38.98437159, 27.02446264, 20.964112  , 32.36684017, 22.17525038,
        17.41756929, 22.74453935, 26.73632138, 13.48427536, 13.62180687],
       [39.6966946 , 45.0435508 , 31.27805919, 29.3594583 , 42.04036883,
        23.43490164, 29.11506727, 38.32593925, 36.11068906, 31.98123054,
        46.93714934, 33.73485862, 24.05176922, 36.5807439 , 25.74291309,
        24.00753551, 30.39974835, 35.15326066, 20.10174587, 25.90303136],
       [27.54604973, 31.27805919, 24.5278972 , 19.65763235, 30.58926711,
        16.08061194, 21.57128043, 28.22693659, 24.97756987, 21.10540258,
        34.2550866 , 25.18196633, 17.37547076, 24.83113317, 17.42438093,
        18.27264674, 21.43552445, 24.24143705, 14.92629341, 19.25285619],
       [24.68672957, 29.3594583 , 19.65763235, 22.84670809, 27.52151432,
        21.67035231, 18.84339648, 26.56658766, 22.83290808, 23.79929961,
        31.48174893, 21.77378279, 18.42247343, 25.50359669, 20.27246138,
        16.76573372, 23.2224464 , 24.45926805, 17.27746442, 20.54556595],
       [35.8857482 , 42.04036883, 30.58926711, 27.52151432, 46.27354981,
        17.96809338, 29.906135  , 36.41951907, 37.29433341, 26.61882412,
        44.62350376, 34.08420069, 22.58380001, 38.82932486, 25.58855189,
        26.41164726, 30.58402281, 39.31443997, 22.76081473, 31.0266154 ],
       [19.64388016, 23.43490164, 16.08061194, 21.67035231, 17.96809339,
        31.13324463, 13.24428639, 24.99581354, 13.64139464, 24.11382477,
        28.13410487, 18.14814798, 21.02988767, 18.11513347, 19.86183423,
        13.9134356 , 23.42455845, 16.6064759 , 19.36676654, 18.22515449],
       [22.74394606, 29.11506727, 21.57128043, 18.84339648, 29.906135  ,
        13.24428639, 21.70022475, 25.90356339, 23.42611838, 18.25490906,
        31.82305481, 24.11195099, 15.39816142, 24.92007617, 16.698774  ,
        18.55758356, 21.43082845, 26.4941805 , 15.49412914, 22.36834827],
       [31.49360767, 38.32593925, 28.22693659, 26.56658766, 36.41951907,
        24.99581354, 25.90356339, 36.12110094, 28.97241878, 27.39618737,
        42.96395383, 31.45458835, 23.8491811 , 31.12357259, 24.05578975,
        23.73971246, 30.369747  , 31.90744045, 22.66237262, 28.3592419 ],
       [33.63971349, 36.11068906, 24.97756987, 22.83290808, 37.29433341,
        13.64139464, 23.42611838, 28.97241878, 33.1010269 , 24.45423289,
        35.92567858, 26.48384653, 17.59027391, 32.21294969, 20.74471413,
        19.36698542, 22.79760122, 30.15865042, 14.97761405, 19.87026877],
       [30.62815819, 31.98123055, 21.10540258, 23.79929961, 26.61882413,
        24.11382477, 18.25490906, 27.39618738, 24.45423289, 28.39273461,
        32.95722717, 21.36378841, 19.55219535, 25.93457879, 20.89378919,
        14.99139686, 22.22265273, 21.95195642, 14.79677187, 15.00696299],
       [38.98437158, 46.93714934, 34.2550866 , 31.48174893, 44.62350376,
        28.13410486, 31.82305481, 42.96395384, 35.92567858, 32.95722717,
        51.96649323, 38.00904306, 27.73223336, 38.05590309, 28.434601  ,
        28.22187066, 35.56532639, 38.7425164 , 25.79111638, 32.91076524],
       [27.02446264, 33.73485862, 25.18196633, 21.77378278, 34.08420069,
        18.14814798, 24.11195099, 31.45458835, 26.48384653, 21.36378841,
        38.00904306, 29.41925501, 20.16964189, 28.24997976, 20.51334257,
        22.47038753, 26.94780197, 30.6893545 , 20.59511128, 27.32550188],
       [20.964112  , 24.05176922, 17.37547076, 18.42247343, 22.58380001,
        21.02988767, 15.39816142, 23.8491811 , 17.59027391, 19.55219535,
        27.73223336, 20.16964189, 18.31994033, 20.74737615, 17.89500011,
        15.80597298, 21.98706607, 20.90075123, 17.98289955, 19.65951358],
       [32.36684017, 36.5807439 , 24.83113317, 25.50359669, 38.82932486,
        18.11513347, 24.92007617, 31.12357259, 32.21294969, 25.93457879,
        38.05590309, 28.24997976, 20.74737615, 35.39437222, 24.15419924,
        22.50955963, 27.78501148, 35.14354106, 20.89494042, 26.90811857],
       [22.17525038, 25.74291309, 17.42438093, 20.27246138, 25.58855189,
        19.86183422, 16.698774  , 24.05578975, 20.74471413, 20.89378919,
        28.434601  , 20.51334257, 17.89500011, 24.15419924, 19.61133899,
        16.65715469, 22.71929772, 24.10036447, 18.42929944, 21.09036941],
       [17.41756928, 24.00753551, 18.27264674, 16.76573372, 26.41164726,
        13.9134356 , 18.55758356, 23.73971246, 19.36698542, 14.99139686,
        28.22187066, 22.47038753, 15.80597297, 22.50955963, 16.65715469,
        19.0492695 , 22.51843488, 26.02778093, 18.91238606, 25.3873546 ],
       [22.74453935, 30.39974835, 21.43552445, 23.2224464 , 30.58402281,
        23.42455845, 21.43082845, 30.369747  , 22.79760122, 22.22265272,
        35.56532639, 26.94780197, 21.98706607, 27.78501148, 22.71929772,
        22.51843488, 29.65038852, 30.98424881, 24.74061096, 30.66959538],
       [26.73632138, 35.15326066, 24.24143705, 24.45926805, 39.31443997,
        16.6064759 , 26.4941805 , 31.90744045, 30.15865042, 21.95195642,
        38.74251639, 30.6893545 , 20.90075123, 35.14354106, 24.10036446,
        26.02778093, 30.98424881, 39.39770327, 25.19049483, 34.90389367],
       [13.48427536, 20.10174587, 14.92629341, 17.27746441, 22.76081473,
        19.36676653, 15.49412914, 22.66237262, 14.97761405, 14.79677187,
        25.79111638, 20.59511128, 17.98289955, 20.89494042, 18.42929944,
        18.91238606, 24.74061096, 25.19049483, 23.21948829, 28.0430041 ],
       [13.62180686, 25.90303136, 19.25285619, 20.54556595, 31.0266154 ,
        18.22515448, 22.36834826, 28.3592419 , 19.87026877, 15.00696298,
        32.91076523, 27.32550188, 19.65951358, 26.90811857, 21.09036941,
        25.3873546 , 30.66959538, 34.90389367, 28.04300409, 38.7495635 ]])
      jac: array([ 3.57416357e-05, -9.37672667e-05,  7.52349770e-05,  4.44243851e-05,
       -1.27962834e-04,  9.66691514e-05,  3.21453626e-06, -6.23960186e-05,
        1.00588873e-04, -1.27286250e-04,  4.56732050e-05,  3.02581066e-05,
       -3.30458388e-05,  5.98666120e-05, -1.27283383e-05, -2.23384995e-05,
        1.81827309e-05,  5.10938080e-05, -7.82613206e-05,  2.16481312e-05])
  message: 'Desired error not necessarily achieved due to precision loss.'
     nfev: 11436
      nit: 476
     njev: 544
   status: 2
  success: False
        x: array([ 1.67054103, -0.70638688, -0.53778323, -0.40800122, -0.36405737,
       -1.00929232, -0.49031209, -0.57945018, -0.91879774, -0.58755489,
        0.2104358 , -0.06604027, -0.38085417, -0.10856899,  0.23928419,
        0.47984708,  0.42747651,  1.10707577,  1.19497197,  2.2067338 ])
                    message: ['requested number of basinhopping iterations completed successfully']
      minimization_failures: 101
                       nfev: 1511604
                        nit: 100
                       njev: 71925
                          x: array([ 1.67054103, -0.70638688, -0.53778323, -0.40800122, -0.36405737,
       -1.00929232, -0.49031209, -0.57945018, -0.91879774, -0.58755489,
        0.2104358 , -0.06604027, -0.38085417, -0.10856899,  0.23928419,
        0.47984708,  0.42747651,  1.10707577,  1.19497197,  2.2067338 ])

Process finished with exit code 0
