E:\CURPROJECT\SimsV3\venv\Scripts\python.exe E:/CURPROJECT/SimsV3/Simple_ManyWP_reproducability_test1.py
[4.55034128 5.04324064 2.01393681 5.55746105 2.13486568 1.84028875
 2.55750737 3.63771059 3.02502379 5.69238823 0.34884265 6.00262025
 2.96577198 0.04562903 6.02752804 2.63542902 0.00660033 2.01376979
 1.16040335 2.07845915] 0.0030357668553172693 True
[5.15364326 5.72765954 1.77076467 5.05404623 2.19068751 2.94084475
 2.211311   4.99279446 1.6360733  5.4524552  0.00653333 6.24407419
 3.97291088 1.21066691 3.23148172 2.4937957  0.13623067 2.85080798
 1.46370789 2.88265019] 0.03510860340782113 True
[5.6148526  5.59459281 1.75476854 5.06253976 2.05324324 2.68659517
 2.24996186 4.89565105 2.03882154 5.2120912  0.         6.28309898
 3.74066617 1.29177858 3.77803123 2.71141666 0.38911474 2.83967487
 2.76463136 2.91385845] 0.008373592706599335 True
[5.34300388 5.38691537 1.7022772  4.56272247 1.81644337 2.57961434
 3.03133199 4.63575454 2.70715952 5.53005323 0.54520565 6.18828193
 3.27638942 3.03316197 2.70594714 2.96464292 0.91802403 2.97738563
 2.61674586 2.13196313] 0.004819274960829241 True
[5.49229894 5.02152976 2.43880603 5.1558531  1.44226616 1.68429853
 2.87404438 4.64062576 2.86102399 5.9837395  0.40433163 5.75102447
 3.24455928 3.52934584 3.10165045 2.7063954  0.49481529 3.10158686
 2.79800236 2.32135766] 0.0030747961343635887 True
[5.44754706 5.04745245 2.41736961 4.99435853 2.14519586 2.71534892
 2.72732788 3.74500041 2.71377683 6.11058333 0.7932486  4.68512609
 3.76570609 3.74551704 2.9885629  2.58188952 0.05035468 2.94920356
 3.1061564  2.76220638] 0.0024720303418666236 True
[4.88579978 2.3393737  2.31604843 5.0422554  4.37547167 5.02267357
 1.75472897 5.03072288 1.43782461 3.49443888 3.43013297 3.25760683
 4.00926988 1.53940208 0.61303229 3.78851586 4.37316916 4.43761545
 4.22640282 1.52800871] 0.002101268795049071 True
[0.00000000e+00 4.97041393e+00 5.22090939e+00 0.00000000e+00
 6.08966024e+00 3.68380690e-01 4.92506579e+00 6.00927128e+00
 6.12912532e-01 6.21577431e+00 5.85455180e+00 5.42683328e+00
 1.34224145e-03 5.24525248e-01 6.13647632e+00 6.28318531e+00
 9.48954197e-01 6.28318531e+00 1.08577962e+00 1.28160099e+00] 0.019882182228612058 True
[0.         5.27022776 4.97151339 0.         5.15035044 0.03327107
 5.3233632  6.25007608 0.         6.28318531 5.2790571  5.69235749
 1.57364093 0.03270949 5.91917649 6.28318531 1.0940203  6.28318531
 1.09302718 0.57229538] 0.035265192156545166 True
[4.92691240e-01 5.39996500e+00 6.27937810e+00 3.05119748e-03
 5.48651319e+00 5.01422975e-02 6.09643848e+00 6.09744890e+00
 4.21583805e-03 5.32123176e+00 4.80425766e+00 5.72099237e+00
 2.64632881e+00 0.00000000e+00 6.07117941e+00 5.63877680e+00
 1.57949860e+00 4.26854899e+00 1.75695044e+00 1.67730699e+00] 0.005707724891589931 True
[6.28318531 1.45169014 6.28318531 4.50556021 1.47739344 6.17128338
 1.03028909 4.3286155  5.32343442 0.55371922 0.32933881 3.43687807
 0.         6.25933114 5.45866257 0.06406642 5.85375741 6.28318531
 0.04320214 1.09158662] 0.053897779758922605 True
[6.28318531e+00 6.96302137e-01 6.28318531e+00 3.76734145e+00
 7.88703651e-01 6.13729758e+00 4.29552459e-01 4.25955682e+00
 4.51617509e+00 7.28197449e-01 7.45250728e-01 2.66752049e+00
 6.87333799e-02 5.83335673e+00 5.62644871e+00 9.61622560e-04
 5.91493928e+00 5.59103227e+00 0.00000000e+00 1.59947769e+00] 0.004145921611011633 True
[5.50995141 0.         6.28318531 3.92244742 0.80814495 6.28318531
 0.52345548 4.44055028 4.13224422 0.64082187 0.53348012 2.46371912
 0.01706973 5.10359544 5.09832261 0.         5.99392322 5.9600352
 0.00753824 2.12298958] 0.06369483545004243 True
[6.28034069e+00 1.22136886e-01 5.67215569e+00 2.00314363e+00
 7.94820496e-06 5.69329994e+00 3.35505869e-02 3.70864309e+00
 3.98077375e+00 8.41515172e-01 8.34104386e-01 2.81991750e+00
 9.47917599e-01 4.23113696e+00 4.60227724e+00 1.17810463e+00
 6.28253906e+00 6.22930031e+00 6.54677999e-01 3.43381995e+00] 0.0045187531761657716 True
[5.33572441 0.         6.28238055 1.73398183 0.15959033 5.47781017
 0.28702011 3.22727936 3.5010911  1.01274847 0.85465745 3.6507831
 0.91355531 4.53962484 4.24806624 1.04011784 5.86303413 5.92928312
 0.39513616 3.19868766] 0.023411400590177867 True
[5.57530323 0.         5.89505383 0.76787714 0.75203598 6.16652956
 0.44900108 3.50273095 3.92050867 1.60189329 1.00371202 3.77938663
 1.60858347 4.68430045 4.55431885 0.72930998 6.28318531 6.09199423
 1.00635491 3.9093557 ] 0.005799320476606973 True
[5.69114939 2.3115615  2.87748076 2.18618959 0.06394125 3.60059652
 0.11199666 2.45731517 3.08891603 3.36414119 0.98705636 4.7363611
 1.27997899 3.47666616 4.45835594 0.33992192 6.28305773 3.56042293
 0.38977299 3.06944921] 0.004429833265182822 True
[4.21922029 2.96705563 4.37239146 1.20741252 0.63533504 2.9519722
 0.62304538 4.32915257 4.48147048 4.55812794 1.46903657 3.91663983
 1.63314401 3.80453207 3.16219458 0.02982445 6.21123921 3.40971876
 0.51675572 2.78271787] 0.003520106276295893 True
[6.28318531e+00 1.51133447e-08 5.95792881e+00 5.15769984e+00
 2.02829423e-06 5.47883774e+00 3.79092647e-06 5.52405820e+00
 8.74627097e-03 9.77541373e-01 6.28267664e+00 4.20266856e+00
 5.20471207e-01 1.02750895e+00 3.62729623e+00 4.60643834e-01
 5.05587142e+00 5.87843480e+00 1.11372249e+00 5.73359822e+00] 0.03924336771248263 True
[6.05687229e+00 2.28174208e-01 5.95746071e+00 5.01978067e+00
 3.10509336e-02 5.24057030e+00 1.00725208e-03 5.32996867e+00
 3.07153405e-01 9.82980889e-01 6.28254058e+00 4.08319173e+00
 1.08555664e+00 4.43719836e-01 3.81571490e+00 1.92818604e-04
 5.11751233e+00 5.66415590e+00 1.31729484e+00 6.28318531e+00] 0.17429945720867776 True
[6.28318531 0.         5.98174563 5.28469412 0.         5.30952339
 0.         5.55129067 0.         0.68826914 6.00255651 4.38020868
 0.53419094 1.03128386 4.4346309  0.18733827 5.20256298 6.28318531
 1.02997526 6.28318531] 0.02883305244437827 True
[5.21329763e+00 5.80728290e+00 0.00000000e+00 3.29779261e+00
 5.73506028e+00 6.10011577e+00 5.71143549e-01 1.89422423e-01
 6.28318529e+00 6.04566821e+00 6.28318531e+00 3.08528596e+00
 4.53983052e+00 7.71516160e-03 6.59514726e-01 5.91258677e+00
 4.72773090e-03 5.82271707e+00 1.44997817e-01 6.28318531e+00] 1.8782877403308715 False
[5.80046313e+00 1.00947879e-03 5.61084816e+00 4.92296083e+00
 2.66733629e+00 3.20201319e+00 2.91068488e+00 5.37204133e+00
 3.82956660e-04 2.17991019e+00 4.34345248e+00 5.22742797e+00
 2.50441134e+00 1.98229389e+00 5.47811252e+00 2.81762232e-02
 5.31048775e+00 4.52680632e+00 1.19124290e+00 4.20058106e+00] 0.009546180431442262 True
[5.66765591 0.17002725 6.24513893 2.42377057 5.17695271 2.96424551
 2.49309421 4.61956605 0.99310656 1.35737693 1.97969214 5.17475476
 1.45634243 1.87963077 5.0757644  2.8117791  4.96826809 4.57347162
 1.58394461 4.32461718] 0.0031755602033730463 True
[5.80446555 0.25174769 5.91871197 2.69865711 4.98028833 2.30205952
 1.68244334 4.73026456 0.90199932 1.16538599 2.0548646  5.357251
 2.09172399 2.11184736 4.80410047 3.63216846 4.79871449 4.81792764
 1.54757589 4.21641639] 0.0014869141758526022 True
[5.52670353 0.33620723 5.94109193 2.99447485 5.3131896  2.06952008
 1.84234963 4.74433033 1.03922796 0.92624788 1.77610656 5.4453359
 1.94237573 2.206249   4.93338825 3.93159361 4.93662701 4.5864895
 1.59120038 4.12323881] 0.0012996925286955466 True
[5.62783795 0.16868951 6.07189592 2.5208829  5.62049932 1.92645482
 1.88905755 4.09233513 0.61807062 1.23671399 1.69235764 5.46733215
 2.0790711  1.81076581 5.09652584 4.37780511 4.9084783  4.92901957
 1.60683838 4.01505672] 0.0021292683087380353 True
[6.12641847 0.15397036 5.72708262 2.13316579 5.08206299 2.21861363
 1.37999797 1.58156552 0.9786503  2.13509335 1.76998663 5.01233634
 3.03261422 2.77317325 5.20552086 4.48043824 4.40743522 4.63843096
 1.81029964 4.09263257] 0.0037674539837676685 True
[0.21542872 0.         6.28318531 6.02794369 6.28318531 5.56857991
 0.         1.91324473 2.73618222 3.12511294 5.63533149 5.77355083
 0.         6.16647609 0.09891734 6.28318531 3.46161939 6.28318531
 0.         2.33396688] 1.0518795366181566 False
[6.21831128 0.65436788 5.99927016 2.38943655 5.1989232  2.41028411
 2.10559288 1.71544351 1.42735403 1.88844093 1.2369045  5.00108853
 2.61322528 2.04961412 5.63070976 4.52531483 4.00374789 4.93259971
 1.64820043 4.02502322] 0.0022529692697202536 True
[4.50853215 2.04155554 4.85132866 2.08122638 2.89132004 3.38799493
 2.32797777 1.96631761 2.03930599 2.17782983 2.84584136 5.32469447
 1.93768173 1.86139788 4.33937697 3.81404894 4.2406652  3.90510099
 1.36617228 4.77467451] 0.0012333994488337677 True
[2.54580781 0.39116574 5.62377882 0.24847126 3.82152524 2.43115847
 2.68430386 2.63108603 2.0709477  3.02226454 4.98444913 2.48646445
 3.20927399 3.80146959 3.45607235 3.72787262 2.92108396 4.12853162
 3.19740273 4.24319847] 0.013412451591622474 True
[6.01245428e+00 4.64589581e+00 4.40976575e+00 7.33385092e-01
 9.98092202e-01 3.41377938e-01 5.47982135e+00 6.27727848e+00
 6.75894123e-01 7.78534941e-01 6.27397248e+00 2.53126543e-03
 0.00000000e+00 5.27097229e+00 5.58411441e+00 5.42210119e+00
 0.00000000e+00 6.02105680e-01 2.72332383e-01 6.13283695e+00] 0.015976943791138197 True
[6.28318356e+00 3.49679710e+00 3.81234784e+00 5.72269804e-01
 9.14853085e-01 5.62597423e-08 4.20162396e+00 4.83543869e+00
 8.46539467e-01 4.55040630e-01 6.28318531e+00 2.77003696e-02
 0.00000000e+00 5.46231874e+00 4.88135956e+00 5.44323369e+00
 1.75615468e-04 3.12477890e-02 3.21423141e-01 5.43067244e+00] 0.004339031684320684 True
[5.43836157 2.72320431 3.16896772 1.78763065 0.20352598 0.51064023
 3.7473725  5.96384485 0.66269231 0.72347722 4.23369597 1.56475762
 0.96521119 6.22570261 3.65643147 4.0028224  0.56886071 0.83495436
 1.10237909 4.87177527] 0.003766687332094126 True
[5.70580612 2.55981459 2.81601035 0.95697306 0.33267226 0.29528822
 3.56413015 5.98929494 0.83044794 1.53485981 4.45471543 1.30249053
 0.45951842 6.27468438 3.50087409 3.4732065  0.03732331 0.99996489
 1.14368578 4.70989693] 0.020020846784053293 True
[5.66764868e+00 1.99990662e+00 2.72989046e+00 1.45837517e-03
 7.01295551e-01 1.27353718e-01 3.67626095e+00 5.94153627e+00
 6.42437711e-01 1.04892456e+00 3.78438453e+00 1.09442841e+00
 6.77121671e-01 6.27876761e+00 3.55070347e+00 3.67476932e+00
 3.72420993e-01 1.59213607e+00 1.48180447e+00 4.17763389e+00] 0.0017648316189729583 True
[6.00656405e+00 3.31367967e+00 8.61164750e-01 6.28318531e+00
 4.01818408e+00 3.92096950e-01 6.28318531e+00 1.46780618e-04
 5.02257115e-01 5.64560209e+00 1.92951834e+00 4.98188824e+00
 5.22289820e+00 1.58410093e+00 5.87392222e+00 5.71534791e+00
 3.77231644e-02 5.83944552e+00 0.00000000e+00 5.36984754e+00] 0.014903684102397282 True
[6.04067608e+00 3.42685644e+00 8.78038328e-01 6.28318531e+00
 4.10486189e+00 5.48230712e-01 6.28318531e+00 3.77569153e-02
 0.00000000e+00 5.68409499e+00 1.46625614e+00 5.11251344e+00
 5.22886490e+00 1.94951022e+00 5.72738310e+00 6.07252195e+00
 3.29646509e-02 5.85188857e+00 7.45979611e-05 5.27618980e+00] 0.008676314825221824 True
[4.46293662 4.37900622 0.84643278 6.12674484 3.1896046  0.7897133
 5.78628362 0.07111708 0.67332193 5.84963618 0.6065389  6.23847482
 5.97080445 1.44786576 5.62381333 5.88532691 0.17010807 5.32603701
 0.22013854 5.93385687] 0.013743143261793728 True
[4.10440910e+00 3.33074929e+00 1.23792512e+00 6.28318531e+00
 3.75891306e+00 1.36524335e+00 5.09927511e+00 7.19205041e-01
 5.61020056e-01 6.12776005e+00 3.74506607e-05 5.91689356e+00
 6.00580490e+00 2.06059811e+00 5.23868129e+00 6.27813481e+00
 4.17563069e-01 6.18101951e+00 3.54091726e-01 6.03967150e+00] 0.00993976426758985 True
[4.41909299e+00 4.02442943e+00 1.13983209e+00 5.98878507e+00
 3.36211543e+00 7.97154945e-01 5.86720123e+00 9.16850911e-01
 2.13653236e-01 5.93894584e+00 6.84338876e-01 5.84794303e+00
 6.28318516e+00 2.47292072e+00 5.01385872e+00 5.78691509e+00
 1.50971616e-04 6.28318515e+00 8.21678235e-01 6.20886581e+00] 0.012660894284399062 True
[0.0807318  6.28318531 6.22298175 0.         6.28318531 6.28318531
 0.         6.11385367 6.1466415  0.         6.26765526 0.52956113
 5.87912651 0.11540214 6.16349298 6.28318531 0.88079972 4.21790547
 6.28318531 4.13367424] 2.54750711808288 False
[4.58427061e+00 4.58360746e+00 1.01895248e+00 6.24497842e+00
 3.31341219e+00 6.33422744e-01 6.25815795e+00 4.48559476e-03
 3.40641938e-01 6.06110163e+00 5.35990857e-01 6.22983402e+00
 5.44992376e+00 1.67877272e+00 5.47396791e+00 3.41043932e+00
 2.54534865e+00 6.03993011e+00 1.80666371e-01 5.82730246e+00] 0.0035026122431917133 True
[4.85121307 0.         4.89166726 6.00438616 5.90675826 0.
 6.21305821 0.0498862  0.         6.28318531 0.         6.28318531
 6.28318531 0.         6.28318531 0.         6.28318531 6.27962947
 0.         6.27868459] 1.8771505502484818 True
[5.02658542e+00 5.33569194e-01 5.05693232e+00 5.79753166e+00
 5.37352423e+00 2.58833895e-01 5.74490411e+00 3.94169845e-05
 6.75368922e-01 6.16269655e+00 6.88695017e-01 5.37724570e+00
 6.19615742e+00 1.59028969e-03 6.25113236e+00 5.94160105e-01
 6.28318467e+00 4.86485716e+00 5.35088933e-01 4.93450882e+00] 0.10140270729151248 True
[4.68010378e+00 1.59181293e-01 4.67616262e+00 4.92567905e+00
 2.73509780e+00 2.15990381e+00 4.67084286e+00 2.81202387e+00
 1.28273791e-01 2.89175374e+00 2.89585637e-02 5.30581455e+00
 5.22925920e+00 2.73457558e-03 6.14472103e+00 3.65746723e-01
 6.24295188e+00 3.36784657e+00 3.42121901e-01 5.67891427e+00] 0.011782959911967214 True
[6.28318531 0.18441246 4.37544551 3.84484827 4.94196203 0.82624266
 3.78422661 3.13261527 0.01952347 3.9850849  0.         5.52887779
 5.27993609 0.         5.25284353 2.405764   6.1366448  3.16622242
 0.36518339 5.91536027] 0.007718864985008728 True
[6.28318531 0.34736609 4.44434158 3.92816996 4.96318758 0.68529779
 4.01162804 3.20876787 0.10001538 3.57248392 0.         5.2007168
 5.13927798 0.         5.40424181 2.69104122 5.8256648  3.64106579
 0.         6.28318531] 0.008147388827469406 True
[6.28104796 0.53428497 4.80003061 4.00001775 4.9738234  1.21882686
 3.77355733 3.42594124 0.65205538 3.82480564 1.05748968 5.52574344
 4.86349096 0.31208105 4.62437424 3.52142454 6.28049134 3.2089519
 0.05201489 5.36566333] 0.054811942701262405 True
[1.05132239e+00 6.28189353e+00 1.10597893e+00 6.28161027e+00
 1.12905525e+00 6.28253065e+00 6.28318531e+00 1.06718126e+00
 3.71662196e+00 3.88032140e-03 5.54909914e+00 2.17713383e+00
 5.22306807e+00 5.10333057e-05 6.58788908e-02 2.22315344e+00
 1.76018652e-01 5.40579218e+00 6.17310060e+00 9.67800380e-02] 0.01863269957545878 True
[0.         5.92361584 0.18278958 5.90279268 0.         6.12108588
 6.17276672 0.         1.03839558 6.28318531 4.59222811 0.89150395
 6.28318531 1.08912964 6.28318531 0.48806925 6.27633429 0.25978249
 0.         6.28318531] 1.3421088440163673 False
[3.03905257e-01 4.12564334e+00 4.46090790e-01 6.18411251e+00
 5.72801448e-01 6.28318531e+00 6.28281237e+00 1.23029655e+00
 4.57479647e+00 1.43738644e+00 4.39390148e+00 1.74253805e+00
 4.69638637e+00 1.38581518e+00 1.36579348e+00 1.69920521e+00
 4.24889161e-03 4.83292180e+00 3.88855266e+00 7.19886293e-01] 0.003117893673110182 True
[0.22912987 3.69809901 0.46582183 6.28122069 0.0418633  6.20014052
 5.97008084 1.06700853 4.59659666 0.95932672 5.20078486 0.94505101
 4.26758411 1.58368222 1.48333082 1.59452834 0.80806766 4.66595437
 4.15377728 0.60917932] 0.0037870647356649696 True
[0.25565091 3.29309212 0.57932473 5.66610015 0.30013462 5.70002653
 6.28316991 0.49022743 4.86510343 1.12634998 4.56338012 0.13767268
 3.98347235 1.55926889 1.05085673 1.72105543 0.83400344 4.50624869
 3.90891219 0.5764956 ] 0.00924060726930999 True
[1.30733402e+00 1.50390821e+00 2.00000493e+00 2.56994344e+00
 2.71827346e+00 1.86032675e+00 6.04024742e+00 2.25624941e+00
 6.14031761e+00 5.21983908e-01 5.83788049e+00 1.98502685e-01
 5.62969504e+00 2.51695156e+00 1.86024188e+00 3.08432862e+00
 1.97840833e-04 5.71260471e+00 3.25347519e+00 5.93654087e-01] 0.0032015994039831814 True
[1.18742132e+00 1.96791037e+00 2.17048668e+00 2.39268422e+00
 1.87052429e+00 1.19293387e+00 5.18882409e+00 3.11759305e+00
 5.78186838e+00 3.39441304e-01 6.27224289e+00 1.45268147e-02
 5.67964765e+00 3.00538026e+00 2.00987020e+00 2.68551958e+00
 4.85979690e-04 5.79097630e+00 3.16083745e+00 4.06200639e-01] 0.0031582170528233608 True
[1.57738548e+00 1.54694656e+00 2.38610447e+00 1.87160031e+00
 1.72772312e+00 9.92868291e-01 5.66776858e+00 3.09408562e+00
 5.91136465e+00 7.91288686e-01 6.03139595e+00 2.73365815e-03
 5.02213003e+00 2.74054841e+00 2.67329595e+00 2.28512917e+00
 0.00000000e+00 5.27899765e+00 3.11546547e+00 6.19016954e-02] 0.032013014766666834 True
[0.33921192 3.00717403 1.08180265 3.52606559 1.32103789 3.26908662
 4.45240095 3.49238092 6.28318531 0.49337091 6.28317609 3.03371432
 2.39296349 3.41339519 0.90845725 3.24382944 0.         5.51343729
 1.91015789 2.1201734 ] 0.004957748552827414 True
[3.04770728 2.90361119 3.13229394 3.12128227 4.05484338 3.84621317
 6.27326136 1.38003604 6.27110149 0.16107865 6.26742161 2.31640382
 3.19257035 0.8724746  0.6117388  4.17891106 4.47112916 6.26483833
 1.226609   4.87436537] 0.005677960580122584 True
[2.63861616e+00 5.27815147e+00 5.36652314e+00 1.98617300e+00
 5.01093674e+00 5.14006134e+00 4.55640050e+00 1.29878751e+00
 5.02820628e+00 1.39110108e-03 6.28169525e+00 2.04293465e+00
 3.08779047e+00 4.50714901e-04 3.47342620e+00 2.76852463e+00
 6.06208372e+00 6.02697738e+00 1.10145980e+00 5.85026054e+00] 0.022736079538397656 True
[2.57535482 5.24177498 5.35206513 2.52316896 5.10991323 5.0598428
 4.40001834 1.66019996 5.44227361 0.         5.9400879  2.22506221
 3.30879187 0.04320315 3.954475   2.24229991 6.28318531 6.0436376
 1.35579227 6.19777259] 0.0069593408252620415 True
[4.58693039 3.94647424 6.15775878 3.71764287 3.54929149 3.50257575
 3.06727978 2.2852058  6.08305518 0.42143572 5.85983433 2.6926931
 1.8397561  0.01428353 4.98480218 2.088766   5.79233194 6.12775738
 0.42688231 6.09753612] 0.004993338555492803 True
[1.85987787 2.56232567 5.45177332 2.05891707 5.42005166 3.34272896
 3.31894291 1.06197647 6.24323907 3.43419303 3.43512349 2.57385844
 3.00845541 0.73692854 6.14199245 0.35247924 5.77589186 3.25088384
 3.79255994 3.9024875 ] 0.002537777790925363 True
[1.92827811 2.38610785 5.67807091 2.09134988 5.03075838 3.15440688
 3.20541216 0.81612554 5.95475963 3.97060839 3.47269748 3.01808599
 2.81332359 0.43676564 6.09723069 0.43496233 5.9982751  3.11243226
 3.88995786 3.8826052 ] 0.002365891391443922 True
[0.         5.50243864 6.01636909 5.69792737 5.82734184 0.
 6.28318531 0.26480988 6.1002172  0.01167855 3.75187598 2.62301665
 6.28318531 0.53812177 4.33304417 0.34554064 6.28318531 6.15516337
 0.         5.73487888] 0.7750926711884192 True
[0.61283796 5.98657492 5.90382932 6.28318531 1.05050705 6.28318531
 1.0998772  4.26735886 0.55336492 3.1643177  0.57524294 6.00124167
 0.21740215 5.69247151 5.87063299 0.15358862 5.52428911 4.92772508
 0.         4.83798278] 0.012214137497352283 True
[3.62440978e+00 3.98613202e+00 4.49026396e+00 3.54491756e+00
 3.55210796e+00 3.81551690e+00 2.67961000e+00 5.99751696e+00
 1.98620363e-01 3.93376772e+00 7.70474387e-01 6.28318531e+00
 3.76567698e+00 3.77151337e+00 3.26732022e+00 2.37327879e+00
 2.49631710e+00 5.39992152e+00 2.31194575e-06 5.20046055e+00] 0.0020864696072950143 True
[3.22136228 4.01212777 4.5945547  3.90543245 4.20742645 3.52364141
 2.76321403 6.27395779 0.50094767 4.04148551 0.93897589 6.28171813
 3.2401478  3.59670271 3.36861351 2.19781771 2.66157254 5.33720918
 0.79115767 5.51050721] 0.010496726081508069 True
[2.4790759  5.80645714 0.         0.43796115 5.39004055 0.17673916
 2.21132653 5.75672477 0.         5.96637478 0.29911532 6.28318531
 3.36295071 0.74793026 6.28069994 1.25423242 3.61158876 1.80509017
 4.13205013 5.31518227] 0.006708253313441142 True
[0.45064112 6.28318531 0.6430679  0.62971189 6.28318531 1.13080037
 6.28318531 4.34014188 1.6303729  0.75804413 1.34221384 6.28318531
 6.28318531 0.2571685  5.49479082 0.         5.28329498 0.
 0.         5.46190682] 0.011291512789046871 True
[0.88562938 6.25571728 0.43536772 0.84582476 6.28318531 1.15070661
 6.28318531 4.34003997 1.36576611 1.00268696 0.93128016 6.28318531
 5.94506015 0.24449572 5.81269513 0.40664813 5.26305235 0.16448266
 0.         5.35545469] 0.008799620879396751 True
[1.15274805 6.28318531 1.1254889  1.17802271 6.28318531 1.19504333
 6.28318531 4.28273491 1.31756577 0.31236848 0.         5.9282457
 5.61501098 0.03132597 5.60209463 0.33715027 6.27770578 0.89474842
 0.19449783 5.99299651] 0.011615093570289428 True
[1.14861906e+00 6.28318531e+00 1.15005221e+00 1.22546133e+00
 6.28284092e+00 1.47102578e+00 6.28164472e+00 4.39089208e+00
 1.07025156e+00 3.98432831e-01 1.52458700e-04 6.11508941e+00
 5.22356796e+00 0.00000000e+00 5.79659653e+00 4.86959765e-01
 6.28318531e+00 5.55310894e-01 4.47342501e-01 5.83273742e+00] 0.01602824785424727 True
[0.50042941 6.28318531 1.34631215 1.22588542 6.28318531 1.05830179
 4.78447649 3.93049544 0.1761167  0.16728742 0.         5.76245379
 5.19770918 0.18703037 5.65458332 0.         5.4877422  0.53070981
 0.41769586 6.22166136] 0.013230174691674559 True
[5.39128480e+00 2.38547989e+00 5.04702636e+00 1.64899393e+00
 5.21181165e+00 1.67765521e+00 5.12295828e+00 9.14920466e-01
 5.28556263e+00 6.21389454e+00 6.28290179e+00 6.04032339e-01
 0.00000000e+00 5.78805285e+00 1.45495599e-04 6.28318531e+00
 1.21861816e-02 5.88526304e+00 5.58356069e+00 3.73770591e-04] 0.008033024950740356 True
[5.25881052e+00 2.95312096e+00 5.37271855e+00 2.32769084e+00
 4.75581170e+00 2.46569200e+00 4.41270380e+00 1.37632819e+00
 5.41898389e+00 5.48927302e+00 5.21475284e+00 2.53413737e+00
 1.53512251e-01 6.26420878e+00 1.02413325e+00 6.28305260e+00
 4.90728366e-01 5.43111835e+00 5.57131272e+00 1.08168482e-03] 0.007641835441775698 True
[5.56641656e+00 3.12743204e+00 4.99818000e+00 2.36796275e+00
 4.82885510e+00 2.08648735e+00 3.93153153e+00 2.07339969e+00
 5.87623080e+00 5.14546101e+00 4.96469284e+00 1.94797496e+00
 9.78091588e-02 5.81386882e+00 6.37382263e-01 6.28318531e+00
 7.64921868e-01 5.62682914e+00 5.95439708e+00 8.62554680e-05] 0.028310845125943448 True
[5.78419728 3.27854195 4.98161865 2.73255772 5.13814829 2.09643621
 4.26835277 2.38989992 5.7378777  5.1766675  5.28906436 2.44189429
 0.19945648 6.27778299 1.19541832 6.28318531 1.34627717 6.28318531
 6.16075677 0.        ] 0.015826517038343726 True
[5.60795959e+00 4.82149292e+00 2.42556852e+00 1.67998524e+00
 2.35011498e+00 1.24698907e+00 4.39838374e+00 1.86995238e+00
 6.18530671e+00 2.94700481e+00 6.24068019e+00 3.32714212e+00
 0.00000000e+00 5.84296487e+00 1.60848747e-04 5.84127285e+00
 2.74951080e-01 6.28318531e+00 3.65365457e+00 2.77908670e+00] 0.007644009884189712 True
[5.66141793 4.4826485  2.45969418 1.91296603 2.32555082 1.20041035
 5.13847985 1.68961061 6.13200737 3.48323657 6.26499523 2.99099057
 0.40786227 5.76122303 0.08164271 5.23932876 0.02498886 5.77207885
 3.82243079 2.92914787] 0.04534324796384283 True
[2.74785354 5.27652023 1.54806361 4.70080075 2.29463469 1.17847659
 5.5955348  5.31612462 2.24908025 1.65438061 6.20281494 3.3554519
 0.09310532 6.28318531 0.         6.23494799 0.10808114 5.58409189
 2.16086005 6.0545736 ] 0.0032672448285529497 True
[6.28318531 1.0999655  6.28318531 0.         5.7747253  4.78434859
 5.37771201 0.         0.18783157 0.         5.90601445 6.08806747
 5.3365659  6.28318531 0.9617862  0.80825241 0.93385861 0.97424896
 6.28318531 0.98269077] 0.017390155309014145 True
[4.48039024e-04 6.21755514e+00 2.30652644e+00 9.87375008e-01
 1.30408319e+00 5.56852384e+00 6.28318382e+00 0.00000000e+00
 1.21230210e-02 5.60739291e+00 6.28260390e+00 4.05923885e+00
 4.95167204e-01 6.28318531e+00 0.00000000e+00 6.28318531e+00
 7.60981014e-01 4.97672604e+00 1.18925962e+00 4.25551665e+00] 0.03546308784157861 True
[5.51209799e-05 5.66521144e+00 2.08519161e+00 1.27720540e+00
 2.43588119e+00 6.28317742e+00 6.28318531e+00 4.01313063e-01
 2.85839041e-01 5.59440030e+00 6.12076520e+00 2.97570209e+00
 6.92914196e-01 5.94752121e+00 0.00000000e+00 5.93311706e+00
 9.09295833e-01 3.74295325e+00 1.37400036e+00 4.20208815e+00] 0.009430647271828676 True
[2.80624013e-01 5.62656411e+00 2.51902067e+00 0.00000000e+00
 2.73129908e+00 5.09659113e+00 5.97303619e+00 1.37249847e+00
 7.28782207e-03 6.11390318e+00 6.28318531e+00 3.89799895e+00
 4.00974660e-01 5.72486914e+00 2.44000944e-03 5.98917647e+00
 8.03895892e-01 3.62413819e+00 1.09286784e+00 4.64475403e+00] 0.008518165338395875 True
[2.26586536e+00 4.71289898e+00 2.24265314e+00 1.16160896e-03
 2.19268981e+00 4.71913597e+00 5.00393018e+00 9.63012986e-01
 1.25033371e+00 6.28274138e+00 4.63892235e+00 4.17877694e+00
 1.17559246e+00 4.06353285e+00 1.23876200e+00 6.24032428e+00
 4.85389189e-01 4.38462275e+00 1.78996628e+00 4.89165251e+00] 0.007665502399720123 True
[2.59505505 5.01477397 2.60431291 0.01698534 3.31709995 5.95691918
 5.36280186 1.88985303 2.26958809 4.78933006 4.72677879 4.04748477
 0.45276234 4.86304575 1.44586174 5.47452011 1.39761009 5.27546695
 1.63889267 5.4520436 ] 0.0024041710211607464 True
[4.90820475 2.27625491 4.8918251  2.25092252 2.48868553 2.40484003
 4.62594723 1.32772692 1.53954954 4.77178565 5.14507203 4.95989832
 1.20398009 4.81283387 1.27361061 6.28318531 3.50990923 2.83174509
 3.8290486  4.08191693] 0.0026097240929364557 True
[2.32602556e+00 5.90851738e+00 3.72862061e-03 4.52673082e+00
 4.37887018e-03 5.67051701e-01 6.28020468e+00 5.87464817e+00
 2.31441173e+00 4.51976607e-01 4.60182150e-01 6.28318531e+00
 5.86908494e+00 9.59772823e-01 2.14207093e-04 6.28318531e+00
 5.28722840e-01 4.40313055e+00 1.57965452e+00 4.05492733e+00] 0.010595610814967925 True
[2.53909245e+00 4.84092032e+00 9.21422336e-04 4.82521121e+00
 0.00000000e+00 1.51363623e+00 5.78387528e+00 6.20221390e+00
 3.88869505e+00 2.94532553e-02 0.00000000e+00 5.95373116e+00
 5.67019693e+00 1.74902782e+00 9.57139056e-01 4.97784184e+00
 8.58770788e-03 4.86489295e+00 2.28564906e+00 5.40841552e+00] 0.15697553697231986 True
[0.         5.90064589 0.14197534 5.95380644 0.         5.94748744
 0.05650858 6.06562188 6.13750884 3.80516148 0.98773106 4.02883259
 6.28318531 0.62799604 0.36610018 6.21341703 0.3209857  6.28318531
 6.28318531 0.03810177] 0.5016920933762007 False
[3.28572414 4.52434371 0.38321947 5.36825325 0.7634712  1.01688577
 6.2820733  6.28318531 3.88873737 0.76816578 0.06626872 5.37142813
 5.24455183 3.01421086 2.59246221 5.11064386 0.0084197  5.73544625
 3.24618761 6.19055534] 0.02530541340443059 True
[0.         0.         5.09520256 0.         6.25140539 1.14867955
 6.28318531 0.61817913 5.59278074 5.95373258 0.         6.08512304
 0.55615304 6.28318531 0.         6.28318531 0.84540995 6.28318531
 0.75540062 1.26057951] 0.976347914093899 False
[4.08692318e+00 3.99931264e+00 1.16138359e+00 4.93079100e+00
 7.03438471e-01 1.54125595e-01 6.08202073e+00 5.99084435e+00
 2.70046192e+00 0.00000000e+00 3.72420213e-01 4.09183750e+00
 6.27898920e+00 3.63406411e+00 2.46219558e+00 5.24075843e+00
 1.01716557e-03 6.02968622e+00 2.49507184e+00 6.28318531e+00] 0.00566294822897463 True
[4.06054088 4.31572542 1.63480326 4.52356432 0.1809223  0.06264564
 6.16824683 6.1845298  2.77768684 1.03432981 0.39820451 3.73043645
 5.74557012 3.11117602 2.33096863 5.81865792 0.16119971 6.11464538
 2.61964892 5.86144768] 0.005061688003629236 True
[5.10874816 1.81923311 5.60845415 0.         6.06162523 0.2573897
 5.91980026 5.80678131 0.2501934  4.48746107 0.62662163 0.02504942
 4.02636423 6.25195394 3.16940868 5.73365364 0.49762524 6.28318531
 0.73629722 1.00156728] 0.0041411251884918435 True
[2.8388541  2.71898663 4.28764292 2.3512584  6.28106468 0.04061978
 5.74481797 5.31270334 0.5550861  5.28580792 0.2976087  0.45757364
 4.77215704 3.7954076  4.41489108 4.16062218 0.26778619 6.28318531
 2.74106466 0.67571043] 0.13157774105139694 True
[3.32236878 3.08431916 5.43837556 2.42046988 5.45761061 0.00979985
 6.05029175 4.10364246 0.31401831 6.01002276 0.35120909 1.05679286
 4.64229466 4.02101231 3.7022153  4.11250045 0.66823261 5.94572018
 3.61901273 0.26006615] 0.0024353996176915893 True
[3.18604154 2.63456887 5.07016732 2.57586182 5.08507727 0.26075513
 5.85405529 5.00908707 0.07495437 6.28295123 0.76106216 0.38933061
 5.22123683 3.58424898 3.83847241 4.08200501 0.57270675 5.94747763
 3.27529773 0.20312235] 0.010047515123058263 True
[0.10952059 0.30287303 6.28318531 6.28318531 6.26923361 0.
 5.598895   0.         5.34936595 2.31297506 0.         0.43656727
 5.90353894 0.2687816  6.28056275 6.28318531 6.28318531 5.87248805
 0.5307948  5.97272187] 1.2152197308930708 False
                        fun: 0.0012333994488337677
 lowest_optimization_result:       fun: 0.0012333994488337677
 hess_inv: <20x20 LbfgsInvHessProduct with dtype=float64>
      jac: array([ 2.69317235e-03, -4.37760414e-03,  1.95765454e-04,  2.52080905e-03,
       -6.87479873e-04,  3.26178322e-05,  2.81287254e-03, -4.36131732e-04,
        7.68856468e-04,  5.82006278e-04, -2.62862303e-04, -4.57448448e-03,
        1.94641938e-04,  2.14343707e-03, -1.91314708e-03, -5.11486082e-04,
        5.78235813e-05,  2.15458679e-03,  1.10137442e-03, -2.47559184e-03])
  message: 'STOP: TOTAL NO. of f AND g EVALUATIONS EXCEEDS LIMIT'
     nfev: 15015
      nit: 643
     njev: 715
   status: 1
  success: False
        x: array([4.50853215, 2.04155554, 4.85132866, 2.08122638, 2.89132004,
       3.38799493, 2.32797777, 1.96631761, 2.03930599, 2.17782983,
       2.84584136, 5.32469447, 1.93768173, 1.86139788, 4.33937697,
       3.81404894, 4.2406652 , 3.90510099, 1.36617228, 4.77467451])
                    message: ['requested number of basinhopping iterations completed successfully']
      minimization_failures: 49
                       nfev: 1095381
                        nit: 100
                       njev: 52161
                          x: array([4.50853215, 2.04155554, 4.85132866, 2.08122638, 2.89132004,
       3.38799493, 2.32797777, 1.96631761, 2.03930599, 2.17782983,
       2.84584136, 5.32469447, 1.93768173, 1.86139788, 4.33937697,
       3.81404894, 4.2406652 , 3.90510099, 1.36617228, 4.77467451])

Process finished with exit code 0
