E:\CURPROJECT\SimsV3\venv\Scripts\python.exe E:/CURPROJECT/SimsV3/Simple_ManyWP_reproducability_test1.py
[-0.68106717 -1.29419712  2.35065409 -1.60770348  1.17349967 -1.85321511
 -1.77293003  1.51125293  1.88852559  3.78438884  3.62025506  4.02535989
 -2.56277562 -2.90258709  3.22031634  3.90659959 -1.74845925  1.39531006
  1.64975954 -2.26707108] 0.0008704532665482287 True
[-1.58191482 -1.39594196  1.02107221 -2.84462313  0.27676743 -1.92691582
 -2.58053814  0.63588957  0.58711954  3.00415586  2.98719212  3.27804693
 -3.12822299 -3.71658615  2.60809154  2.60625444 -2.99698936  0.33171613
  1.02043511 -2.78253893] 0.0005371072174724879 False
[-2.09231116 -2.59029432  0.21176909 -3.82145258 -0.38958383 -3.89940127
 -3.6673619   0.44715523  0.17513084  2.33918412  1.9666097   2.05389042
 -3.98819892 -4.67194932  2.12784098  2.73889205 -4.26646007 -1.48880169
 -1.31370743 -4.22040227] 0.0019379632292246362 False
[-1.61154439 -1.77635509  2.15016126 -1.34151868  1.20217859 -2.03287298
 -2.72981626  0.76768367  0.94131469  2.99456427  3.30435918  3.97701846
 -2.21633955 -2.89314012  3.07536581  3.08302042 -2.49893892  0.90142854
  1.69731661 -2.05354633] 0.0010154751434315735 False
[-2.40102875 -2.71551821  0.78751787 -3.28889548 -0.53760164 -3.26431842
 -3.41650336 -0.05099652 -0.60630434  2.87458739  1.79225588  2.05701511
 -4.13183508 -4.39476019  1.24650455  2.28397556 -3.49615169  0.04432967
 -0.35289737 -3.53525348] 0.0006899039052479642 False
[-0.57396264 -0.86940831  2.48193773 -1.35736753  1.08258876 -1.59339268
 -1.24361824  1.52165668  1.35419762  4.5273627   3.90284642  3.61797288
 -5.294092   -6.29442869  3.75004684  4.45874732 -1.72772882  1.89130617
  1.80344124 -2.13622214] 0.000630240574928596 False
[-1.58969328 -1.61048333  2.0339336  -1.24512668  1.31697088 -2.58406196
 -1.8144025   0.689733    3.48327995  3.77353014  3.33130726  4.04311759
 -2.02117308 -2.9632812   3.09172069  3.27034319 -2.70794598  0.98399812
  1.60396132 -1.93488672] 0.0006098649335100483 False
[-2.80364107 -3.27927383  0.11534228 -2.98472056 -0.09753974 -3.1658334
 -0.86106104 -0.39598994 -0.06380987  1.8871099   1.34894548  1.33814289
 -4.49853007 -4.29296385  2.7199237   2.12470479 -4.171489   -0.46100047
 -0.5427419  -3.85950466] 0.0006571734256350687 False
[-1.33724406 -1.58268084  1.26350313 -2.51436533  0.87249626 -2.27481157
 -2.73840211  0.85672889  0.6766854   3.12526695  2.89721872  3.1742081
 -4.06472041 -3.33124006  3.25322288  3.78191715 -2.21616266  0.83841983
  0.82258821 -3.38706408] 0.0005761828534981191 False
[-1.56638118 -1.70129119  1.66292953 -1.864345    1.13458335 -1.91151442
 -1.57575764  0.50492197  0.6947498   2.88779319  1.94520938  2.84857258
 -2.88014365 -2.77995966  3.09329501  3.71332976 -2.36073869  0.62897047
  0.95638452 -2.50681639] 0.001152932018817548 False
[-1.61485617 -1.91147028  0.43022665 -5.66245298  0.41187748 -3.00200607
 -3.22272098  0.88109788  0.89009265  2.92618942  3.07887965  2.45700731
 -3.84030014 -3.39308941  2.91456107  2.51047723 -3.55347514 -0.15176964
  0.68620643 -2.59501955] 0.0006732916752551345 False
[-1.16113288 -2.10410469  1.27623602 -2.31580702  0.65509045 -2.87363219
 -2.50914836  0.92023348  0.22353179  2.85312154  3.09103583  3.35702026
 -3.63392703 -4.10045237  2.23428876  3.29412791 -2.91989196  0.48582185
  0.79278178 -2.87742081] 0.0008155674578061904 False
[ 0.82571047  0.5200729   3.96264949  0.69737855  2.69894669 -0.30976589
 -0.03969874  2.43058332  3.42543083  6.38270826  6.02582726  5.12473695
 -0.60389233 -0.88701262  5.04030439  5.04012433 -0.19380102  2.92049
  3.22393486 -0.07766181] 0.0010432978100766144 False
[-1.08204622 -1.37311435  1.47228479 -1.64708676  0.4756748  -2.40643686
 -1.74792264  1.11613944  0.8924299   3.51364576  3.86769796  2.91642162
 -2.98905831 -3.10724021  2.92204018  3.7831765  -1.56202199  0.86783289
  1.05348373 -2.28925555] 0.0009544293827332758 False
[-0.91417127 -1.57376769  2.10875669 -1.82395239  1.10156114 -2.70667351
 -1.70998387  1.20868624  1.15013891  3.8479615   3.46326689  3.71534463
 -3.3003892  -3.0291794   3.11892885  3.86881574 -1.40772632  0.98014374
  0.98225762 -2.11911502] 0.0010854760919936262 False
[-1.39611352 -1.99799463  0.70942386 -2.73641909  0.21886195 -3.11286177
 -3.52314077  0.2169389   0.4467996   2.45373624  3.05056484  3.28670494
 -2.85625756 -3.95846659  1.71856189  2.20579349 -3.83444538 -0.20512141
 -0.46101523 -3.34998547] 0.0014592813660245475 False
[-2.03692033 -2.60302621  0.65038738 -3.55165296  0.08885679 -2.88892865
 -3.45233684 -0.00519939 -0.49394588  2.02867113  2.95397477  2.83629566
 -4.18879727 -4.79003098  1.96556689  2.16081254 -3.50543458  0.16534765
 -0.40033551 -3.21753859] 0.0009000937378752442 False
[-2.52807517 -3.02598818  0.42351616 -2.96133014 -0.52773649 -4.42370902
 -3.83333755 -1.11218905 -1.134503    2.66657137  2.93784568  3.7428171
 -3.11990551 -4.16433303  2.33051453  2.14031639 -4.39217449 -1.10463207
 -0.67496275 -4.4197603 ] 0.0024247417399601875 False
[-2.78805041 -2.6246418   0.52016261 -4.78463943 -1.82894247 -5.42485621
 -4.90376153 -1.00643617 -0.95202158  2.54747237  1.70073451  1.39303986
 -4.73123682 -5.12483425  1.66302428  1.2849065  -4.06027558 -0.68035169
 -1.1555202  -4.25998732] 0.0005463057098536664 False
[-1.20857134 -0.89211158  2.10741863 -1.91882166  1.33138636 -2.24982191
 -1.85282341  1.00840913  1.3960818   1.49484303  3.49200124  3.26703137
 -3.05997542 -2.38561946  3.51014309  3.55743552 -2.04746073  1.4109868
  1.83765687 -2.35381786] 0.0010462488047025115 False
[ 1.08804402 -2.14581509  1.08981777 -1.08637921  0.95187008 -2.5463715
 -3.00588445  0.29604205  0.11919492  2.21775199  3.28019997  3.25948153
 -2.76808749 -3.11189032  2.06055037  2.54444377 -3.21320835  3.19903608
  0.68072853 -2.26037097] 0.0025044279618608462 False
[-0.91793674 -1.74889703  2.22621388 -1.87263396  0.84550397 -1.94550666
 -1.94007718  1.26404044  0.13627733  3.86635765  3.83227766  3.84410423
 -3.36803577 -3.00740212  2.60716955  3.16403805 -2.20809099  0.85737881
  0.85698291 -2.10089536] 0.001368908383976532 False
[-1.49907993 -2.0142505   1.54668644 -2.42657082  0.28672112 -2.54643156
 -2.44828309  0.7989011   0.14490144  3.11051814  2.62719536  3.59462523
 -3.30182238 -4.234265    2.58348569  3.01063457 -2.60310236  0.62288471
  0.87124897 -2.98642157] 0.0009471341010939705 False
[-2.43861088 -2.21347596  1.54399822 -1.62222257  1.97679709 -1.85749168
 -2.60558002  0.74959408  0.75438472  0.30315138 -2.8300733  -0.71675098
 -3.72756621 -2.89460661  3.27186305  3.10209868 -2.93830437  1.11114725
  0.69380317 -2.79697485] 0.0008364206224516848 False
[-2.08962888 -2.52756635  0.99175282 -2.75590809 -0.59641189 -3.37997229
 -3.8037271   0.0303721  -0.56739687 -0.01504389  2.7845585   3.35647738
 -3.84639482 -4.26074648  1.80670712  2.17763397 -3.35057794 -0.76816289
 -0.98037696 -3.69762534] 0.0007520378500976147 False
[-1.53426892 -1.06906282  2.34446246 -3.67978822  0.37268764 -3.30628917
 -3.0483701   0.32196488  0.09062301  2.06062337  2.77373029  2.7126976
 -2.59093771 -5.50305671  3.21189043  4.14183217 -2.70846398  0.66500636
  3.21990964 -2.74081087] 0.0013604851971906152 False
[-0.80187736 -1.05767574  2.12242072 -1.88261173  0.87263843 -2.37058039
 -1.93238411  0.93198672  1.26654746  3.68261061  4.68503064  4.73678613
 -2.61799455 -3.13283985  3.25091589  3.76668361 -2.77412066  0.61229889
  1.03679662 -2.84097404] 0.0011078110180924652 False
[-1.23429017 -1.70372877  1.56813138 -2.47061336  0.49429748 -1.89193236
 -2.10214362  0.59488674  0.44550276  2.80743765  3.89287653  3.68038364
 -3.30784426 -4.01131299  3.02863581  3.17378465 -2.67624483  1.32137102
  0.69306746 -2.45638245] 0.0018696921660980759 False
[-1.83604639 -1.54404663  3.72612961 -2.71343235  0.40824301 -2.84972742
 -2.7593737   0.57793367  0.83145448  2.58491335  2.7007999   2.34475948
 -3.09702903 -3.71697031  2.83351225  2.70583647 -3.54008743 -0.08288981
  0.88391278 -2.66115749] 0.0012759332885615368 False
[-0.58167622 -1.59654728  1.48663895 -1.92364622  1.11484502 -2.21421915
 -2.32975206  0.43744089  1.29829196  3.46824546  3.49048922  3.20527466
 -3.55432399 -3.00021516  2.24952267  3.2221011  -2.1359406   0.71028513
  0.85568443 -2.32877454] 0.0013377083122371018 False
[-1.74289539 -4.35153106 -0.53472645 -3.69777113 -1.24264161 -3.81780556
 -3.65073638 -1.48934423 -1.0214371   1.70262416  1.78790073  1.87394195
 -5.19970464 -7.75701913  1.66027979  2.30819012 -1.98612293  0.84566431
 -2.79351804 -5.90288347] 0.0010713788090693467 False
[-1.28228626 -1.74623418  1.04797013 -2.34793964  0.12731402 -2.2841448
 -2.10713224  0.83855483  3.28492215  3.13041367  3.12449676  2.53452996
 -2.70995459 -2.98032243  2.6932408   2.89041072 -2.75037028  0.70919078
  1.49826941 -2.66989908] 0.0011993455422279347 False
[-1.58532256 -1.28819345  2.05665658 -4.18554625 -0.55471401 -3.29513278
 -4.2753059  -0.93561688 -1.12280546  1.20603744  2.0595209   2.73672407
 -3.90867149 -4.64943962  2.40083472  2.83971812 -2.66086827  0.56328251
  0.04314938 -3.28285556] 0.0013309695693243082 False
[-1.3070512  -1.53767211  1.72800881 -2.3783757   1.27249559 -1.27813912
 -1.81513564  1.83520729  0.93929773  3.23137809  3.459307    3.72952939
 -3.16295833 -3.43537033  3.88464166  3.82297712 -2.20950144  0.99775456
  1.12703397 -2.70756853] 0.001087249885803673 False
[-1.27145957 -0.97224343  1.72698319 -0.37629462  1.68322668 -2.23452443
 -2.04236317  1.01065389  1.46666162  3.86814457  4.46088412  3.75914314
 -2.37410881 -3.36926678  3.00633079  3.72376656 -2.36510785  0.84254254
  1.51363624 -1.89868545] 0.0013790592004161194 False
[-0.54231399 -0.84438417  2.00880006 -3.13748546 -0.13910866 -2.82591692
 -3.89583708  0.25917727  2.74840105  3.06962011  1.90930694  2.78805201
 -3.66086163 -2.80910243  2.44244163  3.44933566 -2.38882242  1.40909772
  0.74011708 -2.63747432] 0.004367357376758021 False
[-2.05188209 -1.9894508   0.95913707 -2.85857584  1.12997403 -3.12725967
 -3.68002757  0.02279462  0.65996214  3.39295983  3.23376118  2.96146869
 -3.90936567 -3.9806272   2.89105844  2.19976116 -3.31024497  0.55704433
  0.34963034 -2.90553367] 0.000989156967882245 False
[-0.98740788 -1.49460268  1.31105418 -2.41195979  1.18639791 -2.55695739
 -3.42243944  0.42641232  0.3432153   4.24210726  4.05221258  3.41453836
 -2.58305913 -3.48409566  3.02179132  2.36289809 -2.8247145   0.39055042
  0.04845082 -2.95312176] 0.0010853540977056586 False
[-0.86952877 -1.43985522  1.57761553 -2.38981845  1.51740636 -1.96351639
 -2.4672737   1.36777195  0.76344968  3.27561525  3.75423585  4.26742452
 -2.95739024 -3.49725212  2.96099047  3.13349417 -2.18752253  0.84526707
  1.08758184 -2.17642047] 0.0010072838354400408 False
[-2.32031764 -2.89740943  0.61418727 -3.10787542 -0.46952707 -3.35420369
 -3.7295915  -0.41278241  2.30288883  3.5154916   3.85058566  3.83472873
 -3.01575873 -2.84434466  3.46268807  4.00955616 -2.70009997  1.22581872
  1.64545426 -1.90159609] 0.0006258286441384215 False
[-2.0068253  -1.24545029  1.18179159 -1.97030441  0.79709682 -2.77288444
 -3.46269909  0.37005684  0.9699298   3.7570947   3.41248204  3.23109332
 -3.36879961 -3.87739558  2.847009    2.82025974 -2.83927416  0.68096779
  0.93109886 -2.82063896] 0.00047407937401826506 False
[-2.17528012 -2.64195452  0.29909653 -3.48785828 -1.03401791 -3.43565781
 -3.47831204 -0.24767717 -1.03452901  2.03855353  2.74175108  2.42509533
 -4.11454803 -4.22185653  1.1290535   1.2087716  -4.08610654 -0.97682188
 -0.42035483 -4.26747193] 0.001429993944436011 False
[-3.33265673 -3.47671112  2.03215459 -3.9166422  -0.51184582 -3.79835487
 -3.86717648 -0.42528424 -0.4738941   1.86454954  2.02312594  1.28238128
 -4.51542693 -3.70463151  2.13628657  1.5494901  -4.82940753 -2.15771958
 -0.05532054 -2.36701903] 0.0008165501678623667 False
[-2.27363268 -2.68302591  0.28996844 -2.47575904 -0.21284625 -3.79352135
 -3.77801767 -0.25330413  0.55556148  3.12574249  2.77759605  1.76133577
 -4.00795716 -3.5720037   1.74688394  2.00436788 -3.76734649 -0.3737806
  0.34449275 -3.29963808] 0.002040778366328114 False
[-1.32975176 -1.33389555  2.08049931 -2.062122    1.080635   -1.38201033
 -1.36852747  1.52088963  0.81527759  3.49753847  2.78373156  3.74729162
 -2.54125673 -3.13482768  3.82423595  4.04700753 -2.00445134  1.55981405
  0.59103331 -2.31250663] 0.0009590123403006801 False
[-1.10910274 -0.58941925  1.61160915 -2.03663612  0.86013657 -1.65830578
 -1.7033799   0.86668867  1.00335457  3.33814582  3.91074293  3.70422644
 -2.95605261 -2.65712986  2.64017856  2.98211929 -2.32166563  0.65276841
  1.08084693 -1.90336324] 0.0009000295268628631 False
[-1.60953756 -1.84499231  1.86903523 -2.21446468  0.30900432 -2.54502875
 -2.24738898  0.40706971  0.48224272  4.03781005  3.0020045   2.91921142
 -3.56051797 -3.19220068  2.29453571  3.14912156 -2.57341147  0.8146695
  0.86856787 -2.9619342 ] 0.0009650796691542643 False
[-2.18825063 -2.86342353 -0.59742902 -3.44567257 -0.18427916 -4.07693625
 -3.97881839 -0.7599851  -0.79490736  3.04677227  2.08410403  2.27899684
 -3.78009541 -3.41734394  2.24639826  1.89846933 -4.42707948 -1.50135503
  0.82517415 -5.1837157 ] 0.0005783442864561305 False
[-1.36207354 -2.21748424  1.18303295 -1.57115055  1.83825504 -1.68419848
 -2.06836899  0.26617807  0.45293988  4.03830856  3.06459534  3.18925166
 -3.61715079 -3.23925198  3.76429459  4.50551396 -2.4847276   0.778476
  0.554418   -2.61195034] 0.0011428529937671033 False
[-1.20872646 -1.83547976  1.36735564 -1.96305477  0.25513404 -2.39469013
 -2.29285691  0.9865084   0.51348075  2.82691991  3.67824042  2.86073785
 -3.00774958 -3.79708677  2.84095162  3.84458221 -2.82489805  1.35895715
  0.74982491 -2.60722142] 0.0014514544920287548 False
[-1.34588913 -1.48751421  2.11384469 -1.80422327  0.94333851 -2.4719339
 -2.6619342   1.18676165  1.64141954  3.81612141  3.74992006  3.45191557
 -2.85295595 -3.33105777  2.67281243  3.67508938 -2.61734183  0.96509386
  1.35220443 -2.33121904] 0.0005892668697883757 False
[-2.97121145 -3.54645438 -0.22503587 -3.18668026 -0.89722059 -4.66333317
 -4.00659573 -1.36407199 -0.55064345  2.40272551  1.92914097  1.12638796
 -4.4165893  -4.95915794  0.91317185  1.58928388 -4.64961276 -0.68324715
 -0.71280057 -4.11938837] 0.0009764724373349225 False
[-2.6505758  -3.42127264 -0.70861731 -3.54887944 -0.1530436  -4.05645144
 -3.18978812  0.50418861  3.42503627  3.2071532   0.63923215  3.04196526
 -3.77996918 -3.46405086  1.71903771  1.78267009 -4.11863008 -0.86805335
 -0.70601976 -4.55619635] 0.0009896118857481758 False
[-0.03669345 -2.92948026  0.89719588 -3.2487008   0.62995288 -3.45086435
 -2.57421615  0.92268963  0.04048079  2.41262712  1.86835398  2.33067659
 -3.54993974 -3.82371165  1.92370946  2.21049549 -3.9432273  -0.34123207
  2.41354756 -3.10839694] 0.002519793688844723 False
[-0.5527391  -1.22707597  2.01143341 -1.39416938  2.11227609 -1.62669821
 -2.2576713   0.83328818  1.98475443  4.1303217   3.93242133  3.96557773
 -2.39590886 -2.10183083  3.8986443   4.3794267  -1.41971611  1.1537418
  2.02308282 -3.47449631] 0.0010656357849493556 False
[-2.143384   -2.67389933  0.97860066 -2.71124233  0.11713894 -3.82605467
 -3.66233937  0.46178928  0.14376711  2.73766186  3.35369827  2.51511391
 -4.01112569 -4.38597095  2.63056601  1.94290496 -3.60116183  0.1089934
  0.24685033 -3.25242009] 0.001016039314123251 False
[-0.86337503 -2.31069817  1.97526595 -1.83310659  1.00401688 -1.78667422
 -1.68395722  2.05975692  1.03484809  3.45853849  4.12829358  3.46407564
 -3.26089515 -3.47610255  3.34311436  4.21826365 -2.70408964  0.8557697
  0.79419362 -2.50810173] 0.0029811634898033643 False
[-1.76970859 -2.13177372  0.81561219 -2.22744307  0.14998054 -3.17045982
 -3.27713094  0.44841172  0.99480074  3.72851817  2.63520065  2.88156445
 -3.27395346 -3.95913444  2.36510104  2.71455778 -6.21977926  0.17105363
  0.88231403 -2.95105529] 0.0008081768262495293 False
[-1.25815242 -1.70294394  3.80677669 -2.00730117  0.71863266 -2.44221924
 -2.79680702  0.41510511  0.77087797  2.96725437  2.9909399   3.53803773
 -3.65172329 -3.9939545   2.21111658  3.13677803 -2.69081781  0.26295944
  0.53937957 -2.5175235 ] 0.0005880507844820294 False
[-1.13795153 -1.35800238  1.83139396 -2.30434374  1.5299051  -1.29761434
 -1.49785928  1.71554448  0.9383663   3.14176322  3.6186053   3.8747408
 -2.93489098 -3.05835442  3.9592134   4.14134425 -1.88504983  0.95492732
  1.39164733 -2.65144526] 0.0008463136117057276 False
[-1.4967088  -1.89656709  1.73635368 -2.30560022  0.43192265 -2.72102682
 -2.23861571  0.98748582  0.28060118  2.95973873  3.85223463  3.30947858
 -3.65270949 -3.60228944  2.74104589  3.18985262 -2.52690779  0.86421227
  0.88662901 -3.03984428] 0.0007153586598405568 False
[-0.49037558 -1.31295536  1.94074626 -1.62334859  1.66867975 -2.59307171
 -1.58807781  1.3078489   1.52931033  3.64849325  4.21896417  3.24989471
 -2.66021016 -2.99860064  4.35969407  3.67000269 -1.40084514  1.38043689
  1.7315658  -2.41457993] 0.004323226517148162 False
[-0.79157413 -1.24140573  1.85141817 -1.63292877  1.27355778 -2.13793258
 -2.58446996  1.39643491  1.57391165  4.43279926  3.79428243  3.03473074
 -2.52917798 -2.9719473   3.62742947  3.61736578 -2.04162977  1.37298953
  1.83765141 -2.2577404 ] 0.0005722197736898615 False
[-2.37609029 -2.03154865  1.57331806 -2.32395352  0.60283068 -2.35602346
 -2.20408501  0.06890073  0.67680948  2.66288891  2.38310411  2.55311442
 -4.27471803 -3.17078259  3.62538621  3.01098457 -3.06197222  0.1453719
  0.22111221 -2.81240109] 0.0010498684403859742 False
[-0.61624612 -0.91082485  2.31692215 -1.94676796  0.98997619 -2.01724614
 -1.88246031  1.50126147  1.31790913  3.62054801  3.29429591  4.19671281
 -2.43567755 -2.6993709   3.17242945  4.23279734 -2.39101809  0.63706769
  0.65910444 -3.19728093] 0.0009968684494433152 False
[-0.62662771 -1.50010661  2.11333166 -2.14391539  1.29522196 -1.47152382
 -2.0847699   0.84867763  0.75601193  4.57867645  3.65029766  3.88710263
 -3.34419518 -3.07071369  3.49775244  3.04651169 -2.22858629  1.3813399
  1.12454349 -2.21289476] 0.0013699924271917937 False
[-1.87428581 -1.8422412   1.70965709 -2.52066966  0.36559866 -2.73201236
 -2.74418308  0.52215126  0.53306644  2.98133708  2.96496149  2.96322494
 -4.16898816 -3.7802229   2.74692077  3.4616039  -2.96879617  0.9925372
  0.56858468 -3.21976769] 0.0005661092479103885 False
[-1.33743896 -1.22797174  2.42389682 -1.58759763  1.06979258 -2.0062777
 -2.58297265  1.1184746   1.40448996  4.24736693  3.43959554  3.80001701
 -2.93155762 -3.39876506  3.43594731  3.69993503 -2.11458801  1.38333195
  1.50858063 -2.55614297] 0.0006302093966667322 False
[-1.55541119 -2.26363973  1.10624179 -2.9643355   0.87600959 -3.11058621
 -2.28717075 -0.27160445  0.53172162  3.1002827   3.85345869  2.88401365
 -4.02413122 -3.62755259  2.56374056  2.61065501 -2.89927064  0.58581886
  0.61128587 -3.27092335] 0.0019327061436998749 False
[-0.43927493 -3.56229826  0.26663384 -3.11262214  0.6175649  -2.38995367
 -2.43170603  0.83584403  0.50455136  2.32133875  2.54548107  3.20178573
 -3.56446165 -6.1788129   3.12746592  2.47964736 -3.28499049 -0.84399438
 -1.33481955 -4.19909642] 0.0011449253631885964 False
[-0.98747552 -1.8154174   1.02128497 -2.42602702  0.77798005 -2.12037604
 -2.99255956  0.6137801   2.94587755  4.11454556  3.07207396  3.15877535
 -3.2582583  -3.79697074  2.80023269  2.95069126 -2.47177523  0.67505828
  1.04530564 -3.17658895] 0.0014490062442671615 False
[-1.09253325 -1.58340853  1.57274254 -1.34078699  1.39809889 -1.90112465
 -1.18020379  1.40358979  0.90786541  2.83671458  3.19974893  3.77895312
 -2.81015282 -3.00925282  4.04342502  3.69728219 -2.01763631  1.13419819
  1.30003475 -2.5762958 ] 0.0012028365197804933 False
[-0.94304005 -1.53254973  1.45313697 -2.17026397  1.42276406 -2.33599545
 -2.71726476  1.12490154  1.35110144  3.55959595  3.41665345  3.45570387
 -3.72939913 -3.12162411  3.40022869  3.48188901 -1.83002955  1.05951456
  1.22785168 -2.80389393] 0.0009865087782982094 False
[-1.68675535 -1.9269677   1.56790298 -2.22957965  0.54242803 -3.37677888
 -2.61975369  0.77762538  0.68694964  3.23941345  3.65735952  2.59843326
 -3.34564184 -3.29973099  2.10808534  2.73998139 -2.61724785  0.37600405
  0.62815777 -2.49451669] 0.0010142390007390953 False
[-1.88877731 -1.48610441  1.43551407 -2.60129895  0.50217744 -3.39822827
 -2.91927951  0.17685854  0.05176368  0.83355443  3.36920449  3.05968219
 -2.8789763  -3.87666385  1.98176517  2.61427119 -3.13100367 -0.20013117
 -0.22848797 -3.37101407] 0.0006171518559742009 False
[-0.73947141 -1.49133039  2.02589959 -2.01599585  1.53644786 -2.30479278
 -1.90035232  1.13545456  1.556052    3.45966601  3.86695645  3.55312436
 -3.1826086  -3.23695137  3.7531929   4.1201188  -2.23710541  1.84090542
  1.25758009 -2.58794497] 0.0014039170238060276 False
[-1.4053301  -2.17997103  1.18399482 -2.22328408  0.47393464 -2.91420359
 -2.93406433  0.67077822  0.74366139  3.7625394   2.38742121  2.89215136
 -3.74746986 -3.2740877   2.29472902  3.35199297 -3.34683936  0.3642011
  0.98154088 -2.72193016] 0.0014580880776782624 False
[-2.03141682 -2.43953662  1.10318172 -2.90118789 -0.19934563 -3.09493287
 -2.76159246 -0.12022339  0.12803859  2.8644479   2.0997585   2.49268919
 -3.68926956 -4.3851033   1.88552029  2.80244509 -2.9525257  -0.01177946
  0.38019285 -3.42233557] 0.0006389523342843916 False
[-1.99015473e+00 -2.75279883e+00  5.61325327e-01 -2.82821776e+00
 -3.01393011e-01 -3.56264779e+00 -3.05348437e+00  9.93504683e-06
 -2.19452257e-02  2.07213376e+00  2.53222583e+00  2.09222428e+00
 -3.85732977e+00 -4.70165165e+00  1.93231857e+00  2.58965649e+00
 -3.05815712e+00 -2.15147626e-01  2.46122928e-01 -3.72223528e+00] 0.0007165028584824463 False
[-2.90270153 -3.68456679 -0.59231077 -3.98515601 -1.30505467 -4.16787184
 -3.8907308  -1.62720389 -1.39423488  1.27675658  1.8102635   1.62105142
 -5.61188542 -5.84004184  1.1230576   0.90427884 -4.46481479 -1.22778221
 -1.05862072 -4.43026083] 0.0005781693835250911 False
[ 0.42410505 -1.13433293  2.06058442 -1.96376257  1.64504926 -1.469741
 -1.27111608  1.64259793  1.15422924  3.58809761  3.31867554  3.9366092
 -2.5682377  -3.29455667  3.69521009  4.20538417 -1.78204682  0.97778351
  1.13520326 -2.85494284] 0.002205551043460408 False
[-1.32440286 -1.85401363  1.11591679 -2.77149961  0.9554389  -2.35322643
 -2.90534125  0.80461799  0.22965995  2.70419419  3.46725026  3.63290551
 -3.48257486 -3.95259105  2.29752043  3.06698034 -3.07999999  0.6756542
  0.63403801 -2.68461957] 0.0006644176282493867 False
[-2.44510409 -2.72476828  0.1690926  -2.07239761  0.76027699 -2.93877274
 -3.14699742 -0.20522323 -0.35875348  1.92871291  1.47480747  1.65022173
 -3.49112995 -3.4208378   2.40516074  2.99487376 -2.9882336  -0.69989066
 -0.25756874 -3.19283592] 0.0017246160139476224 False
[-1.88151237 -2.3507439   0.98123247 -3.07877483 -0.3044389  -3.57069819
 -2.91040697 -0.3292014   0.14586674  2.58903903  2.57987228  2.27949975
 -3.23794039 -3.81280246  2.05382007  2.0202395  -4.68467298 -0.58584908
 -0.05963534 -3.64639591] 0.0006784434966359941 False
[-2.13938807 -2.53408622  1.06281076 -1.66283168  0.88596157 -1.28654992
 -0.84741462  2.52780389  1.59003607  1.28997557  1.46309672  4.195695
 -2.05353946 -2.43237296  1.1056882   3.68949904 -2.78373999  0.76872542
  0.00863887 -3.59209085] 0.000551139198894239 False
[-0.59062185 -1.22016892  1.66574262 -1.320755    0.71806351 -2.01069436
 -1.68780637  1.54659989  1.39302489  3.60332946  3.74409011  3.60827713
 -2.70620419 -2.07407139  3.36472678  3.44466344 -2.43526582  1.26481722
  1.94840248 -1.98415887] 0.0008803480493760998 False
[-1.65182929 -2.55750536  0.80889921 -2.53789572  0.08135773 -3.23817711
 -3.24436502  0.42476973  0.48098977  2.5073122   2.91376372  2.3101352
 -3.83538793 -3.98204767  1.9936765   2.46355215 -2.89050064  0.20029204
  0.20465186 -3.31674529] 0.000578345628355864 False
[-1.35623955 -0.80970859  1.5475454  -1.67371243  0.49717418 -2.21143649
 -1.54016076  1.2577031   1.35435145  4.01987918  3.30160878  2.96282564
 -2.96646246 -2.67067359  3.05613064  4.06736525 -1.83955402  1.21090516
  0.96794876 -2.74789121] 0.0024128080644393868 False
[-1.65869008 -1.5935825   1.62789393 -2.17000207  0.34514434 -2.18336214
 -3.22148636  0.5660705   1.20764048  4.04899153  3.16838369  3.47718628
 -3.22909196 -3.30585374  2.37325367  3.16535332 -2.68778949  0.59573561
  1.16971414 -2.61455548] 0.000997234508593744 False
[-3.28923071 -3.05074436 -0.04181608 -3.83194884  0.05371582 -6.50331945
 -5.69238014  3.87045104  4.3931591   4.81843222  3.9637451   4.01991659
 -1.76588186 -1.81117553  3.40094779  3.04398959 -2.81517969  0.67846858
  1.32785404 -2.54267118] 0.0013387823536076167 False
[-1.47906058 -2.24856009  0.94621407 -2.19740687  0.20623281 -3.02820159
 -2.82376193  0.44387851  0.74325877  2.93324464  2.66815144  2.90365515
 -3.76883106 -3.90411749  2.44882552  2.85891623 -2.38088075  0.3842067
  0.4081932  -3.045727  ] 0.0004235331525057482 False
[-2.58611098 -2.89273592 -0.16245023 -3.93280499 -0.35399143 -2.95707201
 -4.00552012 -0.68870527 -0.71506739  1.64555483  2.61854029  2.00403629
 -4.41382401 -5.41869584  1.27645727  1.92693369 -4.17610981 -0.58551533
 -0.28217697 -3.94643755] 0.0010952011928598725 False
[-2.52832794e+00 -2.98317778e+00  6.93055044e-01 -2.10034203e+00
  2.39280092e-01 -2.86558050e+00 -2.76954893e+00  2.53708054e-03
 -8.85928955e-01  1.47183202e+00  2.49008438e+00  2.49112371e+00
 -3.86375252e+00 -3.74367960e+00  2.61256916e+00  3.12341934e+00
 -2.65408102e+00 -2.77837821e-01 -8.59277127e-02 -4.08690912e+00] 0.0011883403921052827 False
[-0.75879408 -1.16461656  1.86179264 -1.55746514  1.11963388 -2.19764571
 -1.85296547  2.06663242  1.46381328  3.75059049  3.08041552  4.42734918
 -2.28820487 -3.06967255  3.47581243  4.02574897 -2.27868298  1.32988781
  2.04999146 -2.04029804] 0.002612837984589345 False
[-3.47779139 -4.28782636 -1.48931136 -4.89498227 -1.86725825 -4.68055962
 -5.23948432 -2.30727802 -2.09358896  0.56635128  0.72771039  0.14504546
 -5.71067048 -6.64953896  0.11227434  0.79735301 -5.52222526 -1.56824902
 -1.6204043  -5.60082818] 0.0005944349262775921 False
[-2.17219738 -2.83069707  0.680339   -2.46819511 -0.02372803 -3.22369704
 -3.29004663 -0.38688357 -0.91028782  1.31810785  2.42379984  2.75191463
 -3.13359234 -3.49901043  2.34520897  1.97851803 -3.8409245  -0.11137418
  0.55876554 -2.85500261] 0.0014498497772278281 False
[-2.28954217 -2.91619568  0.75795803 -2.18530027  0.2929129  -3.08263922
 -3.74888561 -0.66164688 -0.37568811  2.34505843  3.58197935  3.5911228
 -3.41130701 -4.04940585  2.24590733  2.44275039 -3.9633063  -0.32759151
  0.24111337 -2.72996071] 0.0015768410298122979 False
[-1.39988193 -1.20362167  2.90173782 -3.40998703 -0.44242724 -3.38452673
 -3.73834338  0.15074074  2.47886761  2.90232874  3.00571724  2.45409781
 -3.62784979 -2.90277606  0.13457074  1.08466051 -2.53059247  1.92010032
  1.00552343 -2.74961676] 0.0016140794827180774 False
[-2.03383688 -2.51272623  0.27358394 -2.26693665  0.34395693 -3.54045738
 -3.27967415 -0.5773933   2.61294159  3.76932617  3.3746946   3.1477848
 -4.03765872 -4.28207391  2.32758631  2.19518885 -3.62722864  0.06606761
  0.47018288 -3.21658716] 0.0017888582820092646 False
[-0.88678242 -1.44803172  2.04457366 -1.85424487  0.99064538 -2.15633403
 -1.89851924  1.34928445  1.34966761  3.31299406  3.49999247  3.95093999
 -2.9633913  -3.0632997   3.075789    3.62918478 -1.87416056  1.17092941
  1.38521964 -2.41307614] 0.0006023865789143942 False
[-1.50134897 -1.64989517  2.00507962 -1.9513298   0.8826241  -2.66015057
 -2.80146422  0.9750142   1.38698722  3.73183755  3.39117976  3.50341547
 -3.19368753 -3.46136089  2.57210224  3.61249651 -2.80325032  0.84811778
  1.1912967  -2.4908957 ] 0.000537122607459033 False
                        fun: 0.0008704532665482287
 lowest_optimization_result:       fun: 0.0008704532665482287
 hess_inv: array([[ 72.78781184,  95.36988045,  96.86406571,  70.36186434,
         85.23280655, 104.28816228,  78.29129738,  71.64723986,
         73.26931196,  72.21132278,  85.80230974,  86.76414157,
         83.07404613,  64.44306332,  90.16971443, 113.04466638,
         88.56363088,  71.26004787,  98.87594534,  76.57758985],
       [ 95.36988045, 131.41028982, 129.1181421 ,  92.55423667,
        111.8977427 , 143.41573182, 105.43995795,  93.81871356,
         94.18586887,  95.34821124, 113.37731682, 117.83291023,
        111.09591279,  86.05767244, 121.5406146 , 153.42700667,
        119.50023029,  96.13567761, 132.25192637, 103.38463095],
       [ 96.86406571, 129.1181421 , 132.61216355,  96.06958743,
        115.48968619, 142.20793495, 107.96052149,  97.90950957,
         98.82463462,  96.50403613, 116.01815178, 118.84192612,
        114.09419018,  89.17271658, 124.1071311 , 154.75321921,
        121.37694299,  96.93994628, 134.52755104, 102.26394943],
       [ 70.36186434,  92.55423667,  96.06958743,  71.27501789,
         86.09753849, 102.13505728,  76.26326417,  70.46395803,
         71.47576512,  70.4963478 ,  85.15608186,  85.3806162 ,
         82.72048417,  64.9735558 ,  89.82499707, 110.6035767 ,
         86.09934935,  69.69541886,  96.87513578,  75.63817554],
       [ 85.23280655, 111.89774269, 115.48968619,  86.09753849,
        104.76981658, 123.04422386,  91.03271889,  84.55393382,
         85.88034196,  85.62233272, 103.25356789, 102.83510093,
         99.75011407,  77.93209126, 107.90150431, 132.41194662,
        102.71153716,  83.96139293, 116.43568496,  92.65189415],
       [104.28816228, 143.41573182, 142.20793495, 102.13505728,
        123.04422386, 158.75119338, 117.60731743, 104.52471769,
        104.31650369, 103.4945466 , 124.46124225, 130.56004988,
        123.53536888,  96.49978189, 134.40433965, 169.979258  ,
        132.252899  , 105.0942609 , 145.95365585, 111.98470294],
       [ 78.29129738, 105.43995795, 107.96052149,  76.26326417,
         91.03271889, 117.60731744,  91.99675523,  81.72180928,
         81.60321181,  77.04994557,  92.98023179,  98.39535084,
         93.82141875,  73.61563257, 102.15817589, 129.16788755,
        102.11211755,  79.2726021 , 110.33908543,  79.47642338],
       [ 71.64723986,  93.81871357,  97.90950957,  70.46395803,
         84.55393383, 104.52471769,  81.72180928,  74.40240423,
         74.80589016,  70.32034262,  85.47911316,  88.29870633,
         85.25276602,  66.89337128,  91.69498292, 114.62657053,
         90.58466025,  71.29297386,  99.89225247,  73.27012318],
       [ 73.26931196,  94.18586887,  98.82463463,  71.47576513,
         85.88034197, 104.3165037 ,  81.60321181,  74.80589016,
         77.52038901,  74.25993848,  87.30083732,  87.91024593,
         84.37724603,  66.01780079,  93.15524566, 116.44721268,
         91.90398941,  72.09832997,  99.84254582,  73.4515234 ],
       [ 72.21132278,  95.34821124,  96.50403613,  70.4963478 ,
         85.62233272, 103.4945466 ,  77.04994557,  70.32034262,
         74.25993848,  76.45153904,  87.00199448,  85.7057012 ,
         80.82229863,  62.402881  ,  91.84039595, 114.40365984,
         88.92517838,  71.39033153,  96.49437248,  75.79767607],
       [ 85.80230974, 113.37731682, 116.01815177,  85.15608186,
        103.25356789, 124.46124225,  92.98023179,  85.47911315,
         87.30083732,  87.00199448, 103.69539247, 104.08969718,
         99.80951214,  77.58959998, 108.67393162, 134.76772892,
        104.94802369,  84.84181098, 117.50523597,  91.98517166],
       [ 86.76414156, 117.83291023, 118.84192612,  85.3806162 ,
        102.83510094, 130.56004988,  98.39535084,  88.29870633,
         87.91024593,  85.70570119, 104.08969718, 108.77016096,
        103.75416588,  80.9405153 , 111.55108701, 140.24504347,
        109.68134014,  87.31976755, 121.94796678,  92.70968959],
       [ 83.07404612, 111.09591279, 114.09419018,  82.72048417,
         99.75011408, 123.53536888,  93.82141875,  85.25276602,
         84.37724602,  80.82229863,  99.80951214, 103.75416588,
        100.30010177,  78.47941413, 106.2359495 , 132.45881058,
        103.81642118,  83.1120679 , 116.96839289,  88.89854685],
       [ 64.44306332,  86.05767244,  89.17271658,  64.9735558 ,
         77.93209126,  96.49978189,  73.61563256,  66.89337128,
         66.01780079,  62.402881  ,  77.58959998,  80.9405153 ,
         78.47941413,  62.1241302 ,  83.57172634, 104.02442897,
         81.57619084,  64.78121205,  91.3235982 ,  68.33926603],
       [ 90.16971443, 121.5406146 , 124.1071311 ,  89.82499707,
        107.90150431, 134.40433964, 102.15817588,  91.69498292,
         93.15524566,  91.84039595, 108.67393162, 111.55108701,
        106.2359495 ,  83.57172634, 118.61162785, 147.91995607,
        115.70452423,  91.36182689, 125.03116849,  94.0151527 ],
       [113.04466637, 153.42700667, 154.75321921, 110.6035767 ,
        132.41194662, 169.979258  , 129.16788755, 114.62657053,
        116.44721267, 114.40365984, 134.76772892, 140.24504347,
        132.45881058, 104.02442897, 147.91995607, 186.86528573,
        146.3723428 , 114.44086209, 157.16653261, 116.72241823],
       [ 88.56363088, 119.50023029, 121.37694299,  86.09934935,
        102.71153716, 132.252899  , 102.11211755,  90.58466025,
         91.9039894 ,  88.92517838, 104.94802369, 109.68134015,
        103.81642118,  81.57619084, 115.70452423, 146.3723428 ,
        115.47335093,  89.89084407, 123.52643724,  90.05476858],
       [ 71.26004787,  96.13567761,  96.93994628,  69.69541886,
         83.96139293, 105.0942609 ,  79.27260209,  71.29297386,
         72.09832996,  71.39033153,  84.84181098,  87.31976755,
         83.1120679 ,  64.78121205,  91.36182689, 114.44086209,
         89.89084406,  71.96068428,  98.78920481,  75.47310648],
       [ 98.87594534, 132.25192637, 134.52755104,  96.87513578,
        116.43568496, 145.95365585, 110.33908543,  99.89225246,
         99.84254582,  96.49437248, 117.50523598, 121.94796678,
        116.96839289,  91.3235982 , 125.0311685 , 157.16653261,
        123.52643724,  98.78920481, 138.52583737, 105.22992856],
       [ 76.57758984, 103.38463095, 102.26394943,  75.63817554,
         92.65189415, 111.98470293,  79.47642338,  73.27012317,
         73.45152339,  75.79767607,  91.98517166,  92.70968958,
         88.89854685,  68.33926603,  94.0151527 , 116.72241823,
         90.05476857,  75.47310648, 105.22992856,  87.53521318]])
      jac: array([ 0.00058801, -0.00052767, -0.00023047,  0.00096557, -0.00074859,
        0.0001872 , -0.00108413,  0.00092499, -0.00052538,  0.00011518,
       -0.00055908,  0.00084151,  0.00080111, -0.00118077,  0.00045265,
        0.0001678 , -0.00022657,  0.00047251, -0.00011812, -0.00028784])
  message: 'Desired error not necessarily achieved due to precision loss.'
     nfev: 27732
      nit: 1177
     njev: 1320
   status: 2
  success: False
        x: array([-0.68106717, -1.29419712,  2.35065409, -1.60770348,  1.17349967,
       -1.85321511, -1.77293003,  1.51125293,  1.88852559,  3.78438884,
        3.62025506,  4.02535989, -2.56277562, -2.90258709,  3.22031634,
        3.90659959, -1.74845925,  1.39531006,  1.64975954, -2.26707108])
                    message: ['requested number of basinhopping iterations completed successfully']
      minimization_failures: 101
                       nfev: 1596494
                        nit: 100
                       njev: 75967
                          x: array([-0.68106717, -1.29419712,  2.35065409, -1.60770348,  1.17349967,
       -1.85321511, -1.77293003,  1.51125293,  1.88852559,  3.78438884,
        3.62025506,  4.02535989, -2.56277562, -2.90258709,  3.22031634,
        3.90659959, -1.74845925,  1.39531006,  1.64975954, -2.26707108])

Process finished with exit code 0
