E:\CURPROJECT\SimsV3\venv\Scripts\python.exe E:/CURPROJECT/SimsV3/Simple_ManyWP_reproducability_test1.py
[3.46057641 6.27606824 5.80585231 3.07714361 2.03250008 5.36799995
 2.08299936 3.21746221 3.10646638 0.08277945 5.32953017 5.65721573
 0.01609228 2.37850812 5.44052185 1.77273144 2.69819282 1.71327499
 1.53336283 4.09352957] 0.0026354236803492015 True
[3.28024917 6.16453816 6.22026492 2.5404905  2.60424373 4.64604198
 1.53260243 1.81682488 2.85832016 1.71874188 5.28131231 5.12999388
 0.07764269 2.21873632 5.60305478 1.43736885 2.12005874 1.02095913
 1.58104077 5.15736765] 0.004384358156886713 True
[3.39870665e+00 6.08939817e+00 6.28318531e+00 3.19238042e+00
 2.31785382e+00 5.02599697e+00 1.77959683e+00 1.59377126e+00
 2.40133661e+00 1.91408493e+00 5.01643952e+00 5.57916140e+00
 4.36185713e-06 2.98410141e+00 5.64557858e+00 1.77884095e+00
 2.17392383e+00 1.27193338e+00 1.42543896e+00 4.96097508e+00] 0.004747532232986313 True
[4.73934163e+00 5.09687638e+00 1.83585784e+00 2.10707982e-03
 5.81651948e+00 5.28388557e+00 1.94961725e+00 4.44769840e-02
 6.25328810e+00 3.44386195e+00 4.35187359e-01 6.18672792e+00
 5.81260488e+00 2.20155173e+00 1.36875106e-01 5.64437474e+00
 1.21792719e-01 3.68172828e+00 6.27579194e+00 3.69197710e-01] 0.003131030256312178 True
[2.7790118  2.4981419  2.91356565 0.40703983 5.83419318 5.61644254
 1.80167553 2.40526831 3.14182081 3.00396415 3.74221867 3.4549312
 5.80868492 3.150403   0.07763171 3.47494303 0.76401823 4.08199595
 4.31897929 2.1237079 ] 0.0017366876714718618 True
[3.05019065 2.56883907 2.82061774 0.46766976 5.90626326 5.86349467
 2.31223215 2.05416409 2.03675493 2.22037621 3.31541556 3.09528831
 6.28318531 4.14154625 0.3255716  3.26486407 0.33951457 3.61126126
 3.69260593 1.65873726] 0.0012222369780057836 True
[4.04550381e+00 1.93423666e+00 4.20735572e+00 6.25140563e-01
 6.28318531e+00 3.55278178e+00 8.92700728e-01 1.60142997e+00
 3.15774391e+00 3.41332836e+00 2.37294769e+00 3.60797894e+00
 5.80948542e+00 2.38524875e+00 1.00243934e-04 4.61011079e+00
 5.76135198e-03 3.22827802e+00 4.39678556e+00 2.98179129e-01] 0.09181171255167342 True
[6.16873242 0.         2.1008705  0.         6.28318531 0.59862808
 6.28318531 0.46543991 6.28318531 6.09249729 0.         6.28318531
 0.         0.18966396 5.91675095 0.         5.62075389 0.14458387
 5.80806048 0.        ] 2.859775535379386 False
[6.04884779 0.40110128 0.61270512 0.99857911 6.19064047 1.20944084
 6.27508927 0.19062406 0.04549402 6.28318531 0.36829366 6.28318531
 1.92548628 5.7192683  0.         6.09245447 0.         5.06050221
 1.66484644 4.95618557] 0.00511567233614538 True
[6.16151619 0.77801974 0.70787837 0.21467184 6.01434872 0.65483748
 5.8317065  0.53322813 0.4891215  6.28313688 0.66032234 5.85981326
 2.08181145 5.77838628 0.18924521 5.80389958 0.         5.3334982
 1.96946519 4.47293734] 0.0057937252447043935 True
[6.28318531e+00 1.19816497e+00 6.28318531e+00 0.00000000e+00
 5.95618459e+00 3.21387497e-01 6.28318531e+00 9.54522961e-03
 3.01501534e-03 0.00000000e+00 5.32234915e+00 1.89874294e+00
 1.74263608e-08 5.90381674e+00 2.66734627e-06 5.05662388e+00
 2.21271426e-03 5.37908066e+00 4.89349951e+00 4.63037618e+00] 0.05045340646436472 True
[5.77853555e+00 1.34756623e+00 5.75792973e+00 2.96162280e+00
 3.89410156e+00 1.27006019e-02 4.03810980e+00 3.32834070e-03
 6.84521154e-01 3.22822119e+00 3.69524047e+00 4.26589644e+00
 2.72653800e-01 5.84845995e+00 6.18411746e-02 5.64172913e+00
 5.36359958e-02 5.39179975e+00 2.55837173e+00 5.16354833e+00] 0.007056259926600783 True
[6.10754282 2.14302673 5.97630346 3.48745648 4.20660181 0.31796672
 4.12600067 0.13027549 0.19767197 3.96566727 3.69981603 3.91623341
 0.26927998 5.82008897 0.09088562 5.57876888 0.03583963 5.63196877
 2.58306573 5.14829324] 0.0014074860977550338 True
[3.93171099e+00 4.11645735e+00 6.12215120e+00 3.87379758e+00
 2.69738983e+00 8.57172056e-01 3.76708325e+00 5.03427627e-01
 3.39779641e+00 2.62089149e+00 5.51701801e+00 5.31947729e+00
 1.55938761e+00 5.84739491e+00 1.58526051e-01 2.68521403e+00
 4.78055012e-05 5.72484340e+00 2.98053998e+00 3.21569289e+00] 0.0030202585278659624 True
[3.8267765  4.15589413 6.28118654 3.66551291 2.70446405 0.60860524
 3.8715805  0.66809874 2.90912639 2.62229002 5.5559475  5.38338751
 1.65445745 5.70039263 0.         2.89322309 0.01191059 5.58384192
 2.63525437 3.44356217] 0.0020432194313258724 True
[3.84915097 4.36804483 6.28318531 3.66115311 2.57430517 0.78281015
 3.75884183 0.70437624 3.01835277 3.23594556 5.56652312 4.9988234
 2.25132891 5.86659641 0.04574123 2.37646367 0.24826605 5.80579577
 2.71139452 3.40385731] 0.004327635781813136 True
[3.82492190e+00 4.15492093e+00 6.25406614e+00 4.06890272e+00
 2.90525287e+00 5.91415361e-01 3.80927458e+00 5.49411067e-01
 2.97189285e+00 2.65124499e+00 5.51371286e+00 4.79880723e+00
 2.18401243e+00 6.06339310e+00 6.20647224e-02 2.36291021e+00
 1.00986215e-04 5.87344049e+00 2.77586803e+00 3.32717745e+00] 0.0016490295265595171 True
[6.28318531 4.38215912 1.03424481 6.28318531 0.21288317 6.10166816
 6.00884575 0.         5.58527131 0.         6.07517328 6.09331003
 2.53690827 5.38721954 0.         6.04413787 0.         5.73369262
 2.2120099  0.        ] 0.8261768536284715 True
[6.28318531e+00 3.90920174e+00 1.13977523e+00 6.27003410e+00
 9.07603373e-01 6.16451555e+00 6.28318531e+00 4.06486849e-01
 4.59090713e+00 4.27335164e-03 5.76956744e+00 5.30116359e+00
 2.00973252e+00 5.15419531e+00 2.06086770e-02 5.83156782e+00
 2.48828569e-01 5.44955329e+00 2.63339110e+00 0.00000000e+00] 0.014864439325295945 True
[6.28318531 6.28318531 6.28318531 0.         6.28318531 0.
 0.         0.         6.28318531 0.         0.         0.
 6.28318531 0.         6.28318531 0.         6.28318531 0.
 6.28318531 0.        ] 30.253419215038054 False
[6.28318531 0.23255481 0.09913136 6.2310976  0.19493912 4.03884937
 6.28318531 1.11036651 6.28318531 1.0671065  0.50354487 6.28318531
 0.3435204  0.         5.52174418 0.         6.28318531 0.4299336
 6.08114233 6.11222061] 1.1697219914282522 False
[6.03010525e+00 2.58965222e-01 5.39291799e+00 1.55237892e-01
 6.18256241e+00 5.82719194e+00 3.28557837e-01 4.32905837e+00
 5.67712078e+00 4.10421730e+00 1.54037527e-01 6.28216355e+00
 1.90727624e-05 2.73837048e+00 1.38806909e+00 2.97341164e+00
 4.19938862e+00 4.14907206e+00 4.85128083e+00 9.03757960e-01] 0.08379063847026928 True
[4.18469298e+00 6.28318531e+00 1.78994366e-01 5.88795021e+00
 0.00000000e+00 5.65038837e+00 8.71388867e-04 5.64275886e+00
 0.00000000e+00 5.63160745e+00 8.84651494e-02 5.79425820e+00
 0.00000000e+00 6.05546345e+00 0.00000000e+00 6.20905170e+00
 2.22874943e-02 0.00000000e+00 6.28318531e+00 1.44882263e-03] 1.49076804973759 True
[6.43874435e-01 1.55756999e+00 5.49143600e+00 4.80218210e+00
 5.59005445e+00 5.84041172e+00 0.00000000e+00 5.34744738e+00
 1.37309202e-04 6.28318531e+00 3.11496822e-01 6.01633139e+00
 5.57892728e-01 6.28318531e+00 7.10880372e-01 6.23051939e+00
 4.29518367e-01 9.62998064e-01 5.69990904e-01 5.93708232e+00] 0.003685928988202691 True
[1.06697947e-02 2.71014529e-03 4.99208221e+00 5.48703005e+00
 2.25704370e+00 5.01579592e+00 1.97326856e+00 4.99239488e+00
 1.57950784e-02 4.92840488e+00 3.60771337e-02 5.86351522e+00
 2.22610169e+00 5.69642977e+00 2.42184151e+00 6.28308005e+00
 1.02497348e+00 5.10992926e-01 1.76954798e-01 6.28307986e+00] 0.009446743230142468 True
[6.28064183e+00 1.02331688e+00 6.27995153e+00 6.27104382e-01
 2.82907069e+00 5.26187096e+00 2.05370302e-06 6.19521534e-02
 6.02410567e+00 7.41894015e-01 5.84535768e+00 1.63027583e-01
 6.28302333e+00 2.24828199e+00 4.90329562e+00 1.96611284e+00
 1.72922560e+00 2.14697910e-01 0.00000000e+00 5.09994559e+00] 0.0352373486423329 True
[5.88002625e+00 4.08792868e-01 6.16481981e+00 1.02467093e+00
 3.81577734e-01 6.06689802e+00 6.38053850e-01 1.07296754e+00
 6.28317560e+00 1.10760464e+00 6.28316957e+00 1.84532694e-04
 5.12951143e+00 1.46372564e-02 5.66658567e+00 4.88106312e+00
 5.22181754e+00 6.29064120e-04 1.08098537e-05 5.41956770e+00] 0.024546960828958974 True
[3.30810662e+00 1.53790509e+00 6.28318531e+00 1.08564348e+00
 3.64312619e+00 3.65638113e+00 2.92301526e+00 2.37483242e+00
 5.54087313e+00 1.04184779e-01 4.07010099e+00 2.97050931e+00
 5.50735585e+00 4.03638301e-03 5.30316075e+00 5.23352889e+00
 5.40673408e+00 2.42016233e+00 2.18887109e-01 6.28318531e+00] 0.01479502303746177 True
[3.16066553e+00 1.44927842e+00 6.25590472e+00 7.53429108e-01
 4.33162897e+00 3.27343917e+00 3.19654398e+00 2.72551540e+00
 5.18448674e+00 8.43618976e-06 3.75855822e+00 2.48558181e+00
 5.26411332e+00 1.11872948e-03 5.71288739e+00 4.79892306e+00
 5.30699071e+00 2.47606979e+00 2.35939065e-01 6.16039828e+00] 0.02711601038708439 True
[3.25635403 0.61687163 6.2655469  1.00810106 4.93751885 4.31280686
 3.51347548 3.55489648 3.58478623 0.00847912 2.26001424 2.78577846
 5.2685239  0.03260111 5.77681942 5.00807459 5.78846373 3.09292858
 0.16486096 6.1327569 ] 0.004941365088020351 True
[3.57806717 0.7433326  6.28318531 0.41489497 5.11336281 3.51334386
 3.5072     4.28724198 2.83840885 0.         2.16798471 2.05644573
 5.03968339 0.         5.81244298 5.60289796 5.33846829 3.3219604
 0.         5.79034578] 0.012047044405627972 True
[4.03163206e+00 5.19346848e-01 6.24234087e+00 5.40172116e-01
 4.70282207e+00 3.67461449e+00 3.27587898e+00 4.52648875e+00
 3.03351184e+00 3.92715550e-04 2.20808920e+00 2.25006465e+00
 5.04717080e+00 6.83509928e-02 6.26632329e+00 5.91788615e+00
 5.41943828e+00 3.38217641e+00 3.82485302e-01 5.82930479e+00] 0.03097100224135592 True
[5.05582186 0.         5.05920331 0.02027314 5.01546473 4.70546073
 2.04709881 6.12585512 2.97872323 0.0841853  3.59556667 3.48080356
 5.61728299 0.02786646 2.63358989 3.18052273 6.21268528 4.20432525
 0.61423194 6.28318531] 0.009301912070388012 True
[5.80410882 0.37893499 5.81409357 0.01588253 6.11410853 3.45623174
 0.15811256 5.76251634 3.76559312 1.28345732 1.59434982 4.2709406
 4.32560531 3.77084235 4.26584965 3.20250059 3.76625892 4.30458605
 0.78249947 6.28317225] 0.0028945421095927246 True
[5.45258097 0.16525566 5.78328976 0.         6.04028251 2.74228885
 0.21526967 6.11550039 3.78756892 1.4297456  1.40734656 4.00515432
 4.01105802 3.70163376 3.72993049 2.77712927 3.95755719 4.1983844
 0.49362266 6.25902733] 0.001429016143802912 True
[6.28318531 0.         6.28318531 0.13248561 5.6848295  6.28318531
 0.14555112 5.57274107 0.         6.28318531 0.89674436 0.56894126
 6.28318531 0.         0.         5.65271755 0.18391472 2.37527291
 5.99314878 5.74279117] 1.0889194187599462 False
[5.48546079 0.24501351 6.08338307 0.         5.93372848 3.36736464
 0.14858682 6.10976487 3.42758391 1.46708496 1.26132384 4.43438887
 4.60258606 4.08262401 3.54735434 3.88153312 3.86732561 3.96725392
 0.78868258 6.18238659] 0.0008483493551006029 True
[5.17172947e+00 7.14161063e-05 5.98324731e+00 2.34715797e-01
 6.28318531e+00 3.90750292e+00 6.48378909e-01 6.28318531e+00
 3.42943192e+00 1.20349884e+00 9.68126474e-01 4.82253095e+00
 5.09967583e+00 4.07366985e+00 3.48029886e+00 4.19303116e+00
 4.27102643e+00 3.73408236e+00 6.81189963e-01 5.93907426e+00] 0.004666582103109919 True
[5.67176548e+00 8.81140157e-01 3.69847349e+00 8.42498795e-02
 6.27278520e+00 2.59621208e+00 2.30926566e+00 6.17020211e+00
 4.75444597e+00 4.25490945e-01 2.43411774e+00 3.22411758e+00
 5.42583876e+00 4.71233153e+00 2.12198800e+00 4.84075940e+00
 2.58992073e+00 5.13737050e+00 3.04754083e-03 5.86017541e+00] 0.020113764115373793 True
[0.         6.24852997 5.88592023 0.         6.28318531 5.8859483
 5.95613147 0.12378751 6.28307572 0.70465979 4.24379515 0.50621483
 6.28318531 0.         6.28318531 6.28318531 5.19103795 0.
 6.24689599 0.        ] 1.360882241359203 False
[5.79026728 0.         2.81739511 0.69012091 5.48574134 2.66244317
 3.87381405 6.28314243 4.21083965 0.16642645 3.33347896 2.80216054
 5.58289077 3.40573275 2.98600026 4.03566198 3.83258779 4.11648524
 0.81159779 4.92285318] 0.007703527535796473 True
[3.85745070e+00 5.86770771e-05 3.03397555e+00 1.84898454e+00
 5.98822330e+00 3.53883409e+00 3.67226940e+00 5.60405860e+00
 4.00656498e+00 1.27517428e-01 2.70414742e+00 2.71688163e+00
 5.08523895e+00 3.18787077e+00 3.67108210e+00 4.35973484e+00
 3.85668551e+00 4.05994869e+00 5.99204760e-01 4.58547785e+00] 0.0386909858768399 True
[3.41926534 0.98077502 2.96489421 1.38576727 6.15114537 3.09396779
 3.71207684 6.08829009 3.49936412 0.03808176 2.03560934 2.52711614
 6.12025485 3.47112292 4.00192588 4.30078941 3.96571983 4.18461318
 0.67544214 4.63018079] 0.0043599452946920594 True
[1.16429404 4.72181749 0.74327037 3.22159147 3.40721846 6.28318531
 0.80502477 6.28318531 6.28318531 0.         5.21557434 0.
 6.18644584 0.         0.         5.89850424 5.32768861 6.28318531
 0.         5.92557614] 0.19245460719265273 True
[2.08683617 4.69726199 0.57917518 4.05229257 3.88090003 6.28318531
 0.97350307 6.28318531 6.28318531 0.46274215 5.30112579 0.00824018
 6.28318531 0.         0.         5.43815002 4.96545172 6.20434414
 0.         6.05393305] 0.005326728433891217 True
[6.28318531 1.46284916 5.4993156  0.         0.         4.99955342
 0.         5.76054261 2.93751305 0.         2.70344193 0.28113366
 3.03616794 6.28318531 1.01484732 6.28318531 1.05372079 6.28318531
 0.98280167 1.69772598] 0.11030323191764546 True
[4.81452376e+00 2.66315545e+00 5.72178621e+00 0.00000000e+00
 3.54351293e-05 5.41262695e+00 2.61678967e-01 6.28318531e+00
 6.87577982e-01 4.42715365e-01 3.48294934e+00 1.22244229e+00
 4.20050429e+00 6.28318531e+00 1.12419981e+00 6.27674155e+00
 1.02695636e-03 6.12274244e+00 8.75539439e-01 2.14507269e+00] 0.011091361588744186 True
[4.96232390e+00 2.34545841e+00 4.69095665e+00 9.69728040e-01
 1.92947952e-01 4.82436167e+00 3.26383702e-03 6.26075923e+00
 8.05202958e-01 1.41535299e+00 3.53345172e+00 1.19680913e+00
 4.67423133e+00 5.30136081e+00 1.67068419e+00 5.52396242e+00
 1.23739850e+00 5.39237547e+00 1.56642295e+00 2.27216012e+00] 0.06872324944149336 True
[4.11587367 3.3555469  3.93006237 0.93785709 0.10016737 4.6512338
 0.36950777 6.28314728 0.92005086 1.69021526 2.25104791 1.93838011
 4.20547037 5.06244272 2.08034956 4.82813134 0.76587585 4.54538843
 1.13387076 1.89980785] 0.02472795997161135 True
[1.43045101 6.28318531 1.25995016 3.8626265  0.33044997 6.28318531
 6.28318531 0.40084464 6.23328809 2.93229912 0.02150089 0.
 5.81379905 0.11605246 0.06145296 6.28318531 5.82982551 0.
 5.8107459  0.36316884] 0.56624551861424 False
[3.54237735 3.14012552 3.52805779 1.32974602 0.17441626 4.23335766
 0.45648782 6.27839363 0.83473747 1.16036563 1.82936798 2.26890944
 4.53007884 4.95791949 1.49199776 4.78515728 0.61862725 4.13263403
 1.02149482 1.39647115] 0.0016003758776616552 True
[0.         0.40475284 6.17484797 0.03290353 6.28318531 0.01422141
 6.16637361 6.28318531 0.01427425 0.         6.28318531 0.10837736
 6.28318531 0.02228197 0.04977802 6.28318531 6.14917553 0.
 5.9816166  5.29460488] 3.553337720028164 False
[8.20521909e-01 5.89584606e+00 8.94939456e-01 4.51762641e+00
 5.62481532e-01 6.28318531e+00 6.12891537e-01 6.28318531e+00
 3.07307972e-01 4.25891091e+00 6.49218410e-01 5.36642942e+00
 9.83448502e-01 6.05442067e+00 1.12343167e+00 6.16985452e+00
 7.73797070e-04 5.45355120e+00 9.06969075e-04 5.32819490e+00] 0.04107385074590873 True
[2.05370108e+00 4.87045723e+00 1.46009146e+00 5.19721970e+00
 3.09984511e-01 6.11675564e+00 2.92045980e+00 6.02454537e+00
 1.88096211e-01 5.26253321e+00 1.84344611e-03 5.82028154e+00
 1.01348929e+00 6.24618336e+00 1.20780049e+00 6.20125105e+00
 9.00875024e-02 6.28318531e+00 7.93928162e-01 6.24719832e+00] 0.033259301021064516 True
[0.90198792 5.58975548 0.87825312 6.03172848 0.53918539 3.70010084
 3.23348543 2.0386873  2.50275034 2.78697489 0.         6.23619975
 0.71818015 6.12702926 0.15212381 6.2831094  1.15131277 4.35074264
 1.02470933 4.15157656] 0.01012619662641659 True
[0.08535511 3.30701048 3.50414134 6.28310919 4.17011384 1.14126081
 3.6588274  1.45641513 5.09823422 1.19576215 3.37515117 3.17576268
 0.22884052 6.28185711 0.17784495 5.77977821 3.21317407 6.05358613
 1.89755054 5.54258695] 0.004273344651868359 True
[6.28318531 0.         6.28318531 6.28318531 0.         0.
 6.28318531 6.28318531 0.         6.28318531 6.28318531 0.
 6.28318531 0.         6.28318531 6.28318531 6.28318531 0.
 6.28318531 0.        ] 30.253419215038054 False
[2.30630653e+00 1.51835914e+00 1.82884243e+00 5.21540936e+00
 2.27946949e+00 2.84058063e+00 3.97142878e+00 6.14462160e-02
 3.05208854e+00 3.70587498e+00 2.50217151e+00 5.47991192e+00
 1.42362336e-04 3.40712387e+00 2.67599144e+00 6.06371434e+00
 2.58695415e+00 6.28318531e+00 3.88376512e+00 3.39155272e+00] 0.0027981642819118694 True
[2.7571859  1.64225612 1.80749913 5.1880534  2.1236071  2.42990063
 3.43437189 0.51356437 3.00613146 3.34136065 2.4696999  5.98684928
 0.62876892 3.34428748 2.64935227 5.7779435  3.29669428 5.99753785
 3.84071803 3.61321314] 0.002774002277385734 True
[2.61536273 1.47430488 1.38515934 4.62142262 0.56744334 3.62478538
 3.82975489 0.08858942 3.67777576 3.72111509 2.89517629 6.17327722
 0.74613413 3.44534385 2.63572988 5.31409261 2.81615122 6.28318531
 3.82303165 3.07457075] 0.0032492643240931945 True
[3.75692580e+00 4.53460724e-01 9.62591025e-01 5.93650688e+00
 9.10503916e-01 3.03951057e+00 2.22941423e+00 4.29101443e-06
 2.60971785e+00 3.21465608e+00 2.70576351e+00 6.10572171e+00
 1.96181981e+00 2.10489253e+00 1.89873533e+00 5.26857461e+00
 2.73183017e+00 6.16323098e+00 3.44802241e+00 2.52784512e+00] 0.0029910854839180715 True
[4.60454276 1.3139144  0.80358087 6.28309279 0.33125501 1.073715
 3.17059842 0.05339735 3.11930129 2.50064995 3.14505711 5.76758757
 3.60137258 0.18028731 3.64899728 6.17099748 2.17942002 5.97549494
 1.88844722 2.95463134] 0.0034418515836805784 True
[6.28318531 1.03432067 0.6421279  6.28318531 0.         5.45945584
 0.         0.08835609 6.10318592 0.         5.76099693 6.28318531
 6.28318531 0.06505332 0.         6.08363644 0.36564046 6.28019884
 0.36895393 6.28318531] 1.3063459421274546 False
[4.65900411 1.21477436 0.88833363 6.28318531 0.36639377 0.72372615
 2.97146754 0.21260034 2.79900819 2.98713135 2.41973579 5.93078141
 3.25571604 0.22631939 3.58334632 6.11133713 2.51705833 5.33352135
 2.08040392 3.0300218 ] 0.0005879000412215824 True
[4.23529441 1.55673091 0.64598457 6.15765804 0.45840678 1.18805347
 3.33069113 0.03424281 3.03432359 2.20250002 2.51362247 5.87969806
 3.12013325 0.47448117 3.49503023 5.7363129  2.9913825  5.70326492
 2.25203468 2.71347497] 0.0014140875134964895 True
[3.7338692  0.         0.         5.87359477 0.04564402 2.01759749
 2.28980724 0.11754808 3.80550475 3.88870443 3.94960837 6.28318531
 3.73395017 0.4110035  3.44478549 3.31003538 3.97036661 4.74249802
 1.33136812 4.86736824] 0.003975489766545425 True
[6.11286073 0.63570916 0.39881041 6.2827011  0.22443918 2.08218663
 3.34530555 0.06692386 2.52253835 2.50737535 2.28428613 5.85959687
 4.09211786 0.49740393 3.7202664  3.75776026 4.00448039 4.13610994
 1.2805367  3.9329424 ] 0.003037292254991036 True
[6.07803813e+00 9.42222164e-01 4.59007815e-02 6.28103967e+00
 7.79439531e-03 1.94669646e+00 2.66103006e+00 2.91420195e-04
 2.54815883e+00 2.93725086e+00 2.50083828e+00 5.82786334e+00
 4.12532512e+00 6.39267749e-01 3.77310858e+00 3.85723772e+00
 4.18229441e+00 4.27440926e+00 7.23148226e-01 3.04587082e+00] 0.006007760419787943 True
[3.99684143 6.28318346 0.31494561 4.9720047  0.11918998 6.27421514
 0.78985039 1.04550153 6.28318531 0.12774488 5.49957012 5.45215829
 3.82147374 0.26172476 6.283123   0.         5.25692691 0.
 5.39340398 4.78010269] 0.03934630094170291 True
[3.60907374e+00 6.28318531e+00 1.61195754e-01 4.68789978e+00
 1.67396435e-01 6.28318531e+00 1.09069425e+00 1.21306781e+00
 6.28318531e+00 1.08126672e-04 5.71468580e+00 5.35282371e+00
 3.80090520e+00 3.43953035e-02 6.27576912e+00 0.00000000e+00
 5.24744986e+00 0.00000000e+00 5.18343085e+00 4.83066282e+00] 0.030425713481082608 True
[5.49756361e+00 5.22237153e+00 2.40041412e+00 4.87308982e+00
 2.17833108e+00 5.40191240e+00 3.69590856e+00 2.32544197e-01
 6.28296590e+00 8.27228936e-01 5.78361204e+00 6.21015696e+00
 3.20734820e+00 1.28647443e-01 6.28318531e+00 1.02285668e+00
 3.74128213e+00 1.58370371e-04 5.97638300e+00 5.54608144e+00] 0.00604304684846733 True
[5.83469495 4.89085248 2.18206641 5.62746427 1.94691762 5.08552248
 3.16658626 0.18001224 6.23422357 0.10435495 6.28290507 6.27971639
 4.05387677 0.54410025 6.08723181 0.63026194 3.04482723 0.22446644
 5.83068032 5.18316846] 0.0024139370121282287 True
[5.67851252e+00 4.91087344e+00 1.32941557e+00 5.45842293e+00
 2.75209166e+00 5.06340716e+00 2.64115533e+00 4.97255786e-01
 5.51073692e+00 7.69589837e-02 6.22718433e+00 6.27945542e+00
 3.65410057e+00 4.82069929e-01 6.02141928e+00 4.26943906e-05
 3.21548663e+00 1.77270673e-02 5.00521372e+00 5.20823428e+00] 0.006191071112081132 True
[4.92916369 5.15415024 1.23375577 5.72820456 2.39999521 5.30149463
 2.43162114 0.57121474 5.70698123 0.28788987 5.94710951 6.28318531
 3.23256191 0.57263131 5.86476379 0.         2.48390332 0.0593374
 5.40610595 4.68250022] 0.0046644925930152525 True
[4.15599557e+00 4.85161856e+00 1.74866494e+00 5.48558055e+00
 2.68420459e+00 5.66061791e+00 2.59184729e+00 4.52200238e-01
 5.63903514e+00 0.00000000e+00 5.07013109e+00 5.10528003e+00
 2.24695105e+00 1.20204312e-05 6.28318531e+00 5.41707654e-01
 3.30742547e+00 1.10778541e-01 5.41470801e+00 5.90996749e+00] 0.005802917454436649 True
[5.05647490e+00 4.83229388e+00 1.09342521e+00 5.87996464e+00
 2.59194103e+00 5.48940154e+00 2.73834796e+00 3.86421506e-01
 5.90361531e+00 7.92147899e-02 4.64856634e+00 5.32757671e+00
 2.41544460e+00 4.47407012e-01 6.28318531e+00 5.97746631e-01
 3.64090868e+00 2.82147657e-04 5.82307099e+00 5.83478889e+00] 0.01647886100762051 True
[6.28180974 3.64047885 0.13827957 6.07109794 2.14269002 5.46110375
 2.4737928  0.26581543 5.79931816 0.09318585 3.43796395 3.12654952
 0.68850967 0.65937425 6.2288221  0.81702194 4.87445683 1.0509446
 6.28311016 4.7855994 ] 0.004714719371218434 True
[6.07572025e+00 3.92646695e-01 3.35030755e-01 5.66058600e-01
 6.15429155e+00 5.86054976e+00 0.00000000e+00 5.24490141e-01
 6.15263294e+00 8.24005559e-03 6.28299183e+00 5.17064314e+00
 1.58557775e+00 4.64656986e+00 5.16121598e+00 2.40994372e-04
 1.79126438e+00 3.26783958e+00 1.96097919e+00 5.80740082e+00] 0.014301532658923644 True
[4.40989050e+00 8.92803707e-01 6.28318531e+00 0.00000000e+00
 2.96602198e+00 5.88814890e+00 5.25888417e-01 6.13250112e+00
 6.25569241e+00 1.73955432e+00 5.17901396e+00 5.18126308e+00
 7.71795523e-04 5.49397015e+00 2.89334518e+00 1.81360889e+00
 5.97862237e+00 0.00000000e+00 5.50213043e+00 4.98517925e+00] 0.01198762597220357 True
[3.75763568 0.64861509 6.28304752 2.32256564 1.28159098 3.41214946
 0.59853505 3.95249314 3.73172565 2.9167008  5.39401806 5.47355293
 0.         5.578159   2.14808395 2.68091589 3.36768872 2.94862062
 3.37163825 5.65566303] 0.0057270541730394696 True
[1.47368876e+00 5.09922640e+00 5.01036232e+00 9.23458449e-01
 4.70683458e+00 4.17007314e+00 3.59891452e-01 8.04123753e-01
 4.04584120e+00 1.58147836e-03 5.98891939e+00 6.02636637e+00
 3.73909015e+00 1.25173470e+00 1.11097962e+00 9.99820627e-01
 1.27650707e+00 6.27384004e+00 1.19417199e+00 2.72551736e-02] 0.008135347348292256 True
[5.35678005 0.01549044 0.         5.18790999 5.24709085 5.19877905
 0.         5.52162962 0.53649157 4.33444683 6.09890923 6.28318531
 6.28318531 0.96950772 1.18276535 6.23014147 0.75334619 6.28214958
 0.25473713 6.1255912 ] 0.023359030042622374 True
[3.61091360e+00 3.75968609e-01 2.38008037e+00 3.61482840e+00
 5.46469003e+00 5.80795550e+00 3.22849669e-02 5.23836348e+00
 2.90091019e-05 5.41984474e+00 3.72579629e+00 5.36230378e+00
 6.28276754e+00 4.38943045e-01 3.46770095e+00 3.96255006e+00
 2.76293627e+00 3.47727927e+00 9.74038788e-01 4.38377853e+00] 0.016211112163120645 True
[4.01504792e+00 7.44025684e-03 2.45333777e+00 3.70491563e+00
 4.62189021e+00 6.27902803e+00 4.12005774e-03 5.37234040e+00
 0.00000000e+00 5.34158042e+00 3.66774644e+00 5.87688041e+00
 6.28318531e+00 5.88105004e-01 3.71702315e+00 4.20662710e+00
 2.80428397e+00 3.41728545e+00 1.09724964e+00 4.45407241e+00] 0.044191109095191916 True
[6.28318531 1.06036089 6.28318531 0.         5.73835511 0.10374154
 6.14424911 0.02438144 6.28318531 0.80420551 6.28318531 0.
 5.86277007 6.26757781 0.         5.38393683 0.         5.19855621
 1.9023312  0.        ] 1.199162865838757 False
[2.58125082 0.32855846 3.23052994 3.51450025 5.78534281 5.82021365
 0.01342732 6.01350683 0.16561911 4.30922249 3.58107248 4.16658595
 6.14564787 0.48511539 3.16704381 3.52235847 3.91554351 4.39003334
 1.94152318 4.6163335 ] 0.001313167239965287 True
[1.48627528 0.73080125 3.58248478 3.73708129 6.08635624 5.84900549
 0.28247446 6.03435631 0.51142437 4.26200556 3.68333963 3.23798428
 5.98671353 0.32438744 4.1297616  3.93975006 4.57573826 4.59908226
 1.75544184 4.17604471] 0.0016067079645885067 True
[1.14918139e+00 5.37855121e+00 1.31337796e+00 4.42766312e+00
 5.30393573e-01 6.22519435e+00 3.08084751e-01 9.92522901e-02
 8.64852308e-01 4.26453193e+00 6.28318497e+00 3.50624348e-01
 5.75414207e+00 5.14864285e-04 5.80197186e+00 4.64745733e-01
 5.73207212e+00 6.35754355e-01 2.21796831e-01 5.74187275e+00] 0.008342235391902113 True
[1.26020363e+00 5.73649965e+00 1.45185808e+00 4.18364160e+00
 3.62730032e-01 5.38631360e+00 4.47542497e-01 5.03777900e-01
 5.24016115e-01 4.29188494e+00 5.97281988e+00 2.55352928e-05
 5.46905133e+00 5.75743631e-01 6.16072817e+00 1.39592750e-02
 5.53473462e+00 6.61945081e-01 1.25080027e-01 5.87942070e+00] 0.04749788062905641 True
[8.85206905e-01 4.79953383e+00 8.71305245e-01 4.19892333e+00
 1.57222558e+00 6.26087383e+00 8.81369211e-01 9.83408277e-01
 5.77310626e-01 5.62605331e+00 5.42238485e+00 8.27116639e-07
 5.96164092e+00 1.60354949e-01 6.27853078e+00 5.84140147e-01
 4.46741808e+00 1.82566605e-01 9.87427176e-02 6.28027630e+00] 0.022851911598492473 True
[1.42519373e+00 4.74999457e+00 8.62925971e-01 3.79245717e+00
 2.09646259e+00 6.20690611e+00 6.99666236e-01 8.06486760e-01
 7.50646850e-01 5.47079208e+00 5.21975634e+00 4.48056944e-01
 6.13219154e+00 2.78794270e-01 6.27969332e+00 9.57695535e-01
 4.36614258e+00 9.38780403e-02 4.74276283e-03 6.22746435e+00] 0.07619956289409785 True
[2.50442688e+00 4.81839158e+00 8.73253364e-01 4.56640302e+00
 1.03912474e+00 6.28229094e+00 6.63575268e-01 6.45652855e-01
 3.31627515e+00 3.28799537e+00 5.83629450e+00 4.97201642e-01
 6.22883857e+00 2.70108497e+00 3.57923581e+00 3.27673647e+00
 2.32505937e+00 2.40681480e+00 3.31789602e-03 6.22495743e+00] 0.003023153753383529 True
[2.71355427e+00 4.81452846e+00 1.27418626e+00 4.19896104e+00
 1.07869850e+00 6.25471760e+00 5.10253845e-01 6.80086631e-01
 3.15050290e+00 3.23531092e+00 6.18649874e+00 2.86468957e-01
 5.72687411e+00 2.75831662e+00 4.01418666e+00 3.31982309e+00
 2.15289842e+00 2.88771401e+00 7.72944581e-04 5.89304945e+00] 0.00394390857857202 True
[4.16379641 4.91506688 1.55113754 4.0662569  0.47465148 5.89097449
 0.38890582 0.10134872 3.35687344 4.07004225 6.27466242 0.63936378
 5.65551081 3.36114294 3.22495746 2.27482982 2.46806941 3.08694493
 0.0964386  6.17879014] 0.0020294318530274928 True
[3.89251152 3.36450358 0.82873444 3.29246801 0.94558714 6.28318531
 0.01471892 0.33186785 2.48209254 4.44100524 5.68968249 1.80180567
 5.39018121 3.00581433 2.01500758 3.32912971 2.64878265 2.76150799
 0.11355977 5.972267  ] 0.006939270651936788 True
[6.28318531 5.63810329 3.98969104 0.         5.50438709 0.
 5.4790931  0.         6.2276987  3.74491013 6.28318531 6.16706615
 0.80375023 6.28318531 1.02619083 6.28318531 0.11658977 0.13670602
 5.91533549 6.28318531] 2.131530926814225 False
[6.28318531 6.28318531 0.         5.36875635 0.         6.18804243
 6.28318531 0.63971809 6.07406811 6.06254367 6.25354374 0.
 0.         6.28318531 0.16935359 4.19354482 6.28318531 6.28318531
 3.66470508 1.37528853] 2.1811858030007545 False
[3.9776953  1.74082716 0.94701551 1.9351169  4.09834686 4.06567079
 1.86638381 1.50837604 0.52302991 3.41639517 3.71695864 0.47233525
 4.62139612 4.47952707 1.37411491 5.27419678 2.10171177 2.3501703
 2.14777013 4.78566622] 0.0019600993702701894 True
[5.67297374e+00 2.18150535e+00 2.23256349e+00 1.38017217e+00
 4.95230775e+00 1.42304548e+00 2.52957805e+00 2.01280135e+00
 1.65284098e+00 4.97296789e+00 2.05985714e+00 4.22193330e-03
 6.28318531e+00 5.78451213e+00 5.47170413e-01 2.71780143e+00
 3.27511457e+00 2.70477700e+00 4.51298785e+00 5.84061127e+00] 0.00471768547137949 True
[5.59362411e+00 2.64505580e+00 2.86563884e+00 1.80553927e+00
 5.72331245e+00 1.96790143e+00 2.68442107e+00 1.89473625e+00
 1.22093618e+00 4.96249845e+00 2.14276597e+00 4.54810144e-05
 6.15306919e+00 5.87639871e+00 5.81842013e-01 2.62340711e+00
 3.55572883e+00 3.14101237e+00 3.96172120e+00 6.02995450e+00] 0.004055428636566691 True
[4.89835993e+00 1.69226627e+00 4.57706515e+00 1.15858366e+00
 6.28263507e+00 1.14278277e+00 1.68273537e+00 4.74929342e+00
 7.04049472e-01 5.92597968e+00 4.07379512e+00 1.36216228e-03
 5.66866953e+00 3.52551567e+00 3.72786315e+00 7.28321636e-01
 1.34302064e+00 4.80154211e+00 1.43245458e+00 5.88216743e+00] 0.14302148108497678 True
                        fun: 0.0005879000412215824
 lowest_optimization_result:       fun: 0.0005879000412215824
 hess_inv: <20x20 LbfgsInvHessProduct with dtype=float64>
      jac: array([ 0.0015741 ,  0.00378163, -0.00437713,  0.00266452, -0.00548425,
        0.00158874, -0.0045974 , -0.00091762, -0.00549856,  0.0042225 ,
        0.00016367,  0.0015924 , -0.00512209, -0.00047543,  0.00788835,
       -0.00587867,  0.00351408,  0.00210701,  0.0026874 ,  0.0005843 ])
  message: 'STOP: TOTAL NO. of f AND g EVALUATIONS EXCEEDS LIMIT'
     nfev: 15015
      nit: 649
     njev: 715
   status: 1
  success: False
        x: array([4.65900411, 1.21477436, 0.88833363, 6.28318531, 0.36639377,
       0.72372615, 2.97146754, 0.21260034, 2.79900819, 2.98713135,
       2.41973579, 5.93078141, 3.25571604, 0.22631939, 3.58334632,
       6.11133713, 2.51705833, 5.33352135, 2.08040392, 3.0300218 ])
                    message: ['requested number of basinhopping iterations completed successfully']
      minimization_failures: 39
                       nfev: 940254
                        nit: 100
                       njev: 44774
                          x: array([4.65900411, 1.21477436, 0.88833363, 6.28318531, 0.36639377,
       0.72372615, 2.97146754, 0.21260034, 2.79900819, 2.98713135,
       2.41973579, 5.93078141, 3.25571604, 0.22631939, 3.58334632,
       6.11133713, 2.51705833, 5.33352135, 2.08040392, 3.0300218 ])

Process finished with exit code 0
