,x,delta
0,0.1,0.1884955592153876
1,0.10590590590590591,0.19962792957945955
2,0.11181181181181182,0.2107602999435315
3,0.11771771771771772,0.2218926703076034
4,0.12362362362362363,0.23302504067167534
5,0.12952952952952954,0.24415741103574728
6,0.13543543543543546,0.2552897813998193
7,0.14134134134134135,0.26642215176389117
8,0.14724724724724725,0.2775545221279631
9,0.15315315315315317,0.28868689249203505
10,0.15905905905905907,0.299819262856107
11,0.164964964964965,0.310951633220179
12,0.17087087087087088,0.3220840035842509
13,0.17677677677677678,0.3332163739483228
14,0.18268268268268267,0.3443487443123947
15,0.1885885885885886,0.3554811146764667
16,0.19449449449449452,0.36661348504053864
17,0.2004004004004004,0.3777458554046106
18,0.2063063063063063,0.38887822576868253
19,0.2122122122122122,0.4000105961327544
20,0.21811811811811813,0.4111429664968264
21,0.22402402402402405,0.42227533686089835
22,0.22992992992992994,0.4334077072249703
23,0.23583583583583584,0.4445400775890422
24,0.24174174174174176,0.4556724479531142
25,0.24764764764764766,0.46680481831718607
26,0.2535535535535536,0.47793718868125806
27,0.2594594594594595,0.48906955904533
28,0.26536536536536537,0.5002019294094019
29,0.27127127127127126,0.5113342997734738
30,0.27717717717717716,0.5224666701375458
31,0.2830830830830831,0.5335990405016178
32,0.288988988988989,0.5447314108656897
33,0.2948948948948949,0.5558637812297617
34,0.30080080080080085,0.5669961515938337
35,0.30670670670670674,0.5781285219579055
36,0.31261261261261264,0.5892608923219774
37,0.31851851851851853,0.6003932626860494
38,0.32442442442442443,0.6115256330501213
39,0.3303303303303303,0.6226580034141932
40,0.3362362362362362,0.6337903737782652
41,0.34214214214214217,0.6449227441423372
42,0.34804804804804806,0.6560551145064091
43,0.353953953953954,0.6671874848704811
44,0.3598598598598599,0.6783198552345531
45,0.3657657657657658,0.689452225598625
46,0.3716716716716717,0.7005845959626968
47,0.3775775775775776,0.7117169663267687
48,0.3834834834834835,0.7228493366908407
49,0.3893893893893894,0.7339817070549126
50,0.3952952952952953,0.7451140774189845
51,0.4012012012012012,0.7562464477830565
52,0.4071071071071072,0.7673788181471286
53,0.4130130130130131,0.7785111885112005
54,0.41891891891891897,0.7896435588752724
55,0.42482482482482486,0.8007759292393444
56,0.43073073073073076,0.8119082996034163
57,0.43663663663663665,0.8230406699674881
58,0.44254254254254255,0.8341730403315601
59,0.44844844844844844,0.845305410695632
60,0.45435435435435434,0.8564377810597039
61,0.46026026026026023,0.8675701514237758
62,0.46616616616616624,0.878702521787848
63,0.47207207207207214,0.8898348921519199
64,0.47797797797797803,0.9009672625159918
65,0.4838838838838839,0.9120996328800637
66,0.4897897897897898,0.9232320032441357
67,0.4956956956956957,0.9343643736082076
68,0.5016016016016016,0.9454967439722795
69,0.5075075075075075,0.9566291143363514
70,0.5134134134134134,0.9677614847004233
71,0.5193193193193193,0.9788938550644952
72,0.5252252252252253,0.9900262254285673
73,0.5311311311311312,1.0011585957926392
74,0.5370370370370371,1.0122909661567112
75,0.542942942942943,1.0234233365207832
76,0.5488488488488489,1.034555706884855
77,0.5547547547547548,1.045688077248927
78,0.5606606606606607,1.056820447612999
79,0.5665665665665666,1.0679528179770708
80,0.5724724724724725,1.0790851883411428
81,0.5783783783783784,1.0902175587052148
82,0.5842842842842844,1.1013499290692867
83,0.5901901901901903,1.1124822994333587
84,0.5960960960960962,1.1236146697974305
85,0.602002002002002,1.1347470401615025
86,0.6079079079079079,1.1458794105255745
87,0.6138138138138138,1.1570117808896463
88,0.6197197197197197,1.1681441512537183
89,0.6256256256256256,1.1792765216177903
90,0.6315315315315315,1.190408891981862
91,0.6374374374374374,1.201541262345934
92,0.6433433433433433,1.212673632710006
93,0.6492492492492492,1.2238060030740778
94,0.6551551551551552,1.23493837343815
95,0.6610610610610611,1.2460707438022218
96,0.666966966966967,1.2572031141662938
97,0.6728728728728729,1.2683354845303658
98,0.6787787787787788,1.2794678548944376
99,0.6846846846846847,1.2906002252585096
100,0.6905905905905906,1.3017325956225816
101,0.6964964964964965,1.3128649659866534
102,0.7024024024024024,1.3239973363507254
103,0.7083083083083083,1.3351297067147974
104,0.7142142142142143,1.3462620770788694
105,0.7201201201201202,1.3573944474429414
106,0.7260260260260261,1.3685268178070134
107,0.731931931931932,1.3796591881710851
108,0.7378378378378379,1.3907915585351571
109,0.7437437437437437,1.401923928899229
110,0.7496496496496496,1.413056299263301
111,0.7555555555555555,1.424188669627373
112,0.7614614614614614,1.4353210399914447
113,0.7673673673673673,1.4464534103555167
114,0.7732732732732733,1.4575857807195889
115,0.7791791791791792,1.4687181510836607
116,0.7850850850850851,1.4798505214477327
117,0.790990990990991,1.4909828918118047
118,0.7968968968968969,1.5021152621758764
119,0.8028028028028028,1.5132476325399484
120,0.8087087087087087,1.5243800029040204
121,0.8146146146146146,1.5355123732680922
122,0.8205205205205205,1.5466447436321642
123,0.8264264264264264,1.557777113996236
124,0.8323323323323324,1.5689094843603082
125,0.8382382382382383,1.5800418547243802
126,0.8441441441441442,1.591174225088452
127,0.8500500500500501,1.602306595452524
128,0.855955955955956,1.613438965816596
129,0.8618618618618619,1.6245713361806677
130,0.8677677677677678,1.6357037065447397
131,0.8736736736736737,1.6468360769088117
132,0.8795795795795796,1.6579684472728835
133,0.8854854854854856,1.6691008176369557
134,0.8913913913913915,1.6802331880010275
135,0.8972972972972973,1.6913655583650995
136,0.9032032032032032,1.7024979287291715
137,0.9091091091091091,1.7136302990932433
138,0.915015015015015,1.7247626694573153
139,0.9209209209209209,1.7358950398213873
140,0.9268268268268268,1.747027410185459
141,0.9327327327327327,1.758159780549531
142,0.9386386386386386,1.769292150913603
143,0.9445445445445446,1.780424521277675
144,0.9504504504504505,1.791556891641747
145,0.9563563563563564,1.802689262005819
146,0.9622622622622623,1.8138216323698908
147,0.9681681681681682,1.8249540027339628
148,0.9740740740740741,1.8360863730980346
149,0.97997997997998,1.8472187434621066
150,0.9858858858858859,1.8583511138261786
151,0.9917917917917918,1.8694834841902503
152,0.9976976976976977,1.8806158545543223
153,1.0036036036036038,1.8917482249183948
154,1.0095095095095097,1.9028805952824666
155,1.0154154154154156,1.9140129656465386
156,1.0213213213213215,1.9251453360106106
157,1.0272272272272274,1.9362777063746823
158,1.0331331331331333,1.9474100767387543
159,1.0390390390390392,1.958542447102826
160,1.044944944944945,1.969674817466898
161,1.050850850850851,1.98080718783097
162,1.0567567567567568,1.9919395581950419
163,1.0626626626626627,2.003071928559114
164,1.0685685685685686,2.0142042989231856
165,1.0744744744744745,2.025336669287258
166,1.0803803803803804,2.0364690396513296
167,1.0862862862862863,2.0476014100154014
168,1.0921921921921922,2.0587337803794736
169,1.098098098098098,2.0698661507435454
170,1.1040040040040042,2.0809985211076176
171,1.1099099099099101,2.09213089147169
172,1.115815815815816,2.1032632618357616
173,1.121721721721722,2.1143956321998334
174,1.1276276276276278,2.1255280025639056
175,1.1335335335335337,2.1366603729279774
176,1.1394394394394396,2.147792743292049
177,1.1453453453453455,2.158925113656121
178,1.1512512512512514,2.170057484020193
179,1.1571571571571573,2.181189854384265
180,1.1630630630630632,2.1923222247483367
181,1.168968968968969,2.203454595112409
182,1.174874874874875,2.2145869654764807
183,1.1807807807807809,2.2257193358405525
184,1.1866866866866868,2.2368517062046247
185,1.1925925925925926,2.2479840765686965
186,1.1984984984984985,2.2591164469327683
187,1.2044044044044044,2.2702488172968405
188,1.2103103103103106,2.2813811876609127
189,1.2162162162162165,2.2925135580249845
190,1.2221221221221223,2.3036459283890567
191,1.2280280280280282,2.3147782987531285
192,1.2339339339339341,2.3259106691172002
193,1.23983983983984,2.3370430394812725
194,1.245745745745746,2.3481754098453442
195,1.2516516516516518,2.359307780209416
196,1.2575575575575577,2.3704401505734882
197,1.2634634634634636,2.38157252093756
198,1.2693693693693695,2.3927048913016318
199,1.2752752752752754,2.403837261665704
200,1.2811811811811813,2.4149696320297758
201,1.2870870870870872,2.4261020023938475
202,1.292992992992993,2.4372343727579198
203,1.298898898898899,2.4483667431219915
204,1.3048048048048049,2.4594991134860633
205,1.3107107107107108,2.470631483850135
206,1.3166166166166167,2.4817638542142073
207,1.3225225225225228,2.4928962245782795
208,1.3284284284284287,2.5040285949423513
209,1.3343343343343346,2.5151609653064235
210,1.3402402402402405,2.5262933356704953
211,1.3461461461461464,2.537425706034567
212,1.3520520520520523,2.5485580763986393
213,1.3579579579579582,2.559690446762711
214,1.363863863863864,2.570822817126783
215,1.36976976976977,2.581955187490855
216,1.3756756756756758,2.593087557854927
217,1.3815815815815817,2.6042199282189986
218,1.3874874874874876,2.615352298583071
219,1.3933933933933935,2.6264846689471426
220,1.3992992992992994,2.6376170393112144
221,1.4052052052052053,2.6487494096752866
222,1.4111111111111112,2.6598817800393584
223,1.417017017017017,2.67101415040343
224,1.422922922922923,2.6821465207675024
225,1.428828828828829,2.693278891131574
226,1.4347347347347348,2.704411261495646
227,1.440640640640641,2.715543631859718
228,1.4465465465465468,2.7266760022237904
229,1.4524524524524527,2.737808372587862
230,1.4583583583583586,2.748940742951934
231,1.4642642642642645,2.760073113316006
232,1.4701701701701704,2.771205483680078
233,1.4760760760760763,2.7823378540441497
234,1.4819819819819822,2.793470224408222
235,1.487887887887888,2.8046025947722937
236,1.493793793793794,2.8157349651363655
237,1.4996996996996999,2.8268673355004377
238,1.5056056056056057,2.8379997058645094
239,1.5115115115115116,2.8491320762285812
240,1.5174174174174175,2.8602644465926534
241,1.5233233233233234,2.871396816956725
242,1.5292292292292293,2.882529187320797
243,1.5351351351351352,2.893661557684869
244,1.5410410410410411,2.904793928048941
245,1.546946946946947,2.9159262984130128
246,1.552852852852853,2.927058668777085
247,1.558758758758759,2.938191039141157
248,1.564664664664665,2.949323409505229
249,1.5705705705705708,2.960455779869301
250,1.5764764764764767,2.971588150233373
251,1.5823823823823826,2.9827205205974447
252,1.5882882882882885,2.993852890961517
253,1.5941941941941944,3.0049852613255887
254,1.6001001001001003,3.0161176316896605
255,1.6060060060060062,3.0272500020537323
256,1.611911911911912,3.0383823724178045
257,1.617817817817818,3.0495147427818763
258,1.6237237237237239,3.060647113145948
259,1.6296296296296298,3.0717794835100203
260,1.6355355355355357,3.082911853874092
261,1.6414414414414416,3.094044224238164
262,1.6473473473473474,3.105176594602236
263,1.6532532532532533,3.116308964966308
264,1.6591591591591592,3.1274413353303796
265,1.6650650650650651,3.138573705694452
266,1.6709709709709712,0.008113422468730924
267,1.6768768768768771,0.0192457928328027
268,1.682782782782783,0.03037816319687492
269,1.688688688688689,0.041510533560946694
270,1.6945945945945948,0.05264290392501847
271,1.7005005005005007,0.06377527428909069
272,1.7064064064064066,0.07490764465316246
273,1.7123123123123125,0.08604001501723424
274,1.7182182182182184,0.09717238538130646
275,1.7241241241241243,0.10830475574537823
276,1.7300300300300302,0.11943712610945001
277,1.735935935935936,0.13056949647352223
278,1.741841841841842,0.141701866837594
279,1.7477477477477479,0.15283423720166578
280,1.7536536536536538,0.163966607565738
281,1.7595595595595597,0.17509897792980977
282,1.7654654654654656,0.18623134829388155
283,1.7713713713713715,0.19736371865795332
284,1.7772772772772774,0.20849608902202554
285,1.7831831831831833,0.21962845938609732
286,1.7890890890890894,0.23076082975016954
287,1.7949949949949953,0.24189320011424176
288,1.8009009009009012,0.25302557047831353
289,1.806806806806807,0.2641579408423853
290,1.812712712712713,0.2752903112064575
291,1.8186186186186188,0.2864226815705293
292,1.8245245245245247,0.2975550519346011
293,1.8304304304304306,0.3086874222986733
294,1.8363363363363365,0.3198197926627451
295,1.8422422422422424,0.33095216302681685
296,1.8481481481481483,0.34208453339088907
297,1.8540540540540542,0.35321690375496084
298,1.85995995995996,0.3643492741190326
299,1.865865865865866,0.37548164448310484
300,1.871771771771772,0.3866140148471766
301,1.8776776776776778,0.3977463852112484
302,1.8835835835835837,0.4088787555753206
303,1.8894894894894896,0.4200111259393924
304,1.8953953953953955,0.43114349630346416
305,1.9013013013013014,0.4422758666675364
306,1.9072072072072075,0.4534082370316086
307,1.9131131131131134,0.46454060739568037
308,1.9190190190190193,0.47567297775975215
309,1.9249249249249252,0.48680534812382437
310,1.930830830830831,0.49793771848789614
311,1.936736736736737,0.5090700888519679
312,1.9426426426426429,0.5202024592160401
313,1.9485485485485488,0.5313348295801119
314,1.9544544544544546,0.5424671999441837
315,1.9603603603603605,0.5535995703082559
316,1.9662662662662664,0.5647319406723277
317,1.9721721721721723,0.5758643110363995
318,1.9780780780780782,0.5869966814004717
319,1.9839839839839841,0.5981290517645435
320,1.98988988988989,0.6092614221286152
321,1.995795795795796,0.6203937924926874
322,2.001701701701702,0.6315261628567592
323,2.0076076076076075,0.6426585332208306
324,2.0135135135135136,0.6537909035849032
325,2.0194194194194197,0.6649232739489754
326,2.0253253253253254,0.6760556443130468
327,2.0312312312312315,0.6871880146771194
328,2.037137137137137,0.6983203850411908
329,2.0430430430430433,0.709452755405263
330,2.048948948948949,0.7205851257693348
331,2.054854854854855,0.731717496133407
332,2.0607607607607608,0.7428498664974783
333,2.066666666666667,0.7539822368615505
334,2.0725725725725725,0.7651146072256223
335,2.0784784784784787,0.7762469775896945
336,2.0843843843843843,0.7873793479537663
337,2.0902902902902905,0.7985117183178385
338,2.096196196196196,0.8096440886819098
339,2.1021021021021022,0.8207764590459821
340,2.1080080080080084,0.8319088294100547
341,2.113913913913914,0.8430411997741261
342,2.11981981981982,0.8541735701381983
343,2.125725725725726,0.86530594050227
344,2.131631631631632,0.8764383108663418
345,2.1375375375375376,0.8875706812304136
346,2.1434434434434437,0.8987030515944863
347,2.1493493493493494,0.909835421958558
348,2.1552552552552555,0.9209677923226298
349,2.161161161161161,0.9321001626867016
350,2.1670670670670673,0.9432325330507734
351,2.172972972972973,0.9543649034148451
352,2.178878878878879,0.9654972737789178
353,2.1847847847847848,0.9766296441429887
354,2.190690690690691,0.9877620145070614
355,2.196596596596597,0.998894384871134
356,2.2025025025025027,1.010026755235205
357,2.208408408408409,1.0211591255992776
358,2.2143143143143145,1.0322914959633493
359,2.2202202202202206,1.0434238663274211
360,2.2261261261261263,1.054556236691493
361,2.2320320320320324,1.0656886070555656
362,2.237937937937938,1.0768209774196364
363,2.243843843843844,1.0879533477837091
364,2.24974974974975,1.0990857181477809
365,2.255655655655656,1.1102180885118527
366,2.2615615615615616,1.1213504588759244
367,2.2674674674674677,1.132482829239997
368,2.2733733733733734,1.143615199604068
369,2.2792792792792795,1.1547475699681407
370,2.285185185185185,1.1658799403322124
371,2.2910910910910913,1.1770123106962842
372,2.296996996996997,1.188144681060356
373,2.302902902902903,1.1992770514244286
374,2.308808808808809,1.2104094217884995
375,2.314714714714715,1.2215417921525722
376,2.320620620620621,1.2326741625166449
377,2.3265265265265267,1.2438065328807157
378,2.332432432432433,1.2549389032447884
379,2.3383383383383385,1.2660712736088602
380,2.3442442442442446,1.277203643972932
381,2.3501501501501503,1.2883360143370037
382,2.3560560560560564,1.2994683847010764
383,2.361961961961962,1.3106007550651473
384,2.367867867867868,1.32173312542922
385,2.373773773773774,1.3328654957932917
386,2.37967967967968,1.3439978661573635
387,2.3855855855855856,1.3551302365214353
388,2.3914914914914918,1.366262606885508
389,2.3973973973973974,1.3773949772495788
390,2.4033033033033036,1.3885273476136515
391,2.4092092092092092,1.3996597179777233
392,2.4151151151151153,1.410792088341795
393,2.421021021021021,1.4219244587058668
394,2.426926926926927,1.4330568290699395
395,2.4328328328328332,1.4441891994340113
396,2.438738738738739,1.455321569798083
397,2.444644644644645,1.4664539401621548
398,2.4505505505505507,1.4775863105262266
399,2.456456456456457,1.4887186808902992
400,2.4623623623623625,1.4998510512543701
401,2.4682682682682686,1.5109834216184428
402,2.4741741741741743,1.5221157919825146
403,2.4800800800800804,1.5332481623465863
404,2.485985985985986,1.5443805327106581
405,2.491891891891892,1.5555129030747308
406,2.497797797797798,1.5666452734388017
407,2.503703703703704,1.5777776438028743
408,2.5096096096096097,1.588910014166946
409,2.5155155155155158,1.6000423845310179
410,2.5214214214214214,1.6111747548950897
411,2.5273273273273276,1.6223071252591623
412,2.5332332332332332,1.6334394956232332
413,2.5391391391391394,1.6445718659873059
414,2.5450450450450455,1.6557042363513785
415,2.550950950950951,1.6668366067154494
416,2.5568568568568573,1.677968977079522
417,2.562762762762763,1.6891013474435939
418,2.568668668668669,1.7002337178076656
419,2.5745745745745747,1.7113660881717374
420,2.580480480480481,1.72249845853581
421,2.5863863863863865,1.733630828899881
422,2.5922922922922926,1.7447631992639536
423,2.5981981981981983,1.7558955696280254
424,2.6041041041041044,1.7670279399920972
425,2.61001001001001,1.778160310356169
426,2.615915915915916,1.7892926807202416
427,2.621821821821822,1.8004250510843125
428,2.627727727727728,1.8115574214483852
429,2.6336336336336337,1.822689791812457
430,2.63953953953954,1.8338221621765287
431,2.6454454454454455,1.8449545325406005
432,2.6513513513513516,1.8560869029046732
433,2.6572572572572573,1.867219273268744
434,2.6631631631631634,1.8783516436328167
435,2.6690690690690695,1.8894840139968894
436,2.674974974974975,1.9006163843609603
437,2.6808808808808813,1.911748754725033
438,2.686786786786787,1.9228811250891047
439,2.692692692692693,1.9340134954531765
440,2.6985985985985987,1.9451458658172482
441,2.704504504504505,1.956278236181321
442,2.7104104104104105,1.9674106065453918
443,2.7163163163163166,1.9785429769094645
444,2.7222222222222223,1.9896753472735362
445,2.7281281281281284,2.000807717637608
446,2.734034034034034,2.01194008800168
447,2.7399399399399402,2.0230724583657516
448,2.745845845845846,2.0342048287298233
449,2.751751751751752,2.045337199093896
450,2.7576576576576577,2.0564695694579678
451,2.763563563563564,2.0676019398220395
452,2.7694694694694695,2.0787343101861113
453,2.7753753753753756,2.089866680550183
454,2.7812812812812817,2.1009990509142558
455,2.7871871871871874,2.1121314212783275
456,2.7930930930930935,2.1232637916423993
457,2.798998998998999,2.134396162006471
458,2.8049049049049053,2.1455285323705438
459,2.810810810810811,2.1566609027346146
460,2.816716716716717,2.1677932730986873
461,2.8226226226226228,2.178925643462759
462,2.828528528528529,2.190058013826831
463,2.8344344344344345,2.2011903841909026
464,2.8403403403403407,2.2123227545549753
465,2.8462462462462463,2.223455124919046
466,2.8521521521521525,2.234587495283119
467,2.858058058058058,2.2457198656471906
468,2.8639639639639642,2.2568522360112624
469,2.86986986986987,2.267984606375334
470,2.875775775775776,2.279116976739407
471,2.8816816816816817,2.2902493471034777
472,2.887587587587588,2.3013817174675504
473,2.893493493493494,2.312514087831623
474,2.8993993993993996,2.323646458195694
475,2.9053053053053057,2.3347788285597666
476,2.9112112112112114,2.3459111989238384
477,2.9171171171171175,2.35704356928791
478,2.923023023023023,2.368175939651982
479,2.9289289289289293,2.3793083100160546
480,2.934834834834835,2.3904406803801255
481,2.940740740740741,2.401573050744198
482,2.9466466466466468,2.41270542110827
483,2.952552552552553,2.4238377914723417
484,2.9584584584584586,2.4349701618364135
485,2.9643643643643647,2.446102532200486
486,2.9702702702702704,2.457234902564557
487,2.9761761761761765,2.4683672729286297
488,2.982082082082082,2.4794996432927014
489,2.9879879879879883,2.4906320136567732
490,2.993893893893894,2.501764384020845
491,2.9997997997998,2.5128967543849177
492,3.0057057057057057,2.5240291247489886
493,3.011611611611612,2.535161495113061
494,3.017517517517518,2.546293865477134
495,3.0234234234234236,2.5574262358412048
496,3.0293293293293297,2.5685586062052774
497,3.0352352352352354,2.579690976569349
498,3.0411411411411415,2.590823346933421
499,3.047047047047047,2.6019557172974928
500,3.0529529529529533,2.6130880876615645
501,3.058858858858859,2.6242204580256363
502,3.064764764764765,2.635352828389709
503,3.070670670670671,2.64648519875378
504,3.076576576576577,2.6576175691178525
505,3.0824824824824826,2.6687499394819243
506,3.0883883883883887,2.679882309845996
507,3.0942942942942944,2.691014680210068
508,3.1002002002002005,2.7021470505741405
509,3.106106106106106,2.7132794209382114
510,3.1120120120120123,2.724411791302284
511,3.117917917917918,2.735544161666356
512,3.123823823823824,2.7466765320304276
513,3.12972972972973,2.7578089023945003
514,3.135635635635636,2.768941272758572
515,3.141541541541542,2.780073643122644
516,3.1474474474474476,2.7912060134867156
517,3.1533533533533538,2.8023383838507883
518,3.1592592592592594,2.813470754214859
519,3.1651651651651656,2.824603124578932
520,3.1710710710710712,2.8357354949430036
521,3.1769769769769773,2.8468678653070754
522,3.182882882882883,2.858000235671147
523,3.188788788788789,2.86913260603522
524,3.194694694694695,2.8802649763992907
525,3.200600600600601,2.8913973467633634
526,3.2065065065065066,2.902529717127435
527,3.2124124124124127,2.913662087491507
528,3.2183183183183184,2.9247944578555787
529,3.2242242242242245,2.9359268282196513
530,3.23013013013013,2.9470591985837222
531,3.2360360360360363,2.958191568947795
532,3.2419419419419424,2.9693239393118676
533,3.247847847847848,2.9804563096759384
534,3.253753753753754,2.991588680040011
535,3.25965965965966,3.002721050404083
536,3.265565565565566,3.0138534207681547
537,3.2714714714714717,3.0249857911322264
538,3.2773773773773778,3.036118161496299
539,3.2832832832832834,3.04725053186037
540,3.2891891891891896,3.0583829022244426
541,3.2950950950950952,3.0695152725885144
542,3.3010010010010014,3.080647642952586
543,3.306906906906907,3.091780013316658
544,3.312812812812813,3.1029123836807306
545,3.318718718718719,3.1140447540448015
546,3.324624624624625,3.125177124408874
547,3.3305305305305306,3.136309494772946
548,3.3364364364364367,0.00584921154722462
549,3.3423423423423424,0.016981581911296395
550,3.3482482482482485,0.02811395227536906
551,3.354154154154154,0.039246322639439946
552,3.3600600600600603,0.05037869300351261
553,3.3659659659659664,0.061511063367584384
554,3.371871871871872,0.07264343373165616
555,3.377777777777778,0.08377580409572882
556,3.383683683683684,0.09490817445979971
557,3.38958958958959,0.10604054482387237
558,3.3954954954954957,0.11717291518794415
559,3.401401401401402,0.12830528555201592
560,3.4073073073073075,0.1394376559160877
561,3.4132132132132136,0.15057002628016036
562,3.4191191191191193,0.16170239664423125
563,3.4250250250250254,0.1728347670083039
564,3.430930930930931,0.1839671373723757
565,3.436836836836837,0.19509950773644746
566,3.442742742742743,0.20623187810051924
567,3.448648648648649,0.2173642484645919
568,3.4545545545545546,0.2284966188286628
569,3.4604604604604607,0.23962898919273545
570,3.4663663663663664,0.25076135955680723
571,3.4722722722722725,0.261893729920879
572,3.4781781781781786,0.27302610028495167
573,3.4840840840840843,0.28415847064902344
574,3.4899899899899904,0.2952908410130952
575,3.495895895895896,0.306423211377167
576,3.5018018018018022,0.31755558174123966
577,3.507707707707708,0.32868795210531054
578,3.513613613613614,0.3398203224693832
579,3.5195195195195197,0.350952692833455
580,3.525425425425426,0.36208506319752676
581,3.5313313313313315,0.37321743356159853
582,3.5372372372372376,0.3843498039256712
583,3.5431431431431433,0.3954821742897421
584,3.5490490490490494,0.40661454465381475
585,3.554954954954955,0.4177469150178865
586,3.560860860860861,0.4288792853819583
587,3.566766766766767,0.4400116557460301
588,3.572672672672673,0.45114402611010274
589,3.5785785785785786,0.4622763964741736
590,3.5844844844844848,0.4734087668382463
591,3.590390390390391,0.48454113720231895
592,3.5962962962962965,0.49567350756638984
593,3.6022022022022027,0.5068058779304625
594,3.6081081081081083,0.5179382482945343
595,3.6140140140140145,0.529070618658606
596,3.61991991991992,0.5402029890226778
597,3.6258258258258262,0.5513353593867505
598,3.631731731731732,0.5624677297508214
599,3.637637637637638,0.573600100114894
600,3.6435435435435437,0.5847324704789658
601,3.64944944944945,0.5958648408430376
602,3.6553553553553555,0.6069972112071094
603,3.6612612612612616,0.6181295815711811
604,3.6671671671671673,0.6292619519352529
605,3.6730730730730734,0.6403943222993256
606,3.678978978978979,0.6515266926633974
607,3.684884884884885,0.6626590630274691
608,3.690790790790791,0.6737914333915409
609,3.696696696696697,0.6849238037556127
610,3.7026026026026027,0.6960561741196845
611,3.7085085085085088,0.7071885444837571
612,3.714414414414415,0.7183209148478289
613,3.7203203203203206,0.7294532852119007
614,3.7262262262262267,0.7405856555759733
615,3.7321321321321324,0.7517180259400442
616,3.7380380380380385,0.7628503963041169
617,3.743943943943944,0.7739827666681887
618,3.7498498498498503,0.7851151370322604
619,3.755755755755756,0.7962475073963322
620,3.761661661661662,0.8073798777604049
621,3.7675675675675677,0.8185122481244758
622,3.773473473473474,0.8296446184885484
623,3.7793793793793795,0.8407769888526202
624,3.7852852852852856,0.851909359216692
625,3.7911911911911913,0.8630417295807638
626,3.7970970970970974,0.8741740999448364
627,3.803003003003003,0.8853064703089073
628,3.808908908908909,0.89643884067298
629,3.814814814814815,0.9075712110370517
630,3.820720720720721,0.9187035814011235
631,3.826626626626627,0.9298359517651962
632,3.832532532532533,0.940968322129268
633,3.838438438438439,0.9521006924933397
634,3.8443443443443446,0.9632330628574115
635,3.8502502502502507,0.9743654332214842
636,3.8561561561561564,0.985497803585555
637,3.8620620620620625,0.9966301739496277
638,3.867967967967968,1.0077625443136995
639,3.8738738738738743,1.0188949146777713
640,3.87977977977978,1.030027285041843
641,3.885685685685686,1.0411596554059157
642,3.8915915915915917,1.0522920257699866
643,3.897497497497498,1.0634243961340593
644,3.9034034034034035,1.074556766498131
645,3.9093093093093096,1.0856891368622028
646,3.9152152152152153,1.0968215072262746
647,3.9211211211211214,1.1079538775903472
648,3.927027027027027,1.1190862479544181
649,3.9329329329329332,1.1302186183184908
650,3.9388388388388393,1.1413509886825635
651,3.944744744744745,1.1524833590466343
652,3.950650650650651,1.163615729410707
653,3.956556556556557,1.1747480997747788
654,3.962462462462463,1.1858804701388506
655,3.9683683683683686,1.1970128405029223
656,3.9742742742742747,1.2081452108669941
657,3.9801801801801804,1.2192775812310659
658,3.9860860860860865,1.2304099515951386
659,3.991991991991992,1.2415423219592094
660,3.9978978978978983,1.252674692323282
661,4.0038038038038035,1.263807062687353
662,4.00970970970971,1.2749394330514257
663,4.015615615615616,1.2860718034154974
664,4.021521521521522,1.29720417377957
665,4.027427427427427,1.308336544143641
666,4.033333333333333,1.3194689145077128
667,4.039239239239239,1.3306012848717854
668,4.0451451451451454,1.3417336552358572
669,4.051051051051051,1.352866025599928
670,4.056956956956957,1.3639983959640007
671,4.062862862862863,1.3751307663280725
672,4.068768768768769,1.3862631366921452
673,4.074674674674675,1.3973955070562178
674,4.08058058058058,1.4085278774202878
675,4.0864864864864865,1.4196602477843605
676,4.092392392392393,1.4307926181484332
677,4.098298298298299,1.441924988512505
678,4.104204204204204,1.4530573588765758
679,4.11011011011011,1.4641897292406485
680,4.116016016016016,1.4753220996047203
681,4.121921921921921,1.4864544699687912
682,4.1278278278278275,1.4975868403328638
683,4.133733733733734,1.5087192106969356
684,4.13963963963964,1.5198515810610083
685,4.145545545545545,1.5309839514250791
686,4.151451451451451,1.542116321789151
687,4.157357357357357,1.5532486921532236
688,4.163263263263263,1.5643810625172963
689,4.169169169169169,1.5755134328813662
690,4.175075075075075,1.586645803245439
691,4.180980980980981,1.5977781736095116
692,4.186886886886887,1.6089105439735834
693,4.192792792792793,1.620042914337656
694,4.198698698698698,1.631175284701727
695,4.204604604604604,1.6423076550657987
696,4.2105105105105105,1.6534400254298713
697,4.216416416416417,1.664572395793944
698,4.222322322322322,1.675704766158014
699,4.228228228228228,1.6868371365220867
700,4.234134134134134,1.6979695068861593
701,4.24004004004004,1.709101877250231
702,4.245945945945945,1.720234247614302
703,4.2518518518518515,1.7313666179783738
704,4.257757757757758,1.7424989883424473
705,4.263663663663664,1.753631358706519
706,4.269569569569569,1.764763729070589
707,4.275475475475475,1.7758960994346626
708,4.281381381381381,1.7870284697987344
709,4.287287287287287,1.7981608401628062
710,4.2931931931931935,1.8092932105268797
711,4.299099099099099,1.8204255808909497
712,4.305005005005005,1.8315579512550215
713,4.310910910910911,1.842690321619095
714,4.316816816816817,1.8538226919831668
715,4.322722722722722,1.8649550623472368
716,4.328628628628628,1.8760874327113104
717,4.3345345345345345,1.8872198030753822
718,4.340440440440441,1.898352173439454
719,4.346346346346346,1.9094845438035257
720,4.352252252252252,1.9206169141675975
721,4.358158158158158,1.9317492845316693
722,4.364064064064064,1.9428816548957428
723,4.3699699699699694,1.9540140252598128
724,4.375875875875876,1.9651463956238846
725,4.381781781781782,1.9762787659879582
726,4.387687687687688,1.98741113635203
727,4.393593593593593,1.9985435067161
728,4.399499499499499,2.0096758770801735
729,4.405405405405405,2.0208082474442453
730,4.411311311311311,2.031940617808317
731,4.4172172172172175,2.0430729881723906
732,4.423123123123123,2.0542053585364606
733,4.429029029029029,2.0653377289005324
734,4.434934934934935,2.076470099264606
735,4.440840840840841,2.0876024696286777
736,4.446746746746746,2.0987348399927477
737,4.452652652652652,2.1098672103568212
738,4.4585585585585585,2.120999580720893
739,4.464464464464465,2.132131951084965
740,4.47037037037037,2.1432643214490366
741,4.476276276276276,2.1543966918131083
742,4.482182182182182,2.16552906217718
743,4.488088088088088,2.176661432541252
744,4.4939939939939935,2.1877938029053237
745,4.4998998998999,2.1989261732693954
746,4.505805805805806,2.210058543633467
747,4.511711711711712,2.2211909139975408
748,4.517617617617617,2.2323232843616108
749,4.523523523523523,2.2434556547256825
750,4.529429429429429,2.254588025089756
751,4.535335335335335,2.265720395453828
752,4.5412412412412415,2.2768527658178996
753,4.547147147147147,2.2879851361819714
754,4.553053053053053,2.299117506546043
755,4.558958958958959,2.310249876910115
756,4.564864864864865,2.3213822472741885
757,4.57077077077077,2.3325146176382585
758,4.576676676676676,2.3436469880023303
759,4.5825825825825826,2.354779358366404
760,4.588488488488489,2.3659117287304756
761,4.594394394394394,2.3770440990945456
762,4.6003003003003,2.388176469458619
763,4.606206206206206,2.399308839822691
764,4.612112112112112,2.4104412101867627
765,4.6180180180180175,2.4215735805508345
766,4.623923923923924,2.4327059509149063
767,4.62982982982983,2.443838321278978
768,4.635735735735736,2.4549706916430516
769,4.641641641641642,2.4661030620071234
770,4.647547547547547,2.4772354323711934
771,4.653453453453453,2.488367802735267
772,4.659359359359359,2.4995001730993387
773,4.6652652652652655,2.5106325434634105
774,4.671171171171171,2.5217649138274822
775,4.677077077077077,2.532897284191554
776,4.682982982982983,2.544029654555626
777,4.688888888888889,2.5551620249196993
778,4.694794794794794,2.5662943952837693
779,4.7007007007007005,2.577426765647841
780,4.706606606606607,2.5885591360119147
781,4.712512512512513,2.5996915063759864
782,4.718418418418418,2.6108238767400564
783,4.724324324324324,2.62195624710413
784,4.73023023023023,2.6330886174682018
785,4.736136136136136,2.6442209878322736
786,4.7420420420420415,2.6553533581963453
787,4.747947947947948,2.666485728560417
788,4.753853853853854,2.677618098924489
789,4.75975975975976,2.6887504692885624
790,4.765665665665666,2.699882839652634
791,4.771571571571571,2.711015210016704
792,4.777477477477477,2.7221475803807778
793,4.783383383383383,2.7332799507448495
794,4.7892892892892895,2.7444123211089213
795,4.795195195195195,2.755544691472993
796,4.801101101101101,2.766677061837065
797,4.807007007007007,2.7778094322011366
798,4.812912912912913,2.78894180256521
799,4.818818818818818,2.80007417292928
800,4.8247247247247245,2.811206543293352
801,4.830630630630631,2.8223389136574255
802,4.836536536536537,2.8334712840214973
803,4.842442442442442,2.8446036543855673
804,4.848348348348348,2.855736024749641
805,4.854254254254254,2.8668683951137126
806,4.86016016016016,2.8780007654777844
807,4.8660660660660655,2.889133135841856
808,4.871971971971972,2.900265506205928
809,4.877877877877878,2.9113978765699997
810,4.883783783783784,2.9225302469340733
811,4.88968968968969,2.933662617298145
812,4.895595595595595,2.944794987662215
813,4.901501501501501,2.9559273580262886
814,4.907407407407407,2.9670597283903604
815,4.913313313313314,2.978192098754432
816,4.919219219219219,2.989324469118504
817,4.925125125125125,3.0004568394825757
818,4.931031031031031,3.0115892098466475
819,4.936936936936937,3.022721580210721
820,4.942842842842842,3.033853950574791
821,4.9487487487487485,3.044986320938863
822,4.954654654654655,3.0561186913029363
823,4.960560560560561,3.067251061667008
824,4.966466466466466,3.078383432031078
825,4.972372372372372,3.0895158023951517
826,4.978278278278278,3.1006481727592234
827,4.984184184184184,3.111780543123295
828,4.99009009009009,3.1229129134873688
829,4.995995995995996,3.1340452838514388
830,5.001901901901902,0.003585000625717427
831,5.007807807807808,0.014717370989790979
832,5.013713713713714,0.025849741353862754
833,5.019619619619619,0.03698211171793275
834,5.025525525525525,0.048114482082006305
835,5.0314314314314315,0.05924685244607808
836,5.037337337337338,0.07037922281014986
837,5.043243243243243,0.08151159317422163
838,5.049149149149149,0.0926439635382934
839,5.055055055055055,0.10377633390236518
840,5.060960960960961,0.11490870426643696
841,5.066866866866866,0.12604107463050873
842,5.0727727727727725,0.1371734449945805
843,5.078678678678679,0.14830581535865406
844,5.084584584584585,0.15943818572272583
845,5.09049049049049,0.17057055608679583
846,5.096396396396396,0.18170292645086938
847,5.102302302302302,0.19283529681494116
848,5.108208208208208,0.20396766717901293
849,5.114114114114114,0.2151000375430847
850,5.12002002002002,0.22623240790715649
851,5.125925925925926,0.23736477827122826
852,5.131831831831832,0.24849714863530004
853,5.137737737737738,0.2596295189993736
854,5.143643643643643,0.2707618893634436
855,5.149549549549549,0.28189425972751536
856,5.1554554554554555,0.2930266300915889
857,5.161361361361362,0.3041590004556607
858,5.167267267267267,0.3152913708197307
859,5.173173173173173,0.32642374118380424
860,5.179079079079079,0.337556111547876
861,5.184984984984985,0.3486884819119478
862,5.19089089089089,0.35982085227601956
863,5.1967967967967965,0.37095322264009134
864,5.202702702702703,0.3820855930041631
865,5.208608608608609,0.39321796336823667
866,5.214514514514514,0.40435033373230667
867,5.22042042042042,0.41548270409637844
868,5.226326326326326,0.426615074460452
869,5.232232232232232,0.43774744482452377
870,5.2381381381381384,0.44887981518859554
871,5.244044044044044,0.4600121855526673
872,5.24994994994995,0.4711445559167391
873,5.255855855855856,0.48227692628081087
874,5.261761761761762,0.4934092966448844
875,5.267667667667667,0.5045416670089544
876,5.273573573573573,0.5156740373730262
877,5.2794794794794795,0.5268064077370997
878,5.285385385385386,0.5379387781011715
879,5.291291291291291,0.5490711484652415
880,5.297197197197197,0.5602035188293151
881,5.303103103103103,0.5713358891933868
882,5.309009009009009,0.5824682595574586
883,5.314914914914914,0.5936006299215304
884,5.3208208208208205,0.6047330002856022
885,5.326726726726727,0.615865370649674
886,5.332632632632633,0.6269977410137475
887,5.338538538538539,0.6381301113778193
888,5.344444444444444,0.6492624817418893
889,5.35035035035035,0.6603948521059628
890,5.356256256256256,0.6715272224700346
891,5.3621621621621625,0.6826595928341064
892,5.368068068068068,0.6937919631981782
893,5.373973973973974,0.7049243335622499
894,5.37987987987988,0.7160567039263217
895,5.385785785785786,0.7271890742903953
896,5.391691691691691,0.7383214446544653
897,5.397597597597597,0.749453815018537
898,5.4035035035035035,0.7605861853826106
899,5.40940940940941,0.7717185557466824
900,5.415315315315315,0.7828509261107524
901,5.421221221221221,0.7939832964748259
902,5.427127127127127,0.8051156668388977
903,5.433033033033033,0.8162480372029695
904,5.438938938938938,0.8273804075670412
905,5.4448448448448445,0.838512777931113
906,5.450750750750751,0.8496451482951848
907,5.456656656656657,0.8607775186592583
908,5.462562562562563,0.8719098890233301
909,5.468468468468468,0.8830422593874001
910,5.474374374374374,0.8941746297514737
911,5.48028028028028,0.9053070001155454
912,5.4861861861861865,0.9164393704796172
913,5.492092092092092,0.927571740843689
914,5.497997997997998,0.9387041112077608
915,5.503903903903904,0.9498364815718325
916,5.50980980980981,0.9609688519359061
917,5.515715715715715,0.9721012222999761
918,5.521621621621621,0.9832335926640479
919,5.5275275275275275,0.9943659630281214
920,5.533433433433434,1.0054983333921932
921,5.539339339339339,1.0166307037562632
922,5.545245245245245,1.0277630741203367
923,5.551151151151151,1.0388954444844085
924,5.557057057057057,1.0500278148484803
925,5.562962962962962,1.061160185212552
926,5.568868868868869,1.0722925555766238
927,5.574774774774775,1.0834249259406956
928,5.580680680680681,1.0945572963047692
929,5.586586586586587,1.105689666668841
930,5.592492492492492,1.116822037032911
931,5.598398398398398,1.1279544073969845
932,5.604304304304304,1.1390867777610563
933,5.6102102102102105,1.150219148125128
934,5.616116116116116,1.1613515184891998
935,5.622022022022022,1.1724838888532716
936,5.627927927927928,1.1836162592173434
937,5.633833833833834,1.194748629581417
938,5.639739739739739,1.205880999945487
939,5.645645645645645,1.2170133703095587
940,5.6515515515515515,1.2281457406736322
941,5.657457457457458,1.239278111037704
942,5.663363363363363,1.250410481401774
943,5.669269269269269,1.2615428517658476
944,5.675175175175175,1.2726752221299193
945,5.681081081081081,1.2838075924939911
946,5.686986986986987,1.294939962858063
947,5.692892892892893,1.3060723332221347
948,5.698798798798799,1.3172047035862064
949,5.704704704704705,1.3283370739502782
950,5.710610610610611,1.3394694443143518
951,5.716516516516516,1.3506018146784218
952,5.722422422422422,1.3617341850424936
953,5.728328328328328,1.372866555406567
954,5.7342342342342345,1.3839989257706389
955,5.74014014014014,1.3951312961347107
956,5.746046046046046,1.4062636664987824
957,5.751951951951952,1.4173960368628542
958,5.757857857857858,1.428528407226926
959,5.763763763763763,1.4396607775909978
960,5.769669669669669,1.4507931479550695
961,5.7755755755755755,1.4619255183191413
962,5.781481481481482,1.4730578886832149
963,5.787387387387387,1.4841902590472849
964,5.793293293293293,1.4953226294113566
965,5.799199199199199,1.5064549997754302
966,5.805105105105105,1.517587370139502
967,5.811011011011011,1.5287197405035737
968,5.816916916916917,1.5398521108676455
969,5.822822822822823,1.5509844812317173
970,5.828728728728729,1.562116851595789
971,5.834634634634635,1.5732492219598626
972,5.84054054054054,1.5843815923239326
973,5.846446446446446,1.5955139626880044
974,5.852352352352352,1.606646333052078
975,5.8582582582582585,1.6177787034161497
976,5.864164164164164,1.6289110737802197
977,5.87007007007007,1.6400434441442933
978,5.875975975975976,1.651175814508365
979,5.881881881881882,1.6623081848724368
980,5.887787787787787,1.6734405552365086
981,5.8936936936936934,1.6845729256005804
982,5.8995995995996,1.6957052959646521
983,5.905505505505506,1.7068376663287257
984,5.911411411411411,1.7179700366927957
985,5.917317317317317,1.7291024070568675
986,5.923223223223223,1.740234777420941
987,5.929129129129129,1.7513671477850128
988,5.935035035035035,1.7624995181490846
989,5.940940940940941,1.7736318885131563
990,5.946846846846847,1.7847642588772281
991,5.952752752752753,1.7958966292413
992,5.958658658658659,1.8070289996053734
993,5.964564564564564,1.8181613699694434
994,5.97047047047047,1.8292937403335152
995,5.976376376376376,1.8404261106975888
996,5.9822822822822825,1.8515584810616605
997,5.988188188188188,1.8626908514257305
998,5.994094094094094,1.873823221789804
999,6.0,1.8849555921538759
