,freq,delta
0,75000000000.0,1.5558627837855004
1,75025000000.0,1.5555603311462936
2,75050000000.0,1.5552746799435224
3,75075000000.0,1.5550058753901252
4,75100000000.0,1.5547539327254456
5,75125000000.0,1.5545188382904433
6,75150000000.0,1.5543005505695824
7,75175000000.0,1.554099001228155
8,75200000000.0,1.553914096119019
9,75225000000.0,1.5537457162879196
10,75250000000.0,1.553593718942058
11,75275000000.0,1.5534579383983127
12,75300000000.0,1.553338187018235
13,75325000000.0,1.5532342561235817
14,75350000000.0,1.5531459168745991
15,75375000000.0,1.5530729211503522
16,75400000000.0,1.5530150023993494
17,75425000000.0,1.5529718764776201
18,75450000000.0,1.5529432424717127
19,75475000000.0,1.5529287835082375
20,75500000000.0,1.5529281675642308
21,75525000000.0,1.5529410482504424
22,75550000000.0,1.5529670656056411
23,75575000000.0,1.5530058468772483
24,75600000000.0,1.5530570073088703
25,75625000000.0,1.553120150921192
26,75650000000.0,1.5531948712915238
27,75675000000.0,1.5532807523508467
28,75700000000.0,1.5533773691639594
29,75725000000.0,1.5534842887403368
30,75750000000.0,1.5536010708276569
31,75775000000.0,1.5537272687246748
32,75800000000.0,1.5538624300982615
33,75825000000.0,1.5540060978097057
34,75850000000.0,1.5541578107426444
35,75875000000.0,1.5543171046361646
36,75900000000.0,1.5544835129272883
37,75925000000.0,1.5546565675916961
38,75950000000.0,1.554835799992388
39,75975000000.0,1.5550207417141388
40,76000000000.0,1.5552109254184365
41,76025000000.0,1.5554058856708073
42,76050000000.0,1.555605159778311
43,76075000000.0,1.555808288602224
44,76100000000.0,1.556014817375665
45,76125000000.0,1.5562242964960942
46,76150000000.0,1.5564362822998168
47,76175000000.0,1.5566503378219834
48,76200000000.0,1.5568660335284727
49,76225000000.0,1.5570829480244617
50,76250000000.0,1.557300668740354
51,76275000000.0,1.5575187925709022
52,76300000000.0,1.5577369265077519
53,76325000000.0,1.557954688208141
54,76350000000.0,1.5581717065504748
55,76375000000.0,1.558387622132537
56,76400000000.0,1.5586020877538653
57,76425000000.0,1.558814768829648
58,76450000000.0,1.5590253437782227
59,76475000000.0,1.5592335043757741
60,76500000000.0,1.559438956040383
61,76525000000.0,1.5596414181056997
62,76550000000.0,1.5598406240266594
63,76575000000.0,1.5600363215568978
64,76600000000.0,1.560228272886119
65,76625000000.0,1.5604162547236071
66,76650000000.0,1.5606000583663138
67,76675000000.0,1.5607794897032294
68,76700000000.0,1.5609543692047914
69,76725000000.0,1.5611245318670957
70,76750000000.0,1.5612898271328812
71,76775000000.0,1.5614501187677536
72,76800000000.0,1.5616052847282327
73,76825000000.0,1.561755216987048
74,76850000000.0,1.561899821343918
75,76875000000.0,1.5623150151576022
76,76900000000.0,1.5627667321077718
77,76925000000.0,1.5632146117904393
78,76950000000.0,1.5636583619856865
79,76975000000.0,1.564097703857014
80,77000000000.0,1.5645323715689594
81,77025000000.0,1.5649621118633177
82,77050000000.0,1.5653866835643173
83,77075000000.0,1.5658058571074915
84,77100000000.0,1.5662194139999264
85,77125000000.0,1.5666271463018555
86,77150000000.0,1.5670288561059242
87,77175000000.0,1.567424355033985
88,77200000000.0,1.5678134637394514
89,77225000000.0,1.5681960114531284
90,77250000000.0,1.5685718355650495
91,77275000000.0,1.5689407812414533
92,77300000000.0,1.569302701109518
93,77325000000.0,1.5696574549741829
94,77350000000.0,1.5700049096229118
95,77375000000.0,1.570344938661783
96,77400000000.0,1.5706774224502917
97,77425000000.0,1.571002248072941
98,77450000000.0,1.5713193094017612
99,77475000000.0,1.5716285072035887
100,77500000000.0,1.5719297493208744
101,77525000000.0,1.572222950916338
102,77550000000.0,1.5725080347638305
103,77575000000.0,1.572784931604357
104,77600000000.0,1.5730535805258987
105,77625000000.0,1.5733139294205163
106,77650000000.0,1.5735659354433857
107,77675000000.0,1.5738095654990023
108,77700000000.0,1.5740447967713616
109,77725000000.0,1.5742716172439082
110,77750000000.0,1.5744900262245858
111,77775000000.0,1.5747000348777653
112,77800000000.0,1.5749016667247246
113,77825000000.0,1.57509495813509
114,77850000000.0,1.5752799587858008
115,77875000000.0,1.5754567320766901
116,77900000000.0,1.5756253555200173
117,77925000000.0,1.575785921031602
118,77950000000.0,1.575938535231713
119,77975000000.0,1.576083319622676
120,78000000000.0,1.5762204107198234
121,78025000000.0,1.5763499601186428
122,78050000000.0,1.5764721344545785
123,78075000000.0,1.5765871153271092
124,78100000000.0,1.5766950990714816
125,78125000000.0,1.5767962965265114
126,78150000000.0,1.5768909326535485
127,78175000000.0,1.5769792460978627
128,78200000000.0,1.5770614886610494
129,78225000000.0,1.5771379246886243
130,78250000000.0,1.5772088303818121
131,78275000000.0,1.577274493022877
132,78300000000.0,1.5773352101354492
133,78325000000.0,1.5773912885730366
134,78350000000.0,1.5774430435550242
135,78375000000.0,1.5774907976085153
136,78400000000.0,1.5775348795130497
137,78425000000.0,1.577575623157817
138,78450000000.0,1.577613366371254
139,78475000000.0,1.5776484497424623
140,78500000000.0,1.5776812153727977
141,78525000000.0,1.5777120056653877
142,78550000000.0,1.5777411620625423
143,78575000000.0,1.5777690238146427
144,78600000000.0,1.577795926741242
145,78625000000.0,1.5778222019920423
146,78650000000.0,1.577848174877985
147,78675000000.0,1.5778741636626679
148,78700000000.0,1.5779004784609645
149,78725000000.0,1.5779274201324935
150,78750000000.0,1.5779552792302867
151,78775000000.0,1.5779843350195293
152,78800000000.0,1.5780148545314103
153,78825000000.0,1.578047091713959
154,78850000000.0,1.5780812866111016
155,78875000000.0,1.578117664629562
156,78900000000.0,1.5781564358749178
157,78925000000.0,1.578197794576785
158,78950000000.0,1.5782419185585028
159,78975000000.0,1.5782889688106931
160,79000000000.0,1.5783390891344513
161,79025000000.0,1.5783924058468695
162,79050000000.0,1.578449027580065
163,79075000000.0,1.5785090451402628
164,79100000000.0,1.5785725314359929
165,79125000000.0,1.5786395415155094
166,79150000000.0,1.5787101125862224
167,79175000000.0,1.578784264191645
168,79200000000.0,1.5788619983784964
169,79225000000.0,1.5789432999604749
170,79250000000.0,1.579028136796448
171,79275000000.0,1.5791164601531218
172,79300000000.0,1.579208205082333
173,79325000000.0,1.5793032908566134
174,79350000000.0,1.5794016214157076
175,79375000000.0,1.5795030858638255
176,79400000000.0,1.579607558978927
177,79425000000.0,1.5797149017481327
178,79450000000.0,1.5798249619261127
179,79475000000.0,1.5799375745825641
180,79500000000.0,1.5800525626965596
181,79525000000.0,1.5801697377194321
182,79550000000.0,1.5802889001775182
183,79575000000.0,1.5804098402522828
184,79600000000.0,1.580532338368365
185,79625000000.0,1.580656165771277
186,79650000000.0,1.5807810851289184
187,79675000000.0,1.5809068510956532
188,79700000000.0,1.581033210899687
189,79725000000.0,1.581159904890367
190,79750000000.0,1.5812866671332988
191,79775000000.0,1.5814132259578926
192,79800000000.0,1.5815393045206203
193,79825000000.0,1.581664621356692
194,79850000000.0,1.5817888909608095
195,79875000000.0,1.5819118243141683
196,79900000000.0,1.5820331294832586
197,79925000000.0,1.5821525121523743
198,79950000000.0,1.5822696762299815
199,79975000000.0,1.582384324409935
200,80000000000.0,1.5824961587761743
201,80025000000.0,1.5826048814001024
202,80050000000.0,1.5827101949597346
203,80075000000.0,1.582811803379496
204,80100000000.0,1.5829094124703005
205,80125000000.0,1.5830027306028527
206,80150000000.0,1.5830914693860434
207,80175000000.0,1.5831753443633467
208,80200000000.0,1.5832540757484466
209,80225000000.0,1.5833273891323738
210,80250000000.0,1.5833950162649009
211,80275000000.0,1.583456695808794
212,80300000000.0,1.5835121741192142
213,80325000000.0,1.5835612060377453
214,80350000000.0,1.5836035556940287
215,80375000000.0,1.583638997326333
216,80400000000.0,1.583667316076185
217,80425000000.0,1.5836883088093618
218,80450000000.0,1.583701784931111
219,80475000000.0,1.5837075671750216
220,80500000000.0,1.583705492400355
221,80525000000.0,1.5836954123641174
222,80550000000.0,1.5836771944690087
223,80575000000.0,1.5836507224931105
224,80600000000.0,1.583615897278754
225,80625000000.0,1.5835726374027383
226,80650000000.0,1.5835208797761462
227,80675000000.0,1.583460580231611
228,80700000000.0,1.5833917140311624
229,80725000000.0,1.5833142763474906
230,80750000000.0,1.583228282658635
231,80775000000.0,1.583133769089419
232,80800000000.0,1.583030792694186
233,80825000000.0,1.5829194316481625
234,80850000000.0,1.5827997853871905
235,80875000000.0,1.582671974642626
236,80900000000.0,1.5825361414314183
237,80925000000.0,1.5823924489279613
238,80950000000.0,1.5822410812720888
239,80975000000.0,1.5820822432967443
240,81000000000.0,1.581916160150971
241,81025000000.0,1.5817430768644403
242,81050000000.0,1.5815632578030236
243,81075000000.0,1.5813769860532765
244,81100000000.0,1.5811845627396284
245,81125000000.0,1.5809863062194884
246,81150000000.0,1.5807825512546236
247,81175000000.0,1.5805736480779677
248,81200000000.0,1.5803599613911368
249,81225000000.0,1.580141869301254
250,81250000000.0,1.5799197622183394
251,81275000000.0,1.5796940416497103
252,81300000000.0,1.5794651189987248
253,81325000000.0,1.5792334142690758
254,81350000000.0,1.5789993547594314
255,81375000000.0,1.5787633737304398
256,81400000000.0,1.578525909015474
257,81425000000.0,1.5782874016509616
258,81450000000.0,1.5780482944400835
259,81475000000.0,1.5778090305809798
260,81500000000.0,1.5775700522299692
261,81525000000.0,1.5773317991065552
262,81550000000.0,1.5770947071058905
263,81575000000.0,1.576859206933009
264,81600000000.0,1.5766257227513674
265,81625000000.0,1.5763946708937089
266,81650000000.0,1.576166458567396
267,81675000000.0,1.575941482660248
268,81700000000.0,1.5757201285378477
269,81725000000.0,1.5755027689536165
270,81750000000.0,1.5752897629702467
271,81775000000.0,1.575081454983089
272,81800000000.0,1.5748781737852122
273,81825000000.0,1.5746802317265531
274,81850000000.0,1.5744879239400507
275,81875000000.0,1.5743015276384094
276,81900000000.0,1.5741213015046494
277,81925000000.0,1.5739474851548103
278,81950000000.0,1.5737802986951452
279,81975000000.0,1.573619942355067
280,82000000000.0,1.573466596197191
281,82025000000.0,1.5733204199403612
282,82050000000.0,1.5731815528310826
283,82075000000.0,1.5730501136247006
284,82100000000.0,1.572926200632486
285,82125000000.0,1.572809891851669
286,82150000000.0,1.5727012451729208
287,82175000000.0,1.572600298668978
288,82200000000.0,1.572507070942904
289,82225000000.0,1.5724215615373178
290,82250000000.0,1.5723437514377263
291,82275000000.0,1.5722736035927833
292,82300000000.0,1.57221106352737
293,82325000000.0,1.5721560599902193
294,82350000000.0,1.5721085056308468
295,82375000000.0,1.5720682977590057
296,82400000000.0,1.572035319103659
297,82425000000.0,1.5720094386161105
298,82450000000.0,1.5719905123076845
299,82475000000.0,1.571978384089069
300,82500000000.0,1.5719728866521343
301,82525000000.0,1.5719738423433804
302,82550000000.0,1.571981064057289
303,82575000000.0,1.5719943561186533
304,82600000000.0,1.5720135151813803
305,82625000000.0,1.5720383311081216
306,82650000000.0,1.5720685878522382
307,82675000000.0,1.572104064301099
308,82700000000.0,1.572144535134272
309,82725000000.0,1.572189771651417
310,82750000000.0,1.5722395425707212
311,82775000000.0,1.5722936147837665
312,82800000000.0,1.572351754148116
313,82825000000.0,1.5724137261666378
314,82850000000.0,1.572479296687542
315,82875000000.0,1.5725482325674007
316,82900000000.0,1.5726203022860044
317,82925000000.0,1.572695276526907
318,82950000000.0,1.5727729287327452
319,82975000000.0,1.57285303562642
320,83000000000.0,1.5729353776702488
321,83025000000.0,1.5730197395402394
322,83050000000.0,1.5731059105018441
323,83075000000.0,1.5731936848066046
324,83100000000.0,1.5732828620226365
325,83125000000.0,1.5733732473414987
326,83150000000.0,1.5734646518578053
327,83175000000.0,1.573556892809944
328,83200000000.0,1.573649793799251
329,83225000000.0,1.5737431849697974
330,83250000000.0,1.57383690318019
331,83275000000.0,1.5739307921239396
332,83300000000.0,1.5740247024532752
333,83325000000.0,1.5741184918663116
334,83350000000.0,1.5742120251687661
335,83375000000.0,1.5743051743252572
336,83400000000.0,1.5743978184906637
337,83425000000.0,1.5744898440261528
338,83450000000.0,1.5745811444849045
339,83475000000.0,1.5746716206089242
340,83500000000.0,1.5747611802951977
341,83525000000.0,1.574849738536876
342,83550000000.0,1.5749372173929064
343,83575000000.0,1.5750235459003281
344,83600000000.0,1.575108660009133
345,83625000000.0,1.5751925024942126
346,83650000000.0,1.575275022856293
347,83675000000.0,1.5753561772223887
348,83700000000.0,1.5754359282315722
349,83725000000.0,1.5755142449078792
350,83750000000.0,1.5755911025498512
351,83775000000.0,1.575666482569598
352,83800000000.0,1.5757403723663608
353,83825000000.0,1.575812765170582
354,83850000000.0,1.575883659885675
355,83875000000.0,1.5759530609100532
356,83900000000.0,1.576020977985665
357,83925000000.0,1.5760874259866269
358,83950000000.0,1.5761524247571468
359,83975000000.0,1.576215998899849
360,84000000000.0,1.5762781775756833
361,84025000000.0,1.5763389942849597
362,84050000000.0,1.5763984866625353
363,84075000000.0,1.5764566962364044
364,84100000000.0,1.5765136682091978
365,84125000000.0,1.5765694512032538
366,84150000000.0,1.5766240970323833
367,84175000000.0,1.576677660431179
368,84200000000.0,1.5767301988195148
369,84225000000.0,1.5767817720214308
370,84250000000.0,1.5768324420059943
371,84275000000.0,1.5768822726330753
372,84300000000.0,1.5769313293548446
373,84325000000.0,1.5769796789595376
374,84350000000.0,1.577027389293371
375,84375000000.0,1.5770745289853092
376,84400000000.0,1.5771211671649095
377,84425000000.0,1.577167373197813
378,84450000000.0,1.5772132164168662
379,84475000000.0,1.5772587658402448
380,84500000000.0,1.5773040899270927
381,84525000000.0,1.5773492563119351
382,84550000000.0,1.5773943315510264
383,84575000000.0,1.5774393808854121
384,84600000000.0,1.577484468011496
385,84625000000.0,1.5775296548415434
386,84650000000.0,1.5775750013050038
387,84675000000.0,1.5776205651391828
388,84700000000.0,1.5776664016973267
389,84725000000.0,1.5777125637727385
390,84750000000.0,1.5777591014392913
391,84775000000.0,1.577806061893408
392,84800000000.0,1.5778534893274916
393,84825000000.0,1.5779014247963417
394,84850000000.0,1.5779499061274962
395,84875000000.0,1.577998967825455
396,84900000000.0,1.5780486409959493
397,84925000000.0,1.5780989532951843
398,84950000000.0,1.5781499288761163
399,84975000000.0,1.5782015883770202
400,85000000000.0,1.578253948907751
401,85025000000.0,1.5783070240419805
402,85050000000.0,1.5783608238567903
403,85075000000.0,1.5784153549492381
404,85100000000.0,1.5784706204910897
405,85125000000.0,1.578526620297189
406,85150000000.0,1.578583350885013
407,85175000000.0,1.5786408055697512
408,85200000000.0,1.5786989745545512
409,85225000000.0,1.5787578450384603
410,85250000000.0,1.5788174013350995
411,85275000000.0,1.578877624989114
412,85300000000.0,1.5789384949101435
413,85325000000.0,1.5789999875091656
414,85350000000.0,1.5790620768418377
415,85375000000.0,1.5791247347566415
416,85400000000.0,1.5791879310346975
417,85425000000.0,1.5792516335545093
418,85450000000.0,1.5793158084365582
419,85475000000.0,1.579380420210586
420,85500000000.0,1.5794454319474762
421,85525000000.0,1.5795108054377056
422,85550000000.0,1.5795765013300604
423,85575000000.0,1.5796424792725505
424,85600000000.0,1.5797086980844528
425,85625000000.0,1.579775115870099
426,85650000000.0,1.5798416901743322
427,85675000000.0,1.5799083781132288
428,85700000000.0,1.5799751365017267
429,85725000000.0,1.5800419219771376
430,85750000000.0,1.5801086911153255
431,85775000000.0,1.580175400547848
432,85800000000.0,1.5802420070597067
433,85825000000.0,1.5803084677029644
434,85850000000.0,1.5803747398728583
435,85875000000.0,1.5804407814133719
436,85900000000.0,1.5805065506868878
437,85925000000.0,1.5805720066598352
438,85950000000.0,1.5806371089653117
439,85975000000.0,1.5807018179725867
440,86000000000.0,1.5807660948465794
441,86025000000.0,1.5808299016054503
442,86050000000.0,1.5808932011643702
443,86075000000.0,1.5809559573908687
444,86100000000.0,1.5810181351369965
445,86125000000.0,1.581079700282503
446,86150000000.0,1.5811406197683393
447,86175000000.0,1.5812008616324786
448,86200000000.0,1.581260395029186
449,86225000000.0,1.581319190261739
450,86250000000.0,1.5813772188006552
451,86275000000.0,1.5814344533123978
452,86300000000.0,1.581490867671058
453,86325000000.0,1.581546436974419
454,86350000000.0,1.5816011375718848
455,86375000000.0,1.581654947062118
456,86400000000.0,1.581707844321265
457,86425000000.0,1.5817598095005827
458,86450000000.0,1.5818108240504778
459,86475000000.0,1.5818608707179347
460,86500000000.0,1.581909933561762
461,86525000000.0,1.5819579979582197
462,86550000000.0,1.5820050506008965
463,86575000000.0,1.582051079516501
464,86600000000.0,1.5820960740523224
465,86625000000.0,1.5821400248903228
466,86650000000.0,1.582182924040866
467,86675000000.0,1.5822247648408987
468,86700000000.0,1.582265541947904
469,86725000000.0,1.5823052513352418
470,86750000000.0,1.5823438902885045
471,86775000000.0,1.5823814573838577
472,86800000000.0,1.582417952481671
473,86825000000.0,1.5824533767099218
474,86850000000.0,1.5824877324426985
475,86875000000.0,1.5825210232824054
476,86900000000.0,1.582553254029993
477,86925000000.0,1.5825844306570243
478,86950000000.0,1.5826145602847745
479,86975000000.0,1.5826436511381525
480,87000000000.0,1.582671712513882
481,87025000000.0,1.5826987547404532
482,87050000000.0,1.5827247891361107
483,87075000000.0,1.58274982796073
484,87100000000.0,1.5827738843679122
485,87125000000.0,1.5827969723530604
486,87150000000.0,1.5828191066983242
487,87175000000.0,1.5828403029208
488,87200000000.0,1.5828605772069786
489,87225000000.0,1.5828799463549554
490,87250000000.0,1.582898427718774
491,87275000000.0,1.5829160391320316
492,87300000000.0,1.5829327988509745
493,87325000000.0,1.5829487254871677
494,87350000000.0,1.5829638379427835
495,87375000000.0,1.5829781553376912
496,87400000000.0,1.5829916969466864
497,87425000000.0,1.5830044821347549
498,87450000000.0,1.583016530292144
499,87475000000.0,1.583027860758431
500,87500000000.0,1.5830384927739232
501,87525000000.0,1.5830484454072717
502,87550000000.0,1.58305773749549
503,87575000000.0,1.583066387597463
504,87600000000.0,1.5830744139215025
505,87625000000.0,1.5830818342865802
506,87650000000.0,1.583088666060334
507,87675000000.0,1.583094926123699
508,87700000000.0,1.58310063082174
509,87725000000.0,1.5831057959206927
510,87750000000.0,1.5831104365785433
511,87775000000.0,1.5831145673081772
512,87800000000.0,1.583118201951546
513,87825000000.0,1.5831213536520266
514,87850000000.0,1.5831240348405542
515,87875000000.0,1.5831262572095317
516,87900000000.0,1.583128031713395
517,87925000000.0,1.5831293685517167
518,87950000000.0,1.583130277171867
519,87975000000.0,1.5831307662641616
520,88000000000.0,1.5831308437729013
521,88025000000.0,1.5831305169006087
522,88050000000.0,1.5831297921265326
523,88075000000.0,1.5831286752173621
524,88100000000.0,1.5831271712530408
525,88125000000.0,1.5831252846485568
526,88150000000.0,1.583123019178711
527,88175000000.0,1.5831203780189336
528,88200000000.0,1.583117363766405
529,88225000000.0,1.5831139784847421
530,88250000000.0,1.5831102237447714
531,88275000000.0,1.5831061006576077
532,88300000000.0,1.5831016099332735
533,88325000000.0,1.5830967519113053
534,88350000000.0,1.5830915266217696
535,88375000000.0,1.5830859338274252
536,88400000000.0,1.583079973075111
537,88425000000.0,1.5830736437535562
538,88450000000.0,1.5830669451408061
539,88475000000.0,1.5830598764607102
540,88500000000.0,1.5830524369354122
541,88525000000.0,1.583044625840534
542,88550000000.0,1.5830364425567114
543,88575000000.0,1.5830278866314405
544,88600000000.0,1.583018957819844
545,88625000000.0,1.5830096561467886
546,88650000000.0,1.5829999819544118
547,88675000000.0,1.582989935948957
548,88700000000.0,1.5829795192560256
549,88725000000.0,1.582968733458469
550,88750000000.0,1.5829575806500369
551,88775000000.0,1.5829460634653336
552,88800000000.0,1.5829341851330412
553,88825000000.0,1.5829219495025253
554,88850000000.0,1.5829093610805518
555,88875000000.0,1.58289642506329
556,88900000000.0,1.5828831473608092
557,88925000000.0,1.5828695346263988
558,88950000000.0,1.5828555942702636
559,88975000000.0,1.5828413344806758
560,89000000000.0,1.582826764234436
561,89025000000.0,1.5828118933020507
562,89050000000.0,1.5827967322600194
563,89075000000.0,1.5827812924845583
564,89100000000.0,1.5827655861469248
565,89125000000.0,1.5827496262094836
566,89150000000.0,1.5827334264061614
567,89175000000.0,1.5827170012335443
568,89200000000.0,1.582700365919505
569,89225000000.0,1.5826835363999818
570,89250000000.0,1.5826665292945459
571,89275000000.0,1.5826493618624098
572,89300000000.0,1.5826320519709678
573,89325000000.0,1.5826146180486078
574,89350000000.0,1.5825970790405595
575,89375000000.0,1.5825794543542888
576,89400000000.0,1.582561763817288
577,89425000000.0,1.582544027607388
578,89450000000.0,1.582526266200187
579,89475000000.0,1.5825085003070218
580,89500000000.0,1.5824907508106274
581,89525000000.0,1.5824730386949395
582,89550000000.0,1.5824553849858083
583,89575000000.0,1.5824378106713621
584,89600000000.0,1.5824203366425593
585,89625000000.0,1.5824029836110864
586,89650000000.0,1.5823857720517205
587,89675000000.0,1.5823687221197116
588,89700000000.0,1.5823518535912509
589,89725000000.0,1.5823351857826742
590,89750000000.0,1.5823187374944303
591,89775000000.0,1.5823025269397142
592,89800000000.0,1.5822865716785282
593,89825000000.0,1.5822708885610117
594,89850000000.0,1.5822554936648558
595,89875000000.0,1.5822404022402112
596,89900000000.0,1.582225628658128
597,89925000000.0,1.582211186365106
598,89950000000.0,1.582197087827865
599,89975000000.0,1.5821833445073437
600,90000000000.0,1.5821699668074731
601,90025000000.0,1.582156964053672
602,90050000000.0,1.5821443444641816
603,90075000000.0,1.5821321151202945
604,90100000000.0,1.5821202819575164
605,90125000000.0,1.5821088497492004
606,90150000000.0,1.5820978220964699
607,90175000000.0,1.5820872014308847
608,90200000000.0,1.5820769890095503
609,90225000000.0,1.5820671849275896
610,90250000000.0,1.5820577881289595
611,90275000000.0,1.5820487964188363
612,90300000000.0,1.5820402064870407
613,90325000000.0,1.5820320139345752
614,90350000000.0,1.5820242133005142
615,90375000000.0,1.5820167980952196
616,90400000000.0,1.5820097608357968
617,90425000000.0,1.5820030930920446
618,90450000000.0,1.5819967855222685
619,90475000000.0,1.5819908279237982
620,90500000000.0,1.5819852092826971
621,90525000000.0,1.581979917822335
622,90550000000.0,1.5819749410598292
623,90575000000.0,1.5819702658591392
624,90600000000.0,1.5819658784907227
625,90625000000.0,1.5819617646851523
626,90650000000.0,1.5819579096984353
627,90675000000.0,1.5819542983660668
628,90700000000.0,1.5819509151685438
629,90725000000.0,1.5819477442884375
630,90750000000.0,1.5819447696720466
631,90775000000.0,1.581941975092009
632,90800000000.0,1.5819393442047278
633,90825000000.0,1.5819368606100903
634,90850000000.0,1.5819345079108154
635,90875000000.0,1.5819322697715021
636,90900000000.0,1.581930129970837
637,90925000000.0,1.5819280724603844
638,90950000000.0,1.5819260814169707
639,90975000000.0,1.5819241412939389
640,91000000000.0,1.5819222368717476
641,91025000000.0,1.5819203533082904
642,91050000000.0,1.581918476183409
643,91075000000.0,1.5819165915421585
644,91100000000.0,1.5819146859416395
645,91125000000.0,1.5819127464852707
646,91150000000.0,1.5819107608671907
647,91175000000.0,1.5819087174038822
648,91200000000.0,1.581906605066599
649,91225000000.0,1.5819044135150027
650,91250000000.0,1.5819021331236423
651,91275000000.0,1.5818997550082767
652,91300000000.0,1.5818972710469972
653,91325000000.0,1.5818946739038355
654,91350000000.0,1.5818919570401306
655,91375000000.0,1.5818891147356535
656,91400000000.0,1.581886142094951
657,91425000000.0,1.581883035056669
658,91450000000.0,1.5818797904004671
659,91475000000.0,1.5818764057448265
660,91500000000.0,1.5818728795494692
661,91525000000.0,1.5818692111079782
662,91550000000.0,1.5818654005392894
663,91575000000.0,1.5818614487780613
664,91600000000.0,1.5818573575565344
665,91625000000.0,1.58185312938556
666,91650000000.0,1.5818487675331403
667,91675000000.0,1.581844275998144
668,91700000000.0,1.5818396594782727
669,91725000000.0,1.5818349233370792
670,91750000000.0,1.581830073567576
671,91775000000.0,1.5818251167508
672,91800000000.0,1.5818200600106
673,91825000000.0,1.5818149109666502
674,91850000000.0,1.5818096776836663
675,91875000000.0,1.5818043686177659
676,91900000000.0,1.581798992557926
677,91925000000.0,1.5817935585696246
678,91950000000.0,1.581788075928008
679,91975000000.0,1.5817825540611028
680,92000000000.0,1.5817770024768962
681,92025000000.0,1.5817714306998643
682,92050000000.0,1.5817658482034826
683,92075000000.0,1.581760264337878
684,92100000000.0,1.5817546882633176
685,92125000000.0,1.5817491288785672
686,92150000000.0,1.5817435947557534
687,92175000000.0,1.5817380940679864
688,92200000000.0,1.5817326345259786
689,92225000000.0,1.5817272233128403
690,92250000000.0,1.5817218670236162
691,92275000000.0,1.5817165716037285
692,92300000000.0,1.581711342296097
693,92325000000.0,1.5817061835865374
694,92350000000.0,1.5817010991591474
695,92375000000.0,1.5816960918524077
696,92400000000.0,1.5816911636205815
697,92425000000.0,1.5816863155043182
698,92450000000.0,1.5816815476020283
699,92475000000.0,1.5816768590521664
700,92500000000.0,1.5816722480185377
701,92525000000.0,1.5816677116844413
702,92550000000.0,1.581663246253452
703,92575000000.0,1.581658846955894
704,92600000000.0,1.581654508063361
705,92625000000.0,1.581650222912639
706,92650000000.0,1.581645983932007
707,92675000000.0,1.5816417826791884
708,92700000000.0,1.5816376098839204
709,92725000000.0,1.581633455496179
710,92750000000.0,1.5816293087455477
711,92775000000.0,1.5816251582004408
712,92800000000.0,1.5816209918383681
713,92825000000.0,1.5816167971179218
714,92850000000.0,1.5816125610584637
715,92875000000.0,1.581608270321526
716,92900000000.0,1.581603911297618
717,92925000000.0,1.581599470196005
718,92950000000.0,1.581594933136717
719,92975000000.0,1.581590286243324
720,93000000000.0,1.5815855157387262
721,93025000000.0,1.5815806080399946
722,93050000000.0,1.5815755498524657
723,93075000000.0,1.5815703282641564
724,93100000000.0,1.5815649308372057
725,93125000000.0,1.5815593456964736
726,93150000000.0,1.5815535616154026
727,93175000000.0,1.5815475680976736
728,93200000000.0,1.5815413554535103
729,93225000000.0,1.5815349148721063
730,93250000000.0,1.581528238485717
731,93275000000.0,1.5815213194294029
732,93300000000.0,1.5815141518922178
733,93325000000.0,1.5815067311616922
734,93350000000.0,1.5814990536596263
735,93375000000.0,1.581491116970712
736,93400000000.0,1.5814829198614238
737,93425000000.0,1.5814744622915822
738,93450000000.0,1.581465745415166
739,93475000000.0,1.5814567715744825
740,93500000000.0,1.5814475442834561
741,93525000000.0,1.5814380682040257
742,93550000000.0,1.5814283491133028
743,93575000000.0,1.5814183938605932
744,93600000000.0,1.5814082103207796
745,93625000000.0,1.5813978073350663
746,93650000000.0,1.5813871946492608
747,93675000000.0,1.5813763828421303
748,93700000000.0,1.5813653832488856
749,93725000000.0,1.5813542078802745
750,93750000000.0,1.5813428693362335
751,93775000000.0,1.5813313807139002
752,93800000000.0,1.5813197555160536
753,93825000000.0,1.581308007553929
754,93850000000.0,1.5812961508490693
755,93875000000.0,1.5812841995361855
756,93900000000.0,1.58127216776281
757,93925000000.0,1.5812600695920114
758,93950000000.0,1.5812479189066857
759,93975000000.0,1.5812357293138275
760,94000000000.0,1.5812235140536288
761,94025000000.0,1.5812112859128207
762,94050000000.0,1.5811990571410413
763,94075000000.0,1.5811868393719302
764,94100000000.0,1.5811746435515304
765,94125000000.0,1.5811624798704222
766,94150000000.0,1.581150357704713
767,94175000000.0,1.5811382855619827
768,94200000000.0,1.5811262710361718
769,94225000000.0,1.5811143207672442
770,94250000000.0,1.5811024404123128
771,94275000000.0,1.5810906346207947
772,94300000000.0,1.581078907018623
773,94325000000.0,1.5810672602022022
774,94350000000.0,1.5810556957361281
775,94375000000.0,1.5810442141623973
776,94400000000.0,1.5810328150124766
777,94425000000.0,1.581021496830039
778,94450000000.0,1.5810102571984237
779,94475000000.0,1.5809990927736803
780,94500000000.0,1.5809879993238498
781,94525000000.0,1.5809769717754514
782,94550000000.0,1.5809660042592384
783,94575000000.0,1.5809550901651588
784,94600000000.0,1.5809442221974603
785,94625000000.0,1.580933392435793
786,94650000000.0,1.580922592392135
787,94675000000.0,1.5809118130781097
788,94700000000.0,1.580901045063923
789,94725000000.0,1.580890278544724
790,94750000000.0,1.5808795034034282
791,94775000000.0,1.5808687092712206
792,94800000000.0,1.5808578855895319
793,94825000000.0,1.580847021667505
794,94850000000.0,1.5808361067392842
795,94875000000.0,1.5808251300158183
796,94900000000.0,1.5808140807358229
797,94925000000.0,1.5808029482092154
798,94950000000.0,1.5807917218626488
799,94975000000.0,1.5807803912743974
800,95000000000.0,1.5807689462087842
801,95025000000.0,1.5807573766455163
802,95050000000.0,1.5807456728035385
803,95075000000.0,1.5807338251627028
804,95100000000.0,1.5807218244750851
805,95125000000.0,1.5807096617820888
806,95150000000.0,1.580697328416662
807,95175000000.0,1.5806848160087548
808,95200000000.0,1.5806721164849873
809,95225000000.0,1.5806592220639246
810,95250000000.0,1.5806461252497706
811,95275000000.0,1.5806328188238103
812,95300000000.0,1.580619295830632
813,95325000000.0,1.5806055495676505
814,95350000000.0,1.580591573567963
815,95375000000.0,1.5805773615870848
816,95400000000.0,1.580562907585874
817,95425000000.0,1.5805482057139335
818,95450000000.0,1.5805332502951157
819,95475000000.0,1.5805180358140531
820,95500000000.0,1.5805025568994013
821,95525000000.0,1.5804868083166352
822,95550000000.0,1.5804707849566781
823,95575000000.0,1.580454481827531
824,95600000000.0,1.5804378940509056
825,95625000000.0,1.580421016861648
826,95650000000.0,1.5804038456080007
827,95675000000.0,1.5803863757562977
828,95700000000.0,1.580368602899131
829,95725000000.0,1.5803505227668182
830,95750000000.0,1.580332131243387
831,95775000000.0,1.5803134243829124
832,95800000000.0,1.5802943984307571
833,95825000000.0,1.580275049849554
834,95850000000.0,1.5802553753455773
835,95875000000.0,1.5802353718981352
836,95900000000.0,1.5802150367930892
837,95925000000.0,1.5801943676547898
838,95950000000.0,1.5801733624847378
839,95975000000.0,1.580152019696992
840,96000000000.0,1.5801303381553717
841,96025000000.0,1.5801083172139097
842,96050000000.0,1.5800859567540664
843,96075000000.0,1.5800632572217042
844,96100000000.0,1.5800402196649355
845,96125000000.0,1.5800168457697785
846,96150000000.0,1.5799931378909946
847,96175000000.0,1.579969099087585
848,96200000000.0,1.5799447331450214
849,96225000000.0,1.5799200446043247
850,96250000000.0,1.579895038782537
851,96275000000.0,1.5798697217886932
852,96300000000.0,1.5798441005365509
853,96325000000.0,1.579818182753461
854,96350000000.0,1.5797919769836104
855,96375000000.0,1.5797654925849614
856,96400000000.0,1.5797387397215075
857,96425000000.0,1.5797117293531981
858,96450000000.0,1.5796844732130915
859,96475000000.0,1.5796569837881513
860,96500000000.0,1.5796292742867943
861,96525000000.0,1.5796013586046804
862,96550000000.0,1.5795732512857634
863,96575000000.0,1.5795449674755275
864,96600000000.0,1.5795165228721213
865,96625000000.0,1.579487933670137
866,96650000000.0,1.579459216502631
867,96675000000.0,1.57943038837827
868,96700000000.0,1.5794014666140275
869,96725000000.0,1.5793724687647699
870,96750000000.0,1.5793434125520829
871,96775000000.0,1.5793143157880591
872,96800000000.0,1.579285196299709
873,96825000000.0,1.5792560718500197
874,96850000000.0,1.5792269600592623
875,96875000000.0,1.5791978783267053
876,96900000000.0,1.5791688437502223
877,96925000000.0,1.579139873049376
878,96950000000.0,1.5791109824874157
879,96975000000.0,1.5790821877957057
880,97000000000.0,1.579053504100977
881,97025000000.0,1.5790249458550072
882,97050000000.0,1.5789965267638408
883,97075000000.0,1.5789682597272585
884,97100000000.0,1.5789401567744719
885,97125000000.0,1.5789122290085074
886,97150000000.0,1.5788844865544494
887,97175000000.0,1.578856938508611
888,97200000000.0,1.578829592897001
889,97225000000.0,1.5788024566350696
890,97250000000.0,1.5787755354956126
891,97275000000.0,1.5787488340781974
892,97300000000.0,1.5787223557859058
893,97325000000.0,1.5786961028074635
894,97350000000.0,1.5786700761020507
895,97375000000.0,1.578644275392762
896,97400000000.0,1.5786186991595512
897,97425000000.0,1.5785933446443334
898,97450000000.0,1.5785682078519183
899,97475000000.0,1.5785432835640154
900,97500000000.0,1.578518565350449
901,97525000000.0,1.5784940455902743
902,97550000000.0,1.5784697154899205
903,97575000000.0,1.5784455651112579
904,97600000000.0,1.5784215833997453
905,97625000000.0,1.5783977582170392
906,97650000000.0,1.578374076373528
907,97675000000.0,1.5783505236666884
908,97700000000.0,1.5783270849212203
909,97725000000.0,1.578303744029169
910,97750000000.0,1.578280483993576
911,97775000000.0,1.5782572869733562
912,97800000000.0,1.5782341343302158
913,97825000000.0,1.5782110066754538
914,97850000000.0,1.5781878839198145
915,97875000000.0,1.5781647453192587
916,97900000000.0,1.5781415695320913
917,97925000000.0,1.5781183346639458
918,97950000000.0,1.5780950183214022
919,97975000000.0,1.5780715976644593
920,98000000000.0,1.5780480494602114
921,98025000000.0,1.5780243501342857
922,98050000000.0,1.5780004758242119
923,98075000000.0,1.5779764024343912
924,98100000000.0,1.5779521056910026
925,98125000000.0,1.5779275611936538
926,98150000000.0,1.5779027444748466
927,98175000000.0,1.5778776310512919
928,98200000000.0,1.5778521964836267
929,98225000000.0,1.5778264164299172
930,98250000000.0,1.5778002667065258
931,98275000000.0,1.5777737233389575
932,98300000000.0,1.5777467626302784
933,98325000000.0,1.5777193612080638
934,98350000000.0,1.577691496093308
935,98375000000.0,1.577663144753731
936,98400000000.0,1.5776342851674707
937,98425000000.0,1.5776048958811704
938,98450000000.0,1.5775749560736267
939,98475000000.0,1.577544445610667
940,98500000000.0,1.5775133451136254
941,98525000000.0,1.577481636016599
942,98550000000.0,1.5774493006233203
943,98575000000.0,1.5774163221729518
944,98600000000.0,1.57738268489589
945,98625000000.0,1.5773483740740932
946,98650000000.0,1.5773133760948432
947,98675000000.0,1.577277678511978
948,98700000000.0,1.5772412700922567
949,98725000000.0,1.5772041408729367
950,98750000000.0,1.5771662822097032
951,98775000000.0,1.5771276868226236
952,98800000000.0,1.5770883488390726
953,98825000000.0,1.577048263835824
954,98850000000.0,1.5770074288750486
955,98875000000.0,1.576965842534327
956,98900000000.0,1.5769235049405137
957,98925000000.0,1.5768804177860936
958,98950000000.0,1.5768365843531467
959,98975000000.0,1.5767920095241754
960,99000000000.0,1.5767466997925677
961,99025000000.0,1.5767006632602696
962,99050000000.0,1.5766539096367995
963,99075000000.0,1.576606450231002
964,99100000000.0,1.5765582979327983
965,99125000000.0,1.5765094671895845
966,99150000000.0,1.5764599739788188
967,99175000000.0,1.5764098357742344
968,99200000000.0,1.5763590715002007
969,99225000000.0,1.5763077014879125
970,99250000000.0,1.5762557474188672
971,99275000000.0,1.5762032322610149
972,99300000000.0,1.5761501802078615
973,99325000000.0,1.5760966166005805
974,99350000000.0,1.5760425678558934
975,99375000000.0,1.5759880613741477
976,99400000000.0,1.5759331254617899
977,99425000000.0,1.5758777892285325
978,99450000000.0,1.5758220824934626
979,99475000000.0,1.5757660356873489
980,99500000000.0,1.575709679746444
981,99525000000.0,1.5756530460028655
982,99550000000.0,1.5755961660774054
983,99575000000.0,1.5755390717728863
984,99600000000.0,1.5754817949513724
985,99625000000.0,1.5754243674274993
986,99650000000.0,1.575366820860487
987,99675000000.0,1.5753091866292719
988,99700000000.0,1.575251495725643
989,99725000000.0,1.5751937786495287
990,99750000000.0,1.5751360652887818
991,99775000000.0,1.5750783848261984
992,99800000000.0,1.5750207656233617
993,99825000000.0,1.574963235131347
994,99850000000.0,1.5749058197903116
995,99875000000.0,1.5748485449385383
996,99900000000.0,1.5747914347298473
997,99925000000.0,1.574734512048322
998,99950000000.0,1.57467779843405
999,99975000000.0,1.5746213140166772
1000,100000000000.0,1.5745650774468574
1001,100025000000.0,1.574509105846909
1002,100050000000.0,1.5744534147502225
1003,100075000000.0,1.5743980180738373
1004,100100000000.0,1.5743429280618941
1005,100125000000.0,1.5742881552763364
1006,100150000000.0,1.5742337085622102
1007,100175000000.0,1.5741795950369677
1008,100200000000.0,1.5741258200810768
1009,100225000000.0,1.5740723873442861
1010,100250000000.0,1.5740192987387183
1011,100275000000.0,1.5739665544649883
1012,100300000000.0,1.573914153026817
1013,100325000000.0,1.5738620912598684
1014,100350000000.0,1.57381036436218
1015,100375000000.0,1.5737589659328723
1016,100400000000.0,1.5737078880239002
1017,100425000000.0,1.573657121181923
1018,100450000000.0,1.5736066545132728
1019,100475000000.0,1.5735564757407838
1020,100500000000.0,1.5735065712692193
1021,100525000000.0,1.573456926262435
1022,100550000000.0,1.5734075247127282
1023,100575000000.0,1.5733583495207841
1024,100600000000.0,1.5733093825794766
1025,100625000000.0,1.5732606048599773
1026,100650000000.0,1.573211996502144
1027,100675000000.0,1.5731635369029688
1028,100700000000.0,1.5731152048144126
1029,100725000000.0,1.5730669784308522
1030,100750000000.0,1.5730188354981491
1031,100775000000.0,1.5729707534022477
1032,100800000000.0,1.5729227092747642
1033,100825000000.0,1.5728746800912146
1034,100850000000.0,1.5728266427720226
1035,100875000000.0,1.5727785742798208
1036,100900000000.0,1.5727304517310476
1037,100925000000.0,1.5726822524774235
1038,100950000000.0,1.5726339542277887
1039,100975000000.0,1.5725855351227838
1040,101000000000.0,1.572536973846517
1041,101025000000.0,1.5724882497252974
1042,101050000000.0,1.5724393428019767
1043,101075000000.0,1.5723902339421298
1044,101100000000.0,1.572340904922827
1045,101125000000.0,1.5722913385011386
1046,101150000000.0,1.5722415185206673
1047,101175000000.0,1.5721914299686777
1048,101200000000.0,1.5721410590620548
1049,101225000000.0,1.5720903933229256
1050,101250000000.0,1.5720394216306794
1051,101275000000.0,1.5719881342973945
1052,101300000000.0,1.5719365231210165
1053,101325000000.0,1.571884581433527
1054,101350000000.0,1.5718323041600797
1055,101375000000.0,1.5717796878488262
1056,101400000000.0,1.5717267307085419
1057,101425000000.0,1.571673432646532
1058,101450000000.0,1.5716197952810436
1059,101475000000.0,1.5715658219674153
1060,101500000000.0,1.571511517802012
1061,101525000000.0,1.5714568896287975
1062,101550000000.0,1.5714019460331055
1063,101575000000.0,1.5713466973320762
1064,101600000000.0,1.5712911555610305
1065,101625000000.0,1.5712353344342096
1066,101650000000.0,1.5711792493238204
1067,101675000000.0,1.5711229172137724
1068,101700000000.0,1.5710663566536651
1069,101725000000.0,1.5710095877002266
1070,101750000000.0,1.5709526318536018
1071,101775000000.0,1.5708955119836767
1072,101800000000.0,1.570838252261015
1073,101825000000.0,1.5707808780633465
1074,101850000000.0,1.570723415881401
1075,101875000000.0,1.5706658932256885
1076,101900000000.0,1.5706083385219387
1077,101925000000.0,1.570550780988874
1078,101950000000.0,1.5704932505320504
1079,101975000000.0,1.5704357776186195
1080,102000000000.0,1.5703783931466029
1081,102025000000.0,1.570321128316402
1082,102050000000.0,1.570264014490303
1083,102075000000.0,1.5702070830616164
1084,102100000000.0,1.5701503653008693
1085,102125000000.0,1.5700938922278878
1086,102150000000.0,1.5700376944428567
1087,102175000000.0,1.5699818020055551
1088,102200000000.0,1.5699262442634514
1089,102225000000.0,1.5698710497303465
1090,102250000000.0,1.5698162459085825
1091,102275000000.0,1.5697618591748432
1092,102300000000.0,1.5697079146190211
1093,102325000000.0,1.5696544359119489
1094,102350000000.0,1.5696014451609224
1095,102375000000.0,1.5695489627912536
1096,102400000000.0,1.5694970074020969
1097,102425000000.0,1.5694455956611868
1098,102450000000.0,1.5693947421737773
1099,102475000000.0,1.5693444593763597
1100,102500000000.0,1.5692947574395004
1101,102525000000.0,1.5692456441643092
1102,102550000000.0,1.5691971248902712
1103,102575000000.0,1.5691492024275713
1104,102600000000.0,1.5691018769745708
1105,102625000000.0,1.5690551460512911
1106,102650000000.0,1.5690090044501244
1107,102675000000.0,1.5689634441912168
1108,102700000000.0,1.5689184544792043
1109,102725000000.0,1.5688740216807748
1110,102750000000.0,1.5688301293002893
1111,102775000000.0,1.5687867579779933
1112,102800000000.0,1.5687438854820335
1113,102825000000.0,1.5687014867225137
1114,102850000000.0,1.5686595337722742
1115,102875000000.0,1.5686179958920954
1116,102900000000.0,1.5685768395589539
1117,102925000000.0,1.5685360285201193
1118,102950000000.0,1.5684955238492426
1119,102975000000.0,1.5684552839937076
1120,103000000000.0,1.5684152648559346
1121,103025000000.0,1.568375419862235
1122,103050000000.0,1.5683357000514222
1123,103075000000.0,1.5682960541621604
1124,103100000000.0,1.5682564287312715
1125,103125000000.0,1.5682167681948036
1126,103150000000.0,1.5681770149993832
1127,103175000000.0,1.5681371097180752
1128,103200000000.0,1.5680969911641531
1129,103225000000.0,1.5680565965234725
1130,103250000000.0,1.5680158614799835
1131,103275000000.0,1.5679747203481773
1132,103300000000.0,1.567933106219928
1133,103325000000.0,1.5678909510921035
1134,103350000000.0,1.567848186027011
1135,103375000000.0,1.5678047412912552
1136,103400000000.0,1.5677605465121938
1137,103425000000.0,1.5677155308374635
1138,103450000000.0,1.5676696230807732
1139,103475000000.0,1.5676227519002168
1140,103500000000.0,1.5675748459412955
1141,103525000000.0,1.5675258340289706
1142,103550000000.0,1.5674756453104262
1143,103575000000.0,1.567424209439496
1144,103600000000.0,1.5673714567440387
1145,103625000000.0,1.567317318406296
1146,103650000000.0,1.5672617266332507
1147,103675000000.0,1.5672046148333705
1148,103700000000.0,1.5671459177977276
1149,103725000000.0,1.5670855718754073
1150,103750000000.0,1.5670235151639658
1151,103775000000.0,1.5669596876826373
1152,103800000000.0,1.566894031551787
1153,103825000000.0,1.5668264911847471
1154,103850000000.0,1.5667570134482465
1155,103875000000.0,1.5666855478752881
1156,103900000000.0,1.5666120468122127
1157,103925000000.0,1.5665364656102083
1158,103950000000.0,1.5664587628060471
1159,103975000000.0,1.5663789002783925
1160,104000000000.0,1.5662968434357958
1161,104025000000.0,1.566212561363521
1162,104050000000.0,1.566126026999282
1163,104075000000.0,1.5660372172748949
1164,104100000000.0,1.5659461132723507
1165,104125000000.0,1.5658527003663736
1166,104150000000.0,1.5657569683541304
1167,104175000000.0,1.5656589115833237
1168,104200000000.0,1.5655585290629714
1169,104225000000.0,1.565455824575503
1170,104250000000.0,1.5653508067751067
1171,104275000000.0,1.5652434892525506
1172,104300000000.0,1.5651338906180798
1173,104325000000.0,1.5650220345576282
1174,104350000000.0,1.5649079498771203
1175,104375000000.0,1.5647916705083353
1176,104400000000.0,1.5646732355352093
1177,104425000000.0,1.5645526891937789
1178,104450000000.0,1.5644300808387281
1179,104475000000.0,1.564305464894875
1180,104500000000.0,1.5641789007967117
1181,104525000000.0,1.5640504529191241
1182,104550000000.0,1.5639201904893092
1183,104575000000.0,1.563788187438612
1184,104600000000.0,1.5636545222855063
1185,104625000000.0,1.5635192779765588
1186,104650000000.0,1.5633825417045497
1187,104675000000.0,1.5632444047108909
1188,104700000000.0,1.5631049620844009
1189,104725000000.0,1.562964312498076
1190,104750000000.0,1.5628225580024835
1191,104775000000.0,1.5626798037170986
1192,104800000000.0,1.5625361575476306
1193,104825000000.0,1.5623917298985168
1194,104850000000.0,1.562246633366415
1195,104875000000.0,1.5621009823710326
1196,104900000000.0,1.5619548928363958
1197,104925000000.0,1.5618084818379456
1198,104950000000.0,1.5616618672241986
1199,104975000000.0,1.5615151672445746
1200,105000000000.0,1.561368500177105
1201,105025000000.0,1.5612219839304071
1202,105050000000.0,1.5610757356587617
1203,105075000000.0,1.5609298713685948
1204,105100000000.0,1.5607845055033538
1205,105125000000.0,1.5606397505928766
1206,105150000000.0,1.560495716815607
1207,105175000000.0,1.560352511645352
1208,105200000000.0,1.5602102394482242
1209,105225000000.0,1.5600690011271734
1210,105250000000.0,1.5599288937528029
1211,105275000000.0,1.5597900102053524
1212,105300000000.0,1.5596524388392945
1213,105325000000.0,1.559516263156242
1214,105350000000.0,1.5593815614996505
1215,105375000000.0,1.5592484067573722
1216,105400000000.0,1.5591168660865289
1217,105425000000.0,1.558987000650631
1218,105450000000.0,1.5588588653952928
1219,105475000000.0,1.5587325088223685
1220,105500000000.0,1.5586079727991902
1221,105525000000.0,1.5584852923903743
1222,105550000000.0,1.558364495704099
1223,105575000000.0,1.5582456037704504
1224,105600000000.0,1.558128630440636
1225,105625000000.0,1.5580135823008538
1226,105650000000.0,1.557900458636623
1227,105675000000.0,1.557789251378829
1228,105700000000.0,1.557679945118412
1229,105725000000.0,1.5575725171164754
1230,105750000000.0,1.5574669373464236
1231,105775000000.0,1.557363168554289
1232,105800000000.0,1.5572611663499167
1233,105825000000.0,1.5571608793121978
1234,105850000000.0,1.5570622491205983
1235,105875000000.0,1.5569652106963858
1236,105900000000.0,1.5568696923916603
1237,105925000000.0,1.5567756161524828
1238,105950000000.0,1.5566828977435991
1239,105975000000.0,1.5565914469689057
1240,106000000000.0,1.5565011679035605
1241,106025000000.0,1.5564119591628982
1242,106050000000.0,1.5563237141576944
1243,106075000000.0,1.556236321389737
1244,106100000000.0,1.5561496647597202
1245,106125000000.0,1.5560636238491148
1246,106150000000.0,1.5559780742645604
1247,106175000000.0,1.5558928879729488
1248,106200000000.0,1.5558079336202457
1249,106225000000.0,1.555723076907458
1250,106250000000.0,1.5556381809524038
1251,106275000000.0,1.5555531066360682
1252,106300000000.0,1.555467712998294
1253,106325000000.0,1.5553818576281053
1254,106350000000.0,1.5552953970237362
1255,106375000000.0,1.5552081870312884
1256,106400000000.0,1.5551200832004548
1257,106425000000.0,1.5550309412426682
1258,106450000000.0,1.5549406173864917
1259,106475000000.0,1.5548489688384246
1260,106500000000.0,1.5547558541901663
1261,106525000000.0,1.554661133819934
1262,106550000000.0,1.5545646703447378
1263,106575000000.0,1.5544663290365859
1264,106600000000.0,1.5543659782515575
1265,106625000000.0,1.5542634898572059
1266,106650000000.0,1.5541587396669405
1267,106675000000.0,1.5540516078732045
1268,106700000000.0,1.5539419794719564
1269,106725000000.0,1.5538297446897598
1270,106750000000.0,1.5537147994101057
1271,106775000000.0,1.5535970456076114
1272,106800000000.0,1.5534763917440335
1273,106825000000.0,1.5533527531996192
1274,106850000000.0,1.5532260526752788
1275,106875000000.0,1.55309622058911
1276,106900000000.0,1.5529631954644054
1277,106925000000.0,1.5528269243206667
1278,106950000000.0,1.55268736304025
1279,106975000000.0,1.5525444767256555
1280,107000000000.0,1.5523982400340648
1281,107025000000.0,1.5522486375348943
1282,107050000000.0,1.5520956639813583
1283,107075000000.0,1.551939324647409
1284,107100000000.0,1.5517796355747562
1285,107125000000.0,1.551616623844705
1286,107150000000.0,1.551450327791585
1287,107175000000.0,1.5512807972389053
1288,107200000000.0,1.5511080936528299
1289,107225000000.0,1.5509322903175469
1290,107250000000.0,1.5507534724640053
1291,107275000000.0,1.550571737364571
1292,107300000000.0,1.5503871944011078
1293,107325000000.0,1.5501999651131333
1294,107350000000.0,1.550010183181048
1295,107375000000.0,1.5498179944404933
1296,107400000000.0,1.5496235567689514
1297,107425000000.0,1.5494270400324033
1298,107450000000.0,1.549228625929844
1299,107475000000.0,1.5490285078284618
1300,107500000000.0,1.5488268905667189
1301,107525000000.0,1.548623990220402
1302,107550000000.0,1.5484200338009264
1303,107575000000.0,1.5482152589728615
1304,107600000000.0,1.5480099136898215
1305,107625000000.0,1.5478042558116911
1306,107650000000.0,1.5475985526909237
1307,107675000000.0,1.547393080729834
1308,107700000000.0,1.547188124874299
1309,107725000000.0,1.5469839781142665
1310,107750000000.0,1.5467809409378859
1311,107775000000.0,1.5465793207461298
1312,107800000000.0,1.5463794312561732
1313,107825000000.0,1.5461815918627229
1314,107850000000.0,1.5459861269992516
1315,107875000000.0,1.5457933654396265
1316,107900000000.0,1.5456036396198027
1317,107925000000.0,1.545417284910192
1318,107950000000.0,1.545234638886711
1319,107975000000.0,1.545056040580268
1320,108000000000.0,1.5448818297153426
1321,108025000000.0,1.5447123459440433
1322,108050000000.0,1.5445479280724548
1323,108075000000.0,1.5443889132571753
1324,108100000000.0,1.5442356362529517
1325,108125000000.0,1.544088428594189
1326,108150000000.0,1.5439476178366045
1327,108175000000.0,1.543813526743768
1328,108200000000.0,1.5436864725539976
1329,108225000000.0,1.543566766184216
1330,108250000000.0,1.5434547114925987
1331,108275000000.0,1.5433506045232994
1332,108300000000.0,1.5432547328106978
1333,108325000000.0,1.5431673746422152
1334,108350000000.0,1.5430887983930008
1335,108375000000.0,1.543019261857008
1336,108400000000.0,1.5429590115985192
1337,108425000000.0,1.5429082823625866
1338,108450000000.0,1.542867296479424
1339,108475000000.0,1.5428362633073105
1340,108500000000.0,1.5428153787139982
1341,108525000000.0,1.5428048246026997
1342,108550000000.0,1.5428047684409558
1343,108575000000.0,1.5428153628652483
1344,108600000000.0,1.5428367452909069
1345,108625000000.0,1.5428690375891032
1346,108650000000.0,1.542912345790212
1347,108675000000.0,1.5429667598238748
1348,108700000000.0,1.5430323533231658
1349,108725000000.0,1.5431091834485782
1350,108750000000.0,1.5431972907853955
1351,108775000000.0,1.5432966992609582
1352,108800000000.0,1.5434074161214983
1353,108825000000.0,1.5435294319524901
1354,108850000000.0,1.5436627207606057
1355,108875000000.0,1.5438072400612752
1356,108900000000.0,1.5439629310850782
1357,108925000000.0,1.544129718938635
1358,108950000000.0,1.544307512908129
1359,108975000000.0,1.5444962067411039
1360,109000000000.0,1.5446956789869652
1361,109025000000.0,1.544905793426868
1362,109050000000.0,1.5451263994667521
1363,109075000000.0,1.5453573326502836
1364,109100000000.0,1.5455984151759043
1365,109125000000.0,1.5458494564303087
1366,109150000000.0,1.5461102536251239
1367,109175000000.0,1.5463805923941643
1368,109200000000.0,1.5466602474819777
1369,109225000000.0,1.5469489834192556
1370,109250000000.0,1.5472465552539834
1371,109275000000.0,1.5475527093031105
1372,109300000000.0,1.5478671839066487
1373,109325000000.0,1.5481897102268116
1374,109350000000.0,1.5485200130341377
1375,109375000000.0,1.5488578115264
1376,109400000000.0,1.5492028201627555
1377,109425000000.0,1.5495547494588764
1378,109450000000.0,1.5499133068239774
1379,109475000000.0,1.550278197391604
1380,109500000000.0,1.5506491248161884
1381,109525000000.0,1.551025792084549
1382,109550000000.0,1.5514079022809613
1383,109575000000.0,1.551795159386901
1384,109600000000.0,1.5521872689899159
1385,109625000000.0,1.552583939026886
1386,109650000000.0,1.5529848804426787
1387,109675000000.0,1.5533898078658193
1388,109700000000.0,1.5537984402072618
1389,109725000000.0,1.5542105012291558
1390,109750000000.0,1.5546257200894287
1391,109775000000.0,1.5550438318134516
1392,109800000000.0,1.555464577721774
1393,109825000000.0,1.5558877058289917
1394,109850000000.0,1.556312971154749
1395,109875000000.0,1.556740136009684
1396,109900000000.0,1.557168970207117
1397,109925000000.0,1.5575992512271106
1398,109950000000.0,1.5580307643155986
1399,109975000000.0,1.5584633025359902
1400,110000000000.0,1.5588966667436903
