,freq,delta
0,75000000000.0,1.7582992692507997
1,75025000000.0,1.7582985300093377
2,75050000000.0,1.7582970511482483
3,75075000000.0,1.7582948334072297
4,75100000000.0,1.7582918754039403
5,75125000000.0,1.7582881785407949
6,75150000000.0,1.7582837424737057
7,75175000000.0,1.7582785671781709
8,75200000000.0,1.7582726519545744
9,75225000000.0,1.758265997754551
10,75250000000.0,1.758258603394979
11,75275000000.0,1.7582504699884707
12,75300000000.0,1.7582415970072307
13,75325000000.0,1.7582319845720031
14,75350000000.0,1.7582216324982067
15,75375000000.0,1.7582105406100343
16,75400000000.0,1.7581987093526148
17,75425000000.0,1.7581861383923612
18,75450000000.0,1.758172827686623
19,75475000000.0,1.758158776962028
20,75500000000.0,1.7581439864966333
21,75525000000.0,1.7581284562394115
22,75550000000.0,1.7581121863540758
23,75575000000.0,1.7580951760016048
24,75600000000.0,1.758077425650232
25,75625000000.0,1.758058935665556
26,75650000000.0,1.7580397050834191
27,75675000000.0,1.758019734352358
28,75700000000.0,1.7579990237255367
29,75725000000.0,1.7579775722320676
30,75750000000.0,1.7579553802094434
31,75775000000.0,1.7579324483357586
32,75800000000.0,1.7579087755957594
33,75825000000.0,1.7578843623405254
34,75850000000.0,1.7578592080622262
35,75875000000.0,1.7578333130584178
36,75900000000.0,1.7578066768558878
37,75925000000.0,1.7577793002489166
38,75950000000.0,1.757751182240995
39,75975000000.0,1.7577223230502454
40,76000000000.0,1.757692722866265
41,76025000000.0,1.7576623810276846
42,76050000000.0,1.7576312978673023
43,76075000000.0,1.7575994731455975
44,76100000000.0,1.7575669064676303
45,76125000000.0,1.757533598501851
46,76150000000.0,1.7574995482169897
47,76175000000.0,1.7574647561481969
48,76200000000.0,1.7574292216631366
49,76225000000.0,1.757392945583356
50,76250000000.0,1.757355926494542
51,76275000000.0,1.7573181651447907
52,76300000000.0,1.757279661349667
53,76325000000.0,1.7572404147683949
54,76350000000.0,1.7572004251315727
55,76375000000.0,1.7571596927411994
56,76400000000.0,1.7571182171656923
57,76425000000.0,1.7570759984762951
58,76450000000.0,1.7570330362855644
59,76475000000.0,1.7569893303748618
60,76500000000.0,1.7569448810454245
61,76525000000.0,1.7568996876331167
62,76550000000.0,1.7568537507217987
63,76575000000.0,1.7568070694367954
64,76600000000.0,1.756759643723417
65,76625000000.0,1.7567114735713325
66,76650000000.0,1.756662559331587
67,76675000000.0,1.756612899836502
68,76700000000.0,1.7565624955193317
69,76725000000.0,1.7565113463949
70,76750000000.0,1.7564594516131358
71,76775000000.0,1.7564068118915426
72,76800000000.0,1.7563534262425753
73,76825000000.0,1.7562992951255614
74,76850000000.0,1.75624441838728
75,76875000000.0,1.7561887948071395
76,76900000000.0,1.7561324254132915
77,76925000000.0,1.7560753097202222
78,76950000000.0,1.7560174468321235
79,76975000000.0,1.7559588372198
80,77000000000.0,1.7558994810406685
81,77025000000.0,1.7558393774500451
82,77050000000.0,1.7557785261480638
83,77075000000.0,1.755716927880095
84,77100000000.0,1.755654581306333
85,77125000000.0,1.7555914869635345
86,77150000000.0,1.7555276444552668
87,77175000000.0,1.7554630536666136
88,77200000000.0,1.7553977140887749
89,77225000000.0,1.7553316255258689
90,77250000000.0,1.7552647883194485
91,77275000000.0,1.7551972014175599
92,77300000000.0,1.755128865553104
93,77325000000.0,1.7550597799273382
94,77350000000.0,1.7549899442492258
95,77375000000.0,1.754919358273571
96,77400000000.0,1.7548480222608964
97,77425000000.0,1.7547759359870456
98,77450000000.0,1.7547030983580088
99,77475000000.0,1.7546295100226612
100,77500000000.0,1.7545551703527902
101,77525000000.0,1.7544800791704922
102,77550000000.0,1.7544042362004624
103,77575000000.0,1.754327641709015
104,77600000000.0,1.7542502944665168
105,77625000000.0,1.7541721950887894
106,77650000000.0,1.7540933430343226
107,77675000000.0,1.7540137377914362
108,77700000000.0,1.753933379820315
109,77725000000.0,1.7538522682815803
110,77750000000.0,1.75377040282305
111,77775000000.0,1.7536877835979594
112,77800000000.0,1.7536044099736003
113,77825000000.0,1.7535202823571614
114,77850000000.0,1.753435399564449
115,77875000000.0,1.7533497620857446
116,77900000000.0,1.7532633695458797
117,77925000000.0,1.753176220836983
118,77950000000.0,1.7530883170241711
119,77975000000.0,1.7529996567853843
120,78000000000.0,1.7529102403077845
121,78025000000.0,1.7528200673899796
122,78050000000.0,1.7527291377316772
123,78075000000.0,1.752637450679747
124,78100000000.0,1.7525450059208714
125,78125000000.0,1.7524518035469678
126,78150000000.0,1.7523578435079992
127,78175000000.0,1.7522631251576861
128,78200000000.0,1.752167648009227
129,78225000000.0,1.752071412279332
130,78250000000.0,1.7519744173068994
131,78275000000.0,1.7518766625714297
132,78300000000.0,1.751778148661104
133,78325000000.0,1.7516788741650742
134,78350000000.0,1.7515788397934453
135,78375000000.0,1.7514780442774291
136,78400000000.0,1.7513764883003855
137,78425000000.0,1.7512741705295782
138,78450000000.0,1.7511710917105272
139,78475000000.0,1.7510672506794274
140,78500000000.0,1.7509626478118474
141,78525000000.0,1.7508572822859332
142,78550000000.0,1.7507511539922553
143,78575000000.0,1.7506442625345142
144,78600000000.0,1.7505366077836206
145,78625000000.0,1.7504281891136881
146,78650000000.0,1.7503190067132115
147,78675000000.0,1.7502090594643758
148,78700000000.0,1.7500983481814507
149,78725000000.0,1.7499868709010362
150,78750000000.0,1.7498746289305416
151,78775000000.0,1.7497616211322626
152,78800000000.0,1.749647847143424
153,78825000000.0,1.7495333067229366
154,78850000000.0,1.7494180000416089
155,78875000000.0,1.7493019262285605
156,78900000000.0,1.7491850851332527
157,78925000000.0,1.7490674759387834
158,78950000000.0,1.748949098925292
159,78975000000.0,1.7488299534191367
160,79000000000.0,1.7487100393976684
161,79025000000.0,1.748589356328318
162,79050000000.0,1.748467903529952
163,79075000000.0,1.7483456815224399
164,79100000000.0,1.7482226888987376
165,79125000000.0,1.748098925864195
166,79150000000.0,1.7479743921741766
167,79175000000.0,1.747849087082136
168,79200000000.0,1.7477230107193835
169,79225000000.0,1.7475961622257552
170,79250000000.0,1.747468541783072
171,79275000000.0,1.7473401486426632
172,79300000000.0,1.7472109827177813
173,79325000000.0,1.7470810431156212
174,79350000000.0,1.7469503299171267
175,79375000000.0,1.7468188426539495
176,79400000000.0,1.7466865811340884
177,79425000000.0,1.7465535447924818
178,79450000000.0,1.7464197333178997
179,79475000000.0,1.7462851461441478
180,79500000000.0,1.7461497833831885
181,79525000000.0,1.7460136440711944
182,79550000000.0,1.7458767287205261
183,79575000000.0,1.7457390354752678
184,79600000000.0,1.7456005653476585
185,79625000000.0,1.745461317270496
186,79650000000.0,1.7453212910463471
187,79675000000.0,1.7451804865532978
188,79700000000.0,1.7450389026841153
189,79725000000.0,1.7448965400536485
190,79750000000.0,1.744753397532364
191,79775000000.0,1.7446094747615912
192,79800000000.0,1.744464771705315
193,79825000000.0,1.7443192878560774
194,79850000000.0,1.7441730226606882
195,79875000000.0,1.744025976062262
196,79900000000.0,1.7438781474313587
197,79925000000.0,1.743729536148203
198,79950000000.0,1.743580142503006
199,79975000000.0,1.7434299655335508
200,80000000000.0,1.7432790050386473
201,80025000000.0,1.7431272600479806
202,80050000000.0,1.7429747310314843
203,80075000000.0,1.7428214172908947
204,80100000000.0,1.7426673184089934
205,80125000000.0,1.7425124341175267
206,80150000000.0,1.74235676372973
207,80175000000.0,1.7422003070146772
208,80200000000.0,1.742043063437269
209,80225000000.0,1.741885032810673
210,80250000000.0,1.7417262142760264
211,80275000000.0,1.741566608133003
212,80300000000.0,1.741406213514368
213,80325000000.0,1.7412450298998874
214,80350000000.0,1.7410830578371326
215,80375000000.0,1.7409202953687397
216,80400000000.0,1.7407567434054372
217,80425000000.0,1.740592400485753
218,80450000000.0,1.74042726706365
219,80475000000.0,1.7402613427374007
220,80500000000.0,1.740094626394011
221,80525000000.0,1.7399271181599776
222,80550000000.0,1.7397588169084244
223,80575000000.0,1.7395897230625017
224,80600000000.0,1.7394198363779405
225,80625000000.0,1.7392491554630574
226,80650000000.0,1.7390776804358854
227,80675000000.0,1.738905410858256
228,80700000000.0,1.7387323469059677
229,80725000000.0,1.738558487170947
230,80750000000.0,1.7383838316063802
231,80775000000.0,1.7382083798637575
232,80800000000.0,1.7380321315066438
233,80825000000.0,1.737855086072172
234,80850000000.0,1.7376772432878964
235,80875000000.0,1.7374986024743828
236,80900000000.0,1.7373191632886131
237,80925000000.0,1.7371389254358236
238,80950000000.0,1.7369578884503916
239,80975000000.0,1.7367760517906325
240,81000000000.0,1.7365934153263447
241,81025000000.0,1.736409978309453
242,81050000000.0,1.7362257406716919
243,81075000000.0,1.736040701787932
244,81100000000.0,1.7358548607676147
245,81125000000.0,1.7356682179978433
246,81150000000.0,1.7354807725486852
247,81175000000.0,1.7352925244655097
248,81200000000.0,1.735103472551597
249,81225000000.0,1.7349136171432042
250,81250000000.0,1.7347229573819052
251,81275000000.0,1.7345314931398756
252,81300000000.0,1.7343392235470503
253,81325000000.0,1.7341461487382708
254,81350000000.0,1.7339522679786707
255,81375000000.0,1.733757580914719
256,81400000000.0,1.733562086882883
257,81425000000.0,1.7333657858866276
258,81450000000.0,1.7331686770321681
259,81475000000.0,1.732970760760254
260,81500000000.0,1.73277203506579
261,81525000000.0,1.732572501168605
262,81550000000.0,1.7323721575726507
263,81575000000.0,1.732171004405077
264,81600000000.0,1.7319690412294824
265,81625000000.0,1.731766267472098
266,81650000000.0,1.7315626827734785
267,81675000000.0,1.731358286353267
268,81700000000.0,1.7311530784212268
269,81725000000.0,1.730947057852466
270,81750000000.0,1.7307402243791157
271,81775000000.0,1.7305325785295336
272,81800000000.0,1.7303241187004617
273,81825000000.0,1.7301148450299337
274,81850000000.0,1.729904756652419
275,81875000000.0,1.7296938542233435
276,81900000000.0,1.7294821360498147
277,81925000000.0,1.729269602216041
278,81950000000.0,1.7290562526147908
279,81975000000.0,1.728842086617869
280,82000000000.0,1.728627103569176
281,82025000000.0,1.7284113027638448
282,82050000000.0,1.7281946846854381
283,82075000000.0,1.7279772483639815
284,82100000000.0,1.7277589934649271
285,82125000000.0,1.7275399197023131
286,82150000000.0,1.7273200264486872
287,82175000000.0,1.727099313145506
288,82200000000.0,1.7268777801122348
289,82225000000.0,1.7266554262464837
290,82250000000.0,1.7264322511116985
291,82275000000.0,1.7262082548230124
292,82300000000.0,1.7259834366945754
293,82325000000.0,1.725757796205774
294,82350000000.0,1.725531333124738
295,82375000000.0,1.7253040465522247
296,82400000000.0,1.7250759366806365
297,82425000000.0,1.724847003039396
298,82450000000.0,1.7246172449466957
299,82475000000.0,1.724386662380557
300,82500000000.0,1.7241552542725784
301,82525000000.0,1.7239230212516334
302,82550000000.0,1.7236899619443917
303,82575000000.0,1.7234560758502047
304,82600000000.0,1.7232213641321046
305,82625000000.0,1.722985824452936
306,82650000000.0,1.722749457274392
307,82675000000.0,1.7225122625236315
308,82700000000.0,1.7222742392268495
309,82725000000.0,1.7220353874810532
310,82750000000.0,1.7217957062710967
311,82775000000.0,1.7215551958103803
312,82800000000.0,1.72131385543044
313,82825000000.0,1.721071685132165
314,82850000000.0,1.7208286838253266
315,82875000000.0,1.7205848514016175
316,82900000000.0,1.720340187496006
317,82925000000.0,1.7200946921481535
318,82950000000.0,1.719848364357966
319,82975000000.0,1.7196012040351358
320,83000000000.0,1.7193532107481975
321,83025000000.0,1.7191043839690472
322,83050000000.0,1.7188547237899732
323,83075000000.0,1.718604229774143
324,83100000000.0,1.718352900774533
325,83125000000.0,1.7181007370143093
326,83150000000.0,1.7178477381800517
327,83175000000.0,1.7175939040106027
328,83200000000.0,1.7173392334374005
329,83225000000.0,1.7170837270602568
330,83250000000.0,1.7168273836872225
331,83275000000.0,1.7165702031891474
332,83300000000.0,1.7163121860358606
333,83325000000.0,1.716053330293171
334,83350000000.0,1.7157936371185214
335,83375000000.0,1.7155331047101587
336,83400000000.0,1.7152717341802006
337,83425000000.0,1.7150095242161998
338,83450000000.0,1.7147464749155248
339,83475000000.0,1.714482585648894
340,83500000000.0,1.714217856457922
341,83525000000.0,1.713952286652762
342,83550000000.0,1.7136858757300601
343,83575000000.0,1.7134186237992326
344,83600000000.0,1.713150530418222
345,83625000000.0,1.7128815947016351
346,83650000000.0,1.7126118173590976
347,83675000000.0,1.7123411973387794
348,83700000000.0,1.7120697345203173
349,83725000000.0,1.7117974284416255
350,83750000000.0,1.7115242788983573
351,83775000000.0,1.7112502853214513
352,83800000000.0,1.7109754477824326
353,83825000000.0,1.7106997655995397
354,83850000000.0,1.7104232388900695
355,83875000000.0,1.7101458670827194
356,83900000000.0,1.709867649769947
357,83925000000.0,1.7095885867143434
358,83950000000.0,1.709308677700246
359,83975000000.0,1.7090279222288873
360,84000000000.0,1.708746320380909
361,84025000000.0,1.7084638719121001
362,84050000000.0,1.7081805759110515
363,84075000000.0,1.7078964323006205
364,84100000000.0,1.7076114411431724
365,84125000000.0,1.7073256021153953
366,84150000000.0,1.7070389145471987
367,84175000000.0,1.7067513781869195
368,84200000000.0,1.706462993186535
369,84225000000.0,1.706173759237566
370,84250000000.0,1.7058836753608124
371,84275000000.0,1.7055927420046777
372,84300000000.0,1.7053009589330588
373,84325000000.0,1.7050083253327766
374,84350000000.0,1.7047148414653037
375,84375000000.0,1.7044205068144258
376,84400000000.0,1.7041253207293152
377,84425000000.0,1.7038292839474474
378,84450000000.0,1.703532395553866
379,84475000000.0,1.7032346555862499
380,84500000000.0,1.7029360631507038
381,84525000000.0,1.7026366189944022
382,84550000000.0,1.702336322418551
383,84575000000.0,1.702035173131291
384,84600000000.0,1.701733170956795
385,84625000000.0,1.7014303154682027
386,84650000000.0,1.7011266065180164
387,84675000000.0,1.7008220445333257
388,84700000000.0,1.700516628422933
389,84725000000.0,1.7002103587336304
390,84750000000.0,1.6999032342465428
391,84775000000.0,1.6995952558353176
392,84800000000.0,1.699286422931866
393,84825000000.0,1.698976734975167
394,84850000000.0,1.6986661922920738
395,84875000000.0,1.6983547941937045
396,84900000000.0,1.6980425410301934
397,84925000000.0,1.697729432047531
398,84950000000.0,1.6974154675566233
399,84975000000.0,1.697100647060117
400,85000000000.0,1.6967849707490321
401,85025000000.0,1.6964684382295545
402,85050000000.0,1.6961510490396012
403,85075000000.0,1.6958328036600305
404,85100000000.0,1.6955137017518607
405,85125000000.0,1.695193742730052
406,85150000000.0,1.6948729266981493
407,85175000000.0,1.6945512538363257
408,85200000000.0,1.694228723424579
409,85225000000.0,1.693905335860005
410,85250000000.0,1.693581090735461
411,85275000000.0,1.6932559882460179
412,85300000000.0,1.6929300276709176
413,85325000000.0,1.6926032093631556
414,85350000000.0,1.6922755328540575
415,85375000000.0,1.6919469985777296
416,85400000000.0,1.69161760601604
417,85425000000.0,1.6912873551170948
418,85450000000.0,1.6909562463120655
419,85475000000.0,1.6906242780665224
420,85500000000.0,1.690291452312161
421,85525000000.0,1.6899577672340416
422,85550000000.0,1.689623223809282
423,85575000000.0,1.689287821704685
424,85600000000.0,1.6889515606277312
425,85625000000.0,1.6886144403494883
426,85650000000.0,1.6882764613648316
427,85675000000.0,1.6879376235096581
428,85700000000.0,1.6875979262537886
429,85725000000.0,1.6872573702695484
430,85750000000.0,1.686915954911275
431,85775000000.0,1.6865736806029894
432,85800000000.0,1.6862305467849097
433,85825000000.0,1.685886554026173
434,85850000000.0,1.6855417021232366
435,85875000000.0,1.6851959907790102
436,85900000000.0,1.6848494203191131
437,85925000000.0,1.6845019904184733
438,85950000000.0,1.6841537013487335
439,85975000000.0,1.683804553123939
440,86000000000.0,1.6834545456189889
441,86025000000.0,1.6831036789627558
442,86050000000.0,1.6827519529303572
443,86075000000.0,1.6823993675987072
444,86100000000.0,1.6820459235127216
445,86125000000.0,1.6816916202309373
446,86150000000.0,1.6813364579420946
447,86175000000.0,1.6809804364232133
448,86200000000.0,1.6806235564723222
449,86225000000.0,1.6802658171121119
450,86250000000.0,1.679907219292699
451,86275000000.0,1.6795477626404929
452,86300000000.0,1.6791874473566273
453,86325000000.0,1.678826273283696
454,86350000000.0,1.6784642413875368
455,86375000000.0,1.6781013506522169
456,86400000000.0,1.677737601480252
457,86425000000.0,1.6773729940678408
458,86450000000.0,1.6770075293236864
459,86475000000.0,1.6766412061775784
460,86500000000.0,1.6762740249432153
461,86525000000.0,1.6759059863912111
462,86550000000.0,1.675537090837857
463,86575000000.0,1.6751673369387667
464,86600000000.0,1.6747967260863112
465,86625000000.0,1.6744252581528556
466,86650000000.0,1.6740529335627583
467,86675000000.0,1.673679751905951
468,86700000000.0,1.6733057140000047
469,86725000000.0,1.6729308192488257
470,86750000000.0,1.6725550687002786
471,86775000000.0,1.6721784620079558
472,86800000000.0,1.671800999092298
473,86825000000.0,1.6714226807412058
474,86850000000.0,1.6710435072666494
475,86875000000.0,1.6706634784939376
476,86900000000.0,1.6702825944954993
477,86925000000.0,1.6699008565126816
478,86950000000.0,1.6695182633412398
479,86975000000.0,1.6691348160310973
480,87000000000.0,1.6687505150213744
481,87025000000.0,1.6683653599181751
482,87050000000.0,1.667979351315188
483,87075000000.0,1.667592490010123
484,87100000000.0,1.6672047755921027
485,87125000000.0,1.6668162083429405
486,87150000000.0,1.666426788970308
487,87175000000.0,1.6660365175397247
488,87200000000.0,1.6656453943654939
489,87225000000.0,1.6652534196503426
490,87250000000.0,1.6648605940093701
491,87275000000.0,1.6644669175574254
492,87300000000.0,1.664072390660016
493,87325000000.0,1.6636770135835957
494,87350000000.0,1.6632807870782222
495,87375000000.0,1.6628837110610493
496,87400000000.0,1.6624857858272768
497,87425000000.0,1.6620870117646704
498,87450000000.0,1.6616873900532678
499,87475000000.0,1.6612869199537663
500,87500000000.0,1.6608856028985872
501,87525000000.0,1.6604834380592353
502,87550000000.0,1.6600804273316236
503,87575000000.0,1.659676569836742
504,87600000000.0,1.6592718665754258
505,87625000000.0,1.6588663180495167
506,87650000000.0,1.6584599244997675
507,87675000000.0,1.658052686603641
508,87700000000.0,1.6576446045025062
509,87725000000.0,1.6572356786968279
510,87750000000.0,1.6568259097836409
511,87775000000.0,1.656415298386017
512,87800000000.0,1.6560038444694096
513,87825000000.0,1.6555915491816335
514,87850000000.0,1.6551784128570597
515,87875000000.0,1.6547644355698352
516,87900000000.0,1.654349618378563
517,87925000000.0,1.6539339612582808
518,87950000000.0,1.6535174657905747
519,87975000000.0,1.6531001308778104
520,88000000000.0,1.6526819586250912
521,88025000000.0,1.6522629484367326
522,88050000000.0,1.65184310174825
523,88075000000.0,1.6514224186003614
524,88100000000.0,1.6510008999348238
525,88125000000.0,1.6505785460221418
526,88150000000.0,1.6501553576751555
527,88175000000.0,1.6497313350732976
528,88200000000.0,1.6493064794954004
529,88225000000.0,1.6488807912637018
530,88250000000.0,1.6484542710364039
531,88275000000.0,1.648026919218357
532,88300000000.0,1.6475987366587148
533,88325000000.0,1.6471697242380219
534,88350000000.0,1.64673988242663
535,88375000000.0,1.6463092119941627
536,88400000000.0,1.645877712796891
537,88425000000.0,1.6454453867498808
538,88450000000.0,1.6450122342673055
539,88475000000.0,1.6445782552021873
540,88500000000.0,1.6441434516925089
541,88525000000.0,1.6437078233933529
542,88550000000.0,1.6432713710656308
543,88575000000.0,1.6428340958202743
544,88600000000.0,1.6423959986920884
545,88625000000.0,1.6419570796033869
546,88650000000.0,1.6415173400737477
547,88675000000.0,1.6410767804907487
548,88700000000.0,1.6406354016596194
549,88725000000.0,1.6401932049079992
550,88750000000.0,1.6397501902553155
551,88775000000.0,1.6393063592021162
552,88800000000.0,1.6388617121841549
553,88825000000.0,1.6384162501106427
554,88850000000.0,1.6379699737892228
555,88875000000.0,1.6375228840449263
556,88900000000.0,1.6370749821122494
557,88925000000.0,1.6366262685237785
558,88950000000.0,1.6361767440957935
559,88975000000.0,1.635726410085718
560,89000000000.0,1.6352752673345732
561,89025000000.0,1.6348233159757932
562,89050000000.0,1.6343705581198955
563,89075000000.0,1.6339169938008473
564,89100000000.0,1.633462624409411
565,89125000000.0,1.633007450991963
566,89150000000.0,1.6325514745643133
567,89175000000.0,1.6320946950581665
568,89200000000.0,1.631637114787893
569,89225000000.0,1.6311787341093638
570,89250000000.0,1.6307195542282222
571,89275000000.0,1.6302595755743383
572,89300000000.0,1.6297988004410384
573,89325000000.0,1.6293372284370389
574,89350000000.0,1.6288748615856952
575,89375000000.0,1.6284117003923169
576,89400000000.0,1.6279477462357368
577,89425000000.0,1.6274830000681506
578,89450000000.0,1.6270174629195626
579,89475000000.0,1.6265511360140528
580,89500000000.0,1.6260840204470834
581,89525000000.0,1.6256161172320656
582,89550000000.0,1.625147427281261
583,89575000000.0,1.6246779521335135
584,89600000000.0,1.6242076927983278
585,89625000000.0,1.6237366501994173
586,89650000000.0,1.62326482619715
587,89675000000.0,1.6227922214234847
588,89700000000.0,1.6223188368008612
589,89725000000.0,1.6218446739305217
590,89750000000.0,1.6213697341220525
591,89775000000.0,1.6208940183230307
592,89800000000.0,1.6204175276299302
593,89825000000.0,1.6199402634548226
594,89850000000.0,1.619462227365626
595,89875000000.0,1.6189834203495141
596,89900000000.0,1.618503843417078
597,89925000000.0,1.6180234985580255
598,89950000000.0,1.6175423862602132
599,89975000000.0,1.6170605084555436
600,90000000000.0,1.6165778657763574
601,90025000000.0,1.6160944603026735
602,90050000000.0,1.615610292738773
603,90075000000.0,1.615125364823759
604,90100000000.0,1.6146396779776266
605,90125000000.0,1.6141532332599207
606,90150000000.0,1.6136660322985619
607,90175000000.0,1.6131780759895737
608,90200000000.0,1.6126893666587543
609,90225000000.0,1.6121999048480715
610,90250000000.0,1.6117096923777317
611,90275000000.0,1.6112187306673382
612,90300000000.0,1.610727021062207
613,90325000000.0,1.6102345650146894
614,90350000000.0,1.60974136423608
615,90375000000.0,1.609247419918503
616,90400000000.0,1.6087527338490117
617,90425000000.0,1.6082573071364243
618,90450000000.0,1.6077611410264077
619,90475000000.0,1.6072642382524325
620,90500000000.0,1.606766599211164
621,90525000000.0,1.606268226201994
622,90550000000.0,1.605769119902945
623,90575000000.0,1.6052692827760102
624,90600000000.0,1.604768715839338
625,90625000000.0,1.6042674207385013
626,90650000000.0,1.6037653995918821
627,90675000000.0,1.6032626533365764
628,90700000000.0,1.602759184280217
629,90725000000.0,1.6022549932794081
630,90750000000.0,1.6017500824509778
631,90775000000.0,1.6012444535826245
632,90800000000.0,1.6007381078951715
633,90825000000.0,1.6002310471633918
634,90850000000.0,1.5997232735625735
635,90875000000.0,1.5992147885876595
636,90900000000.0,1.5987055938408885
637,90925000000.0,1.5981956909086654
638,90950000000.0,1.5976850819446977
639,90975000000.0,1.597173768140317
640,91000000000.0,1.5966617519543458
641,91025000000.0,1.5961490345407514
642,91050000000.0,1.5956356175648285
643,91075000000.0,1.5951215041259628
644,91100000000.0,1.5946066945425328
645,91125000000.0,1.5940911910928328
646,91150000000.0,1.5935749960641838
647,91175000000.0,1.5930581109695041
648,91200000000.0,1.592540537215907
649,91225000000.0,1.5920222777825475
650,91250000000.0,1.5915033336083138
651,91275000000.0,1.5909837067340806
652,91300000000.0,1.5904633998112312
653,91325000000.0,1.589942413688372
654,91350000000.0,1.5894207503781035
655,91375000000.0,1.5888984132868669
656,91400000000.0,1.5883754025818708
657,91425000000.0,1.5878517213284935
658,91450000000.0,1.5873273711700844
659,91475000000.0,1.5868023538520957
660,91500000000.0,1.5862766717680339
661,91525000000.0,1.5857503267093311
662,91550000000.0,1.5852233206721686
663,91575000000.0,1.5846956560787753
664,91600000000.0,1.5841673344756326
665,91625000000.0,1.583638358304022
666,91650000000.0,1.5831087298444855
667,91675000000.0,1.5825784500609374
668,91700000000.0,1.5820475223307409
669,91725000000.0,1.5815159481952532
670,91750000000.0,1.5809837297380023
671,91775000000.0,1.5804508692790535
672,91800000000.0,1.5799173689896198
673,91825000000.0,1.5793832312303973
674,91850000000.0,1.5788484578648192
675,91875000000.0,1.5783130509947974
676,91900000000.0,1.5777770127064163
677,91925000000.0,1.5772403457175157
678,91950000000.0,1.5767030517364822
679,91975000000.0,1.576165133633302
680,92000000000.0,1.5756265931031386
681,92025000000.0,1.5750874328410167
682,92050000000.0,1.5745476544800154
683,92075000000.0,1.5740072607801219
684,92100000000.0,1.5734662541220314
685,92125000000.0,1.572924636614637
686,92150000000.0,1.5723824109348121
687,92175000000.0,1.5718395786870272
688,92200000000.0,1.5712961428859957
689,92225000000.0,1.570752105918331
690,92250000000.0,1.5702074693979011
691,92275000000.0,1.569662236588899
692,92300000000.0,1.5691164088833165
693,92325000000.0,1.5685699898541852
694,92350000000.0,1.5680229814575073
695,92375000000.0,1.567475385834821
696,92400000000.0,1.5669272060918866
697,92425000000.0,1.5663784435052739
698,92450000000.0,1.5658291021956439
699,92475000000.0,1.5652791831254889
700,92500000000.0,1.5647286896376569
701,92525000000.0,1.5641776243225065
702,92550000000.0,1.5636259888989137
703,92575000000.0,1.5630737866931983
704,92600000000.0,1.562521020096652
705,92625000000.0,1.5619676914295264
706,92650000000.0,1.5614138036787175
707,92675000000.0,1.5608593585794004
708,92700000000.0,1.560304359720575
709,92725000000.0,1.5597488091028562
710,92750000000.0,1.5591927095808877
711,92775000000.0,1.5586360635863277
712,92800000000.0,1.5580788746513328
713,92825000000.0,1.5575211440920589
714,92850000000.0,1.5569628753438616
715,92875000000.0,1.55640407066753
716,92900000000.0,1.5558447334766528
717,92925000000.0,1.555284865806376
718,92950000000.0,1.55472447059619
719,92975000000.0,1.5541635512648933
720,93000000000.0,1.5536021093151888
721,93025000000.0,1.5530401480421836
722,93050000000.0,1.5524776702760361
723,93075000000.0,1.5519146785476732
724,93100000000.0,1.5513511768787949
725,93125000000.0,1.5507871662668193
726,93150000000.0,1.5502226508806796
727,93175000000.0,1.5496576327731997
728,93200000000.0,1.549092115161147
729,93225000000.0,1.5485261006890858
730,93250000000.0,1.5479595925435055
731,93275000000.0,1.5473925933431563
732,93300000000.0,1.5468251062886154
733,93325000000.0,1.5462571338448896
734,93350000000.0,1.545688679095479
735,93375000000.0,1.545119744959262
736,93400000000.0,1.5445503347686866
737,93425000000.0,1.543980451023293
738,93450000000.0,1.5434100967178317
739,93475000000.0,1.5428392752078512
740,93500000000.0,1.5422679889068527
741,93525000000.0,1.5416962411455686
742,93550000000.0,1.5411240351214708
743,93575000000.0,1.5405513739798695
744,93600000000.0,1.5399782602901853
745,93625000000.0,1.5394046972435915
746,93650000000.0,1.5388306880893639
747,93675000000.0,1.5382562357408391
748,93700000000.0,1.5376813430909395
749,93725000000.0,1.5371060136863761
750,93750000000.0,1.5365302499856983
751,93775000000.0,1.535954056159139
752,93800000000.0,1.5353774351009732
753,93825000000.0,1.5348003890708604
754,93850000000.0,1.5342229217807377
755,93875000000.0,1.5336450363961398
756,93900000000.0,1.5330667364732604
757,93925000000.0,1.5324880246302874
758,93950000000.0,1.5319089040968064
759,93975000000.0,1.5313293791589246
760,94000000000.0,1.5307494512775974
761,94025000000.0,1.5301691249398734
762,94050000000.0,1.5295884032815283
763,94075000000.0,1.5290072895940336
764,94100000000.0,1.5284257866415192
765,94125000000.0,1.527843898271441
766,94150000000.0,1.5272616279314777
767,94175000000.0,1.5266789776474765
768,94200000000.0,1.5260959525802138
769,94225000000.0,1.5255125548089639
770,94250000000.0,1.5249287880783
771,94275000000.0,1.5243446556791238
772,94300000000.0,1.5237601609263092
773,94325000000.0,1.52317530789059
774,94350000000.0,1.5225900990024837
775,94375000000.0,1.5220045383593694
776,94400000000.0,1.521418629096608
777,94425000000.0,1.5208323742490417
778,94450000000.0,1.5202457784447732
779,94475000000.0,1.5196588440544316
780,94500000000.0,1.5190715748871046
781,94525000000.0,1.5184839741685598
782,94550000000.0,1.5178960462347093
783,94575000000.0,1.5173077941307522
784,94600000000.0,1.5167192206986968
785,94625000000.0,1.5161303303798697
786,94650000000.0,1.5155411266214447
787,94675000000.0,1.5149516121870261
788,94700000000.0,1.5143617912123506
789,94725000000.0,1.5137716674745023
790,94750000000.0,1.5131812442867882
791,94775000000.0,1.512590525474362
792,94800000000.0,1.5119995141722962
793,94825000000.0,1.5114082145332575
794,94850000000.0,1.5108166296972945
795,94875000000.0,1.5102247637441562
796,94900000000.0,1.5096326199800107
797,94925000000.0,1.5090402024637295
798,94950000000.0,1.508447514827092
799,94975000000.0,1.507854560314505
800,95000000000.0,1.507261342872293
801,95025000000.0,1.5066678662722843
802,95050000000.0,1.50607413379263
803,95075000000.0,1.5054801500198474
804,95100000000.0,1.5048859182366223
805,95125000000.0,1.5042914417733935
806,95150000000.0,1.5036967251019169
807,95175000000.0,1.5031017718480035
808,95200000000.0,1.5025065853020674
809,95225000000.0,1.501911169660073
810,95250000000.0,1.5013155286518773
811,95275000000.0,1.5007196662670585
812,95300000000.0,1.5001235860054094
813,95325000000.0,1.49952729174105
814,95350000000.0,1.4989307878192035
815,95375000000.0,1.4983340773213532
816,95400000000.0,1.4977371644993598
817,95425000000.0,1.497140053690411
818,95450000000.0,1.4965427476896083
819,95475000000.0,1.4959452517434753
820,95500000000.0,1.4953475686036757
821,95525000000.0,1.4947497028591068
822,95550000000.0,1.494151657975427
823,95575000000.0,1.4935534382926783
824,95600000000.0,1.4929550474720912
825,95625000000.0,1.4923564897338741
826,95650000000.0,1.4917577689414665
827,95675000000.0,1.4911588891583314
828,95700000000.0,1.4905598535800455
829,95725000000.0,1.4899606677207848
830,95750000000.0,1.4893613341592995
831,95775000000.0,1.4887618580820319
832,95800000000.0,1.4881622423267828
833,95825000000.0,1.4875624919844217
834,95850000000.0,1.4869626102942406
835,95875000000.0,1.486362602037229
836,95900000000.0,1.4857624707467898
837,95925000000.0,1.485162219966591
838,95950000000.0,1.4845618555727171
839,95975000000.0,1.4839613801813143
840,96000000000.0,1.4833607981661052
841,96025000000.0,1.4827601137363497
842,96050000000.0,1.482159331224807
843,96075000000.0,1.481558454079559
844,96100000000.0,1.4809574872357092
845,96125000000.0,1.4803564348055518
846,96150000000.0,1.4797553003567472
847,96175000000.0,1.4791540884168601
848,96200000000.0,1.478552803540175
849,96225000000.0,1.4779514482866818
850,96250000000.0,1.477350029215629
851,96275000000.0,1.4767485491163121
852,96300000000.0,1.4761470124113198
853,96325000000.0,1.4755454228400113
854,96350000000.0,1.4749437857727292
855,96375000000.0,1.474342104086804
856,96400000000.0,1.4737403829838631
857,96425000000.0,1.47313862677093
858,96450000000.0,1.4725368399093293
859,96475000000.0,1.4719350251870436
860,96500000000.0,1.4713331885116208
861,96525000000.0,1.4707313330837488
862,96550000000.0,1.4701294640098275
863,96575000000.0,1.4695275850069245
864,96600000000.0,1.4689257003883134
865,96625000000.0,1.4683238152040639
866,96650000000.0,1.467721933063463
867,96675000000.0,1.4671200586887863
868,96700000000.0,1.4665181960437792
869,96725000000.0,1.4659163495164282
870,96750000000.0,1.465314523640511
871,96775000000.0,1.4647127231296952
872,96800000000.0,1.4641109514542254
873,96825000000.0,1.463509214086076
874,96850000000.0,1.4629075146512789
875,96875000000.0,1.4623058577833958
876,96900000000.0,1.4617042478455038
877,96925000000.0,1.4611026887163616
878,96950000000.0,1.4605011858060242
879,96975000000.0,1.4598997431974723
880,97000000000.0,1.4592983650827123
881,97025000000.0,1.4586970561214225
882,97050000000.0,1.4580958207826644
883,97075000000.0,1.4574946634326094
884,97100000000.0,1.4568935881760836
885,97125000000.0,1.4562925999726757
886,97150000000.0,1.4556917028977527
887,97175000000.0,1.4550909021943943
888,97200000000.0,1.4544902015005434
889,97225000000.0,1.4538896053474843
890,97250000000.0,1.4532891189766608
891,97275000000.0,1.452688746125176
892,97300000000.0,1.4520884922165123
893,97325000000.0,1.4514883606999809
894,97350000000.0,1.4508883567343915
895,97375000000.0,1.4502884844482267
896,97400000000.0,1.449688748301213
897,97425000000.0,1.4490891542584612
898,97450000000.0,1.448489705451437
899,97475000000.0,1.447890406203932
900,97500000000.0,1.4472912617186722
901,97525000000.0,1.4466922766787542
902,97550000000.0,1.446093456032092
903,97575000000.0,1.445494802965905
904,97600000000.0,1.444896322923189
905,97625000000.0,1.444298020804491
906,97650000000.0,1.4436999011960334
907,97675000000.0,1.4431019678518675
908,97700000000.0,1.442504225772101
909,97725000000.0,1.441906679989046
910,97750000000.0,1.4413093352063127
911,97775000000.0,1.4407121953055764
912,97800000000.0,1.4401152653584592
913,97825000000.0,1.4395185498755498
914,97850000000.0,1.4389220536482994
915,97875000000.0,1.4383257810257002
916,97900000000.0,1.4377297368762394
917,97925000000.0,1.4371339260166676
918,97950000000.0,1.4365383526096305
919,97975000000.0,1.435943022063379
920,98000000000.0,1.4353479386178356
921,98025000000.0,1.4347531069008954
922,98050000000.0,1.4341585313835294
923,98075000000.0,1.4335642169439
924,98100000000.0,1.4329701688469256
925,98125000000.0,1.432376391087736
926,98150000000.0,1.4317828885236643
927,98175000000.0,1.4311896654958773
928,98200000000.0,1.430596727227689
929,98225000000.0,1.4300040782912888
930,98250000000.0,1.429411723509821
931,98275000000.0,1.428819667684407
932,98300000000.0,1.4282279151184893
933,98325000000.0,1.4276364706790787
934,98350000000.0,1.427045338903086
935,98375000000.0,1.4264545256787455
936,98400000000.0,1.4258640336191208
937,98425000000.0,1.4252738701197398
938,98450000000.0,1.424684037472574
939,98475000000.0,1.4240945415468516
940,98500000000.0,1.4235053867023888
941,98525000000.0,1.42291657921334
942,98550000000.0,1.4223281215317034
943,98575000000.0,1.4217400193458323
944,98600000000.0,1.4211522779756716
945,98625000000.0,1.420564901921261
946,98650000000.0,1.4199778954094822
947,98675000000.0,1.4193912637184463
948,98700000000.0,1.4188050115823179
949,98725000000.0,1.4182191436616813
950,98750000000.0,1.4176336644932988
951,98775000000.0,1.417048579247877
952,98800000000.0,1.4164638927627313
953,98825000000.0,1.4158796094999926
954,98850000000.0,1.4152957341691486
955,98875000000.0,1.4147122721388767
956,98900000000.0,1.4141292277516568
957,98925000000.0,1.413546605845872
958,98950000000.0,1.4129644110574544
959,98975000000.0,1.4123826485435593
960,99000000000.0,1.4118013226787274
961,99025000000.0,1.4112204389575924
962,99050000000.0,1.4106400015720726
963,99075000000.0,1.4100600152710248
964,99100000000.0,1.4094804858415568
965,99125000000.0,1.4089014168576122
966,99150000000.0,1.408322813465228
967,99175000000.0,1.4077446803154443
968,99200000000.0,1.4071670234872802
969,99225000000.0,1.406589846774477
970,99250000000.0,1.4060131540204561
971,99275000000.0,1.4054369515803569
972,99300000000.0,1.404861244168631
973,99325000000.0,1.4042860355435693
974,99350000000.0,1.4037113315285792
975,99375000000.0,1.4031371368865437
976,99400000000.0,1.4025634556397888
977,99425000000.0,1.4019902927692265
978,99450000000.0,1.4014176543552748
979,99475000000.0,1.400845543730984
980,99500000000.0,1.4002739666700592
981,99525000000.0,1.3997029272986996
982,99550000000.0,1.3991324310455284
983,99575000000.0,1.3985624823067024
984,99600000000.0,1.397993086379049
985,99625000000.0,1.3974242473480267
986,99650000000.0,1.3968559708523591
987,99675000000.0,1.396288260853212
988,99700000000.0,1.3957211223914694
989,99725000000.0,1.3951545608279547
990,99750000000.0,1.3945885810666516
991,99775000000.0,1.3940231869945672
992,99800000000.0,1.3934583841462174
993,99825000000.0,1.3928941772236134
994,99850000000.0,1.3923305710501823
995,99875000000.0,1.3917675706620423
996,99900000000.0,1.3912051802701222
997,99925000000.0,1.3906434049871574
998,99950000000.0,1.3900822501220815
999,99975000000.0,1.3895217192104943
1000,100000000000.0,1.3889618188574313
1001,100025000000.0,1.3884025525753156
1002,100050000000.0,1.3878439253264727
1003,100075000000.0,1.3872859425173454
1004,100100000000.0,1.386728608303771
1005,100125000000.0,1.386171928114605
1006,100150000000.0,1.3856159058172062
1007,100175000000.0,1.3850605474140378
1008,100200000000.0,1.3845058565874535
1009,100225000000.0,1.383951838831169
1010,100250000000.0,1.383398498943167
1011,100275000000.0,1.3828458415013316
1012,100300000000.0,1.3822938713950383
1013,100325000000.0,1.3817425937143735
1014,100350000000.0,1.3811920125935855
1015,100375000000.0,1.3806421327586462
1016,100400000000.0,1.3800929600527188
1017,100425000000.0,1.3795444981409342
1018,100450000000.0,1.3789967524666062
1019,100475000000.0,1.3784497284735475
1020,100500000000.0,1.3779034286541283
1021,100525000000.0,1.3773578600103742
1022,100550000000.0,1.3768130262876987
1023,100575000000.0,1.3762689325075104
1024,100600000000.0,1.3757255840339153
1025,100625000000.0,1.3751829845806571
1026,100650000000.0,1.3746411392424842
1027,100675000000.0,1.3741000528327099
1028,100700000000.0,1.3735597305892802
1029,100725000000.0,1.3730201766717305
1030,100750000000.0,1.3724813961422737
1031,100775000000.0,1.3719433937414167
1032,100800000000.0,1.3714061740259995
1033,100825000000.0,1.3708697416148676
1034,100850000000.0,1.3703341017429722
1035,100875000000.0,1.3697992585345133
1036,100900000000.0,1.3692652175052498
1037,100925000000.0,1.3687319830322309
1038,100950000000.0,1.3681995591874387
1039,100975000000.0,1.36766795112959
1040,101000000000.0,1.3671371644890107
1041,101025000000.0,1.366607202693976
1042,101050000000.0,1.3660780709012084
1043,101075000000.0,1.365549773649892
1044,101100000000.0,1.365022316257088
1045,101125000000.0,1.3644957028900935
1046,101150000000.0,1.3639699385053619
1047,101175000000.0,1.3634450271853444
1048,101200000000.0,1.3629209745997146
1049,101225000000.0,1.3623977847048527
1050,101250000000.0,1.3618754622780718
1051,101275000000.0,1.361354012064605
1052,101300000000.0,1.3608334386809973
1053,101325000000.0,1.3603137469055262
1054,101350000000.0,1.3597949418120994
1055,101375000000.0,1.3592770265674954
1056,101400000000.0,1.3587600078181519
1057,101425000000.0,1.3582438889034365
1058,101450000000.0,1.3577286748874424
1059,101475000000.0,1.3572143703146817
1060,101500000000.0,1.3567009794480136
1061,101525000000.0,1.3561885071359991
1062,101550000000.0,1.3556769584744786
1063,101575000000.0,1.3551663374829501
1064,101600000000.0,1.3546566493341843
1065,101625000000.0,1.3541478979765809
1066,101650000000.0,1.353640088381383
1067,101675000000.0,1.3531332249319599
1068,101700000000.0,1.3526273125542874
1069,101725000000.0,1.3521223554645754
1070,101750000000.0,1.351618358526318
1071,101775000000.0,1.3511153257291433
1072,101800000000.0,1.3506132624584735
1073,101825000000.0,1.3501121731081196
1074,101850000000.0,1.349612060822949
1075,101875000000.0,1.3491129318318396
1076,101900000000.0,1.348614790264807
1077,101925000000.0,1.3481176408341826
1078,101950000000.0,1.3476214870481762
1079,101975000000.0,1.3471263342802062
1080,102000000000.0,1.3466321871343967
1081,102025000000.0,1.3461390496340437
1082,102050000000.0,1.3456469265543503
1083,102075000000.0,1.3451558223725348
1084,102100000000.0,1.3446657410427671
1085,102125000000.0,1.3441766880248607
1086,102150000000.0,1.3436886662043916
1087,102175000000.0,1.3432016821058332
1088,102200000000.0,1.3427157387699875
1089,102225000000.0,1.3422308410023662
1090,102250000000.0,1.3417469932897006
1091,102275000000.0,1.3412642003361994
1092,102300000000.0,1.3407824664474948
1093,102325000000.0,1.3403017949965887
1094,102350000000.0,1.33982219146281
1095,102375000000.0,1.3393436599097812
1096,102400000000.0,1.3388662048185884
1097,102425000000.0,1.3383898309836455
1098,102450000000.0,1.3379145422253662
1099,102475000000.0,1.3374403427251105
1100,102500000000.0,1.3369672373256964
1101,102525000000.0,1.33649523086829
1102,102550000000.0,1.3360243258720403
1103,102575000000.0,1.3355545283454435
1104,102600000000.0,1.3350858421333165
1105,102625000000.0,1.3346182721860893
1106,102650000000.0,1.334151821941629
1107,102675000000.0,1.333686495679172
1108,102700000000.0,1.3332222973365577
1109,102725000000.0,1.332759232695187
1110,102750000000.0,1.332297304849106
1111,102775000000.0,1.3318365186982182
1112,102800000000.0,1.3313768771647614
1113,102825000000.0,1.3309183864259884
1114,102850000000.0,1.3304610497758593
1115,102875000000.0,1.3300048711773025
1116,102900000000.0,1.3295498555321432
1117,102925000000.0,1.32909600628902
1118,102950000000.0,1.3286433282604129
1119,102975000000.0,1.3281918250654288
1120,103000000000.0,1.3277415012652347
1121,103025000000.0,1.3272923612273078
1122,103050000000.0,1.3268444089446179
1123,103075000000.0,1.3263976490342544
1124,103100000000.0,1.32595208466606
1125,103125000000.0,1.3255077200365262
1126,103150000000.0,1.3250645601738305
1127,103175000000.0,1.3246226087308153
1128,103200000000.0,1.3241818701989077
1129,103225000000.0,1.3237423477315335
1130,103250000000.0,1.3233040466175756
1131,103275000000.0,1.322866970188289
1132,103300000000.0,1.322431121268856
1133,103325000000.0,1.3219965073191795
1134,103350000000.0,1.3215631293482584
1135,103375000000.0,1.3211309929037884
1136,103400000000.0,1.320700101114466
1137,103425000000.0,1.320270458478258
1138,103450000000.0,1.3198420693899098
1139,103475000000.0,1.3194149369965917
1140,103500000000.0,1.318989066583157
1141,103525000000.0,1.3185644596621044
1142,103550000000.0,1.3181411228090245
1143,103575000000.0,1.3177190591730226
1144,103600000000.0,1.3172982730696272
1145,103625000000.0,1.3168787668042854
1146,103650000000.0,1.3164605457098257
1147,103675000000.0,1.3160436134548779
1148,103700000000.0,1.3156279734121978
1149,103725000000.0,1.3152136305195643
1150,103750000000.0,1.3148005885316842
1151,103775000000.0,1.3143888506684909
1152,103800000000.0,1.313978420178642
1153,103825000000.0,1.313569302711034
1154,103850000000.0,1.313161500294033
1155,103875000000.0,1.312755018443861
1156,103900000000.0,1.3123498600773222
1157,103925000000.0,1.3119460290199099
1158,103950000000.0,1.3115435291642146
1159,103975000000.0,1.3111423642609579
1160,104000000000.0,1.3107425381429787
1161,104025000000.0,1.3103440539124946
1162,104050000000.0,1.3099469163970228
1163,104075000000.0,1.3095511288101926
1164,104100000000.0,1.309156694912767
1165,104125000000.0,1.308763618732511
1166,104150000000.0,1.308371903589982
1167,104175000000.0,1.3079815533377463
1168,104200000000.0,1.3075925715057293
1169,104225000000.0,1.307204961651337
1170,104250000000.0,1.3068187278841479
1171,104275000000.0,1.3064338738411125
1172,104300000000.0,1.3060504022561532
1173,104325000000.0,1.3056683184177948
1174,104350000000.0,1.305287624297807
1175,104375000000.0,1.3049083241705195
1176,104400000000.0,1.3045304218337432
1177,104425000000.0,1.3041539204821269
1178,104450000000.0,1.3037788239408288
1179,104475000000.0,1.3034051355353264
1180,104500000000.0,1.3030328589291964
1181,104525000000.0,1.3026619979612004
1182,104550000000.0,1.3022925550581435
1183,104575000000.0,1.301924535316144
1184,104600000000.0,1.3015579410604692
1185,104625000000.0,1.3011927754349784
1186,104650000000.0,1.3008290427912874
1187,104675000000.0,1.3004667473225278
1188,104700000000.0,1.300105890429855
1189,104725000000.0,1.2997464770092286
1190,104750000000.0,1.2993885098380413
1191,104775000000.0,1.2990319928131617
1192,104800000000.0,1.2986769284566626
1193,104825000000.0,1.2983233219723596
1194,104850000000.0,1.297971174780618
1195,104875000000.0,1.2976204904850652
1196,104900000000.0,1.2972712729283666
1197,104925000000.0,1.296923525498491
1198,104950000000.0,1.2965772519138448
1199,104975000000.0,1.2962324540390695
1200,105000000000.0,1.2958891364855671
1201,105025000000.0,1.2955473016089099
1202,105050000000.0,1.2952069535820336
1203,105075000000.0,1.2948680949093863
1204,105100000000.0,1.2945307291567025
1205,105125000000.0,1.2941948590137622
1206,105150000000.0,1.293860488590149
1207,105175000000.0,1.2935276205056856
1208,105200000000.0,1.2931962582458607
1209,105225000000.0,1.2928664046765477
1210,105250000000.0,1.292538062442403
1211,105275000000.0,1.2922112359739972
1212,105300000000.0,1.2918859272068197
1213,105325000000.0,1.2915621400414095
1214,105350000000.0,1.2912398769662101
1215,105375000000.0,1.290919141850984
1216,105400000000.0,1.2905999361038618
1217,105425000000.0,1.2902822645113585
1218,105450000000.0,1.2899661292470301
1219,105475000000.0,1.289651533737063
1220,105500000000.0,1.289338481595477
1221,105525000000.0,1.289026973733793
1222,105550000000.0,1.2887170148039873
1223,105575000000.0,1.2884086075786512
1224,105600000000.0,1.288101754489501
1225,105625000000.0,1.287796459205467
1226,105650000000.0,1.2874927239163965
1227,105675000000.0,1.2871905525675607
1228,105700000000.0,1.2868899463312296
1229,105725000000.0,1.286590909483851
1230,105750000000.0,1.2862934448525347
1231,105775000000.0,1.285997554147038
1232,105800000000.0,1.2857032415074985
1233,105825000000.0,1.2854105089741885
1234,105850000000.0,1.2851193597007666
1235,105875000000.0,1.2848297962268078
1236,105900000000.0,1.2845418219925646
1237,105925000000.0,1.2842554382026767
1238,105950000000.0,1.2839706491439655
1239,105975000000.0,1.2836874573673633
1240,106000000000.0,1.2834058646793038
1241,106025000000.0,1.2831258744169503
1242,106050000000.0,1.2828474895812403
1243,106075000000.0,1.2825707122010153
1244,106100000000.0,1.2822955449559732
1245,106125000000.0,1.2820219907614652
1246,106150000000.0,1.2817500527896435
1247,106175000000.0,1.281479732422006
1248,106200000000.0,1.2812110331499245
1249,106225000000.0,1.2809439570779098
1250,106250000000.0,1.2806785073554152
1251,106275000000.0,1.2804146856488134
1252,106300000000.0,1.280152494870394
1253,106325000000.0,1.2798919383449106
1254,106350000000.0,1.27963301758518
1255,106375000000.0,1.2793757348514765
1256,106400000000.0,1.2791200935391416
1257,106425000000.0,1.2788660963656309
1258,106450000000.0,1.2786137448216068
1259,106475000000.0,1.2783630407983861
1260,106500000000.0,1.2781139879110612
1261,106525000000.0,1.2778665884697065
1262,106550000000.0,1.277620843937688
1263,106575000000.0,1.2773767585027533
1264,106600000000.0,1.2771343323508686
1265,106625000000.0,1.2768935684793232
1266,106650000000.0,1.2766544697193307
1267,106675000000.0,1.2764170392461367
1268,106700000000.0,1.2761812768801681
1269,106725000000.0,1.275947186830969
1270,106750000000.0,1.2757147707456271
1271,106775000000.0,1.2754840308496516
1272,106800000000.0,1.275254969106029
1273,106825000000.0,1.275027588692876
1274,106850000000.0,1.2748018904677763
1275,106875000000.0,1.274577877316963
1276,106900000000.0,1.2743555518097904
1277,106925000000.0,1.2741349152437789
1278,106950000000.0,1.2739159701407712
1279,106975000000.0,1.2736987183629966
1280,107000000000.0,1.2734831622155105
1281,107025000000.0,1.2732693046654582
1282,107050000000.0,1.273057146809971
1283,107075000000.0,1.2728466901975224
1284,107100000000.0,1.2726379367539233
1285,107125000000.0,1.2724308900868389
1286,107150000000.0,1.2722255512855167
1287,107175000000.0,1.2720219219214859
1288,107200000000.0,1.271820004560795
1289,107225000000.0,1.2716198008038344
1290,107250000000.0,1.2714213129848309
1291,107275000000.0,1.2712245427757636
1292,107300000000.0,1.2710294920835623
1293,107325000000.0,1.2708361625802902
1294,107350000000.0,1.2706445564036668
1295,107375000000.0,1.2704546752138186
1296,107400000000.0,1.270266521037359
1297,107425000000.0,1.2700800959179683
1298,107450000000.0,1.2698954004986962
1299,107475000000.0,1.2697124383708427
1300,107500000000.0,1.2695312094797517
1301,107525000000.0,1.2693517168426185
1302,107550000000.0,1.2691739616060225
1303,107575000000.0,1.268997945588015
1304,107600000000.0,1.2688236708164127
1305,107625000000.0,1.2686511384813814
1306,107650000000.0,1.268480350681359
1307,107675000000.0,1.268311309010071
1308,107700000000.0,1.2681440145785734
1309,107725000000.0,1.2679784694247214
1310,107750000000.0,1.2678146753104411
1311,107775000000.0,1.2676526336126757
1312,107800000000.0,1.2674923456166696
1313,107825000000.0,1.2673338126745084
1314,107850000000.0,1.267177037246372
1315,107875000000.0,1.2670220209072587
1316,107900000000.0,1.2668687644132128
1317,107925000000.0,1.266717269694791
1318,107950000000.0,1.2665675367976819
1319,107975000000.0,1.2664195694795761
1320,108000000000.0,1.2662733674040347
1321,108025000000.0,1.2661289329004544
1322,108050000000.0,1.2659862672276272
1323,108075000000.0,1.2658453717211753
1324,108100000000.0,1.2657062469721159
1325,108125000000.0,1.2655688959359677
1326,108150000000.0,1.265433318803319
1327,108175000000.0,1.265299516610081
1328,108200000000.0,1.2651674914236357
1329,108225000000.0,1.2650372438721835
1330,108250000000.0,1.264908776301069
1331,108275000000.0,1.264782088669605
1332,108300000000.0,1.2646571830300182
1333,108325000000.0,1.2645340603461175
1334,108350000000.0,1.2644127217316106
1335,108375000000.0,1.2642931676971816
1336,108400000000.0,1.264175401205053
1337,108425000000.0,1.264059421878019
1338,108450000000.0,1.2639452315259982
1339,108475000000.0,1.2638328304495132
1340,108500000000.0,1.2637222208417054
1341,108525000000.0,1.2636134026470862
1342,108550000000.0,1.2635063782704516
1343,108575000000.0,1.263401147139891
1344,108600000000.0,1.2632977113842294
1345,108625000000.0,1.2631960720523836
1346,108650000000.0,1.2630962291298469
1347,108675000000.0,1.2629981844762774
1348,108700000000.0,1.2629019389626426
1349,108725000000.0,1.2628074934203597
1350,108750000000.0,1.2627148488938602
1351,108775000000.0,1.2626240056504119
1352,108800000000.0,1.2625349650563207
1353,108825000000.0,1.262447728066405
1354,108850000000.0,1.2623622960755045
1355,108875000000.0,1.2622786679548512
1356,108900000000.0,1.2621968466864635
1357,108925000000.0,1.262116832034884
1358,108950000000.0,1.262038624260344
1359,108975000000.0,1.2619622252841498
1360,109000000000.0,1.261887635290168
1361,109025000000.0,1.261814855419392
1362,109050000000.0,1.2617438851281635
1363,109075000000.0,1.26167472683491
1364,109100000000.0,1.2616073800593623
1365,109125000000.0,1.2615418455610221
1366,109150000000.0,1.2614781242909479
1367,109175000000.0,1.2614162163844889
1368,109200000000.0,1.261356123192824
1369,109225000000.0,1.261297844893796
1370,109250000000.0,1.2612413817276744
1371,109275000000.0,1.2611867343905625
1372,109300000000.0,1.2611339043008682
1373,109325000000.0,1.2610828915069237
1374,109350000000.0,1.2610336950644565
1375,109375000000.0,1.2609863176437262
1376,109400000000.0,1.2609407577465748
1377,109425000000.0,1.2608970172583023
1378,109450000000.0,1.2608550962031038
1379,109475000000.0,1.2608149950502527
1380,109500000000.0,1.2607767137113919
1381,109525000000.0,1.260740252797334
1382,109550000000.0,1.2607056125876326
1383,109575000000.0,1.2606727942951015
1384,109600000000.0,1.2606417972377002
1385,109625000000.0,1.2606126223434024
1386,109650000000.0,1.2605852683184757
1387,109675000000.0,1.2605597379456517
1388,109700000000.0,1.260536029583526
1389,109725000000.0,1.2605141436879161
1390,109750000000.0,1.2604940811895577
1391,109775000000.0,1.260475842676333
1392,109800000000.0,1.2604594265423044
1393,109825000000.0,1.2604448340307888
1394,109850000000.0,1.2604320655116428
1395,109875000000.0,1.2604211209381235
1396,109900000000.0,1.2604120000161267
1397,109925000000.0,1.260404703372839
1398,109950000000.0,1.2603992304040492
1399,109975000000.0,1.2603955818064148
1400,110000000000.0,1.2603937581265123
