delta4.npy
[0.047979797979797977, 0.04696969696969697, 0.04393939393939394, 0.044444444444444446, 0.044444444444444446, 0.045454545454545456, 0.04494949494949495, 0.04393939393939394, 0.043434343434343436, 0.043434343434343436, 0.04393939393939394, 0.04494949494949495, 0.045454545454545456, 0.045454545454545456, 0.045454545454545456, 0.045454545454545456, 0.04595959595959596, 0.04595959595959596, 0.04595959595959596, 0.04595959595959596, 0.045454545454545456, 0.04494949494949495, 0.04494949494949495, 0.044444444444444446, 0.043434343434343436, 0.04242424242424243, 0.04141414141414142, 0.04090909090909091, 0.04292929292929293]
[1.5415361710407263, 1.539692696245043, 1.5368169200824728, 1.5298499965737675, 1.5210349407140396, 1.513000595724845, 1.498594651638244, 1.4816397576594948, 1.4653982063460531, 1.4422774681490498, 1.4204468436708677, 1.390259656120537, 1.3629254790171093, 1.3370866145943634, 1.3073011542299675, 1.271714615097611, 1.23702612341582, 1.2076208728864315, 1.1747848759106394, 1.14168046643044, 1.1158582737349005, 1.0948601213118263, 1.06083872740461, 1.0403068642648872, 1.0214904640849574, 1.0145065847960542, 1.004450392472833, 0.9938752819388684, 0.9859291978701028]

delta5.7.npy:
[0.028571428571428574, 0.025, 0.01785714285714286, 0.014285714285714287, 0.010714285714285714, 0.03571428571428572, 0.03571428571428572, 0.03571428571428572, 0.03571428571428572, 0.03571428571428572, 0.03928571428571429, 0.03928571428571429, 0.03928571428571429, 0.03928571428571429, 0.04285714285714286, 0.04285714285714286, 0.04285714285714286, 0.04285714285714286, 0.04285714285714286, 0.04285714285714286, 0.04285714285714286, 0.04285714285714286, 0.04285714285714286, 0.04285714285714286, 0.03928571428571429, 0.03928571428571429, 0.03928571428571429, 0.03928571428571429, 0.03928571428571429]
[1.6073453163260283, 1.6072532333395955, 1.6036111203495906, 1.5972691883588581, 1.5901014326254053, 1.5790335349843638, 1.5692636037253882, 1.5535474653711843, 1.5400555409000363, 1.5251575262825234, 1.4786331664030783, 1.466717451424793, 1.452189842781403, 1.4326472312212608, 1.3529645888570498, 1.320606080867605, 1.2986219218299453, 1.272297319490062, 1.2427008678592681, 1.2127433728883221, 1.1778451172860334, 1.1465568920316316, 1.1145129171450456, 1.0822876992047916, 1.1312694428540462, 1.0996979840076448, 1.0637795296646821, 1.0401213362943802, 1.0895488038028485]

delta6.npy:
[0.02727272727272727, 0.026262626262626262, 0.023232323232323233, 0.023232323232323233, 0.02878787878787879, 0.011616161616161616, 0.006060606060606061, 0.03434343434343434, 0.03484848484848485, 0.03585858585858586, 0.03686868686868687, 0.03838383838383838, 0.03939393939393939, 0.0398989898989899, 0.0404040404040404, 0.0404040404040404, 0.04090909090909091, 0.04141414141414142, 0.04141414141414142, 0.04191919191919192, 0.04141414141414142, 0.04141414141414142, 0.04141414141414142, 0.04090909090909091, 0.0398989898989899, 0.03939393939393939, 0.03838383838383838, 0.03787878787878788, 0.03939393939393939]
[1.6075298030895588, 1.6075268236188074, 1.6075295364158786, 1.6075313120786878, 1.6012569940636658, 1.5908927360250276, 1.5788485844456275, 1.562459254973141, 1.5466246536797377, 1.5238828026725282, 1.5044415973850682, 1.477328347351642, 1.450800404371187, 1.4240787908730743, 1.3927157568671478, 1.3634050749309452, 1.3346178055648132, 1.300601899941606, 1.2725289607761527, 1.2332292829990197, 1.210768706036515, 1.1809088880272942, 1.1502673080806811, 1.1321379516390604, 1.115585040390933, 1.0968415087009153, 1.0882518862441863, 1.0791685244378313, 1.0865691912789412]

delta7.npy
[0.02727272727272727, 0.026262626262626262, 0.023232323232323233, 0.023232323232323233, 0.022727272727272728, 0.022727272727272728, 0.021212121212121213, 0.014141414141414142, 0.027777777777777776, 0.0297979797979798, 0.03232323232323232, 0.03383838383838384, 0.03535353535353535, 0.03636363636363636, 0.03737373737373737, 0.03737373737373737, 0.03838383838383838, 0.03888888888888889, 0.03939393939393939, 0.03939393939393939, 0.03939393939393939, 0.03939393939393939, 0.03939393939393939, 0.03888888888888889, 0.03787878787878788, 0.03737373737373737, 0.03636363636363636, 0.03585858585858586, 0.03787878787878788]
[1.6075298030895588, 1.6075268236188074, 1.6075295364158786, 1.6075313120786878, 1.607524607262767, 1.6075246774203267, 1.6075313169092573, 1.6040235196403956, 1.5870851189723094, 1.5685547897994543, 1.5448100788708878, 1.5242164715243116, 1.4983317756213335, 1.4705903042171464, 1.4371602834726718, 1.4115757733427918, 1.3780682108813884, 1.3472874855265264, 1.3123097779182558, 1.2859349682438088, 1.2549245879730975, 1.2270940914524646, 1.1984549688340234, 1.18171823666171, 1.1664757578899863, 1.1491234867584739, 1.1414941831250682, 1.1333922424852065, 1.127684343624727]

delta9.64.npy
[0.027474747474747475, 0.026262626262626262, 0.023434343434343433, 0.023434343434343433, 0.022626262626262626, 0.02303030303030303, 0.021414141414141413, 0.01898989898989899, 0.017373737373737375, 0.01575757575757576, 0.014949494949494949, 0.014545454545454545, 0.013737373737373737, 0.02101010101010101, 0.025050505050505052, 0.02707070707070707, 0.02909090909090909, 0.030303030303030304, 0.03111111111111111, 0.03191919191919192, 0.03232323232323232, 0.03272727272727273, 0.03272727272727273, 0.03272727272727273, 0.03232323232323232, 0.03191919191919192, 0.03111111111111111, 0.030707070707070707, 0.03272727272727273]
[1.6075304195213733, 1.6075268236188074, 1.607530465733405, 1.6075272999007564, 1.6075295449003675, 1.6075301521935046, 1.6075267873019756, 1.6075310441242725, 1.6075313801471087, 1.6075304433702038, 1.6075279870078358, 1.6075283360515233, 1.6075277643080617, 1.5919822255734377, 1.5635557942477412, 1.5350386922513712, 1.5052790974310566, 1.4773837808250863, 1.4496834855252878, 1.4194369576419303, 1.3901396282945568, 1.3621857822288657, 1.3402776446882452, 1.317968994375404, 1.2939443374930049, 1.2782051498188192, 1.2684862338078693, 1.2604852187956388, 1.2568571984305652]
