/home/alex/Desktop/Projects/SimsV3/venv/bin/python /home/alex/Desktop/Projects/SimsV3/Simple_ManyWP_reproducability_test1.py
basinhopping step 0: f 1.88991e-05
[0.99781286 4.00621339 1.91405259 1.55514461 4.42481277 4.56952731
 1.88068928 4.14532304 0.3944219  3.21802799 3.25391737 3.57200782
 7.00663871 0.06763989 2.80182296 3.36025271 6.71495383 0.32424359
 1.28506563 3.89798203] 1.889914194314196e-05 True
basinhopping step 1: f 1.71674e-05 trial_f 1.71674e-05 accepted 1  lowest_f 1.71674e-05
found new global minimum on step 1 with function value 1.71674e-05
[1.4837695  4.50487971 1.68669194 0.87581341 3.62227257 4.48902875
 1.36024181 4.4794826  0.69742293 3.14417447 2.96025468 2.89207027
 6.59214751 0.11946889 2.69622276 3.8456841  7.07162874 0.884152
 0.60200504 3.48284832] 1.716735618902818e-05 True
basinhopping step 2: f 4.17036e-05 trial_f 4.17036e-05 accepted 1  lowest_f 1.71674e-05
[0.9232574  4.86872997 1.24551899 2.01823164 3.93098211 4.25474524
 1.07598173 3.84223327 1.13542424 3.40932273 2.56843217 2.88703025
 5.72417802 0.4186555  3.24176507 3.80317583 6.68546519 0.42033594
 0.17180351 4.14613742] 4.1703571093701955e-05 True
basinhopping step 3: f 1.60573e-05 trial_f 1.60573e-05 accepted 1  lowest_f 1.60573e-05
found new global minimum on step 3 with function value 1.60573e-05
[ 5.67636686e-01  4.31081354e+00  3.10214796e-01  1.83636903e-03
  3.43630466e+00  3.93963684e+00  5.91114759e-01  2.99160974e+00
 -1.39780448e-01  2.75087049e+00  3.19170345e+00  3.07065505e+00
  7.36507411e+00  1.17220203e+00  4.53338607e+00  4.03251156e+00
  7.18808364e+00  1.60126105e+00  1.24899190e+00  4.54894120e+00] 1.6057322060922905e-05 True
basinhopping step 4: f 1.76408e-05 trial_f 1.76408e-05 accepted 1  lowest_f 1.60573e-05
[ 1.16226902  4.30652677  0.60428888 -0.18410285  3.00125845  3.86088415
  0.12906596  3.38877186  0.76106389  3.26222066  3.07990171  3.15888529
  6.89772012  0.41456225  3.61096284  2.60522778  5.53579731  2.82704733
  2.13792847  5.09711033] 1.764077018508819e-05 True
basinhopping step 5: f 1.71165e-05 trial_f 1.71165e-05 accepted 1  lowest_f 1.60573e-05
[ 0.99792069  3.52998735  0.42602887  0.70134382  3.23193153  3.64535934
  0.11758675  3.89375056  1.42179173  3.67970515  3.21954651  3.05447123
  5.8426573  -0.04652211  3.43049223  2.80462093  5.58459846  2.65587352
  1.7157861   4.56644931] 1.7116458211802665e-05 True
basinhopping step 6: f 1.59605e-05 trial_f 1.59605e-05 accepted 1  lowest_f 1.59605e-05
found new global minimum on step 6 with function value 1.59605e-05
[ 1.43031996  3.56616057  0.67861794  0.63685234  4.06637911  3.84981922
  0.85469174  3.3400261   0.59932992  3.82313629  3.16008834  3.60408473
  6.30249129 -0.31308104  3.21593804  2.57910398  5.39514462  2.10128119
  1.63766228  3.7560636 ] 1.5960498125579098e-05 True
basinhopping step 7: f 1.17638e-05 trial_f 1.17638e-05 accepted 1  lowest_f 1.17638e-05
found new global minimum on step 7 with function value 1.17638e-05
[1.08418539 3.6433763  0.35193916 0.60951082 3.66800808 4.09907303
 0.83854727 3.01925994 0.27002467 3.61238295 3.47889808 3.19035082
 6.0736509  0.02097722 2.88832067 2.06255077 5.69586793 2.16197316
 1.62991731 3.91506086] 1.1763837005023758e-05 True
basinhopping step 8: f 1.70167e-05 trial_f 1.70167e-05 accepted 1  lowest_f 1.17638e-05
[ 0.56004548  3.89665471  0.35045959  1.13512236  4.47824407  4.03089009
  0.73471036  3.21991561 -0.80862069  2.99746056  2.93931331  3.10071043
  5.86203767 -0.76447063  2.94487941 -0.76426173  6.04200176  3.81503233
  0.34666893  3.15508836] 1.701666715923849e-05 True
basinhopping step 9: f 1.90868e-05 trial_f 1.90868e-05 accepted 1  lowest_f 1.17638e-05
[ 1.20327072  4.65695088  1.18947506  1.22677462  3.39854734  2.59771207
  0.20964296  3.33728568  0.2230172   2.96878037  3.63303978  3.6162771
  6.14952104 -0.19245862  2.72087941 -0.97336707  5.68561507  3.41642329
 -0.20219082  2.98265139] 1.9086801281470503e-05 True
basinhopping step 10: f 3.95724e-05 trial_f 3.95724e-05 accepted 1  lowest_f 1.17638e-05
[ 0.96871133  4.34503603  1.06777243  0.82562909  4.85408786  3.67900165
  0.13592387  2.85038356  0.31792102  3.00078821  3.68858029  2.62103148
  6.2320349   0.15985211  2.51729288 -0.72011902  6.22115498  3.61616871
  1.0214171   3.62514398] 3.9572418787492084e-05 True
basinhopping step 11: f 1.69498e-05 trial_f 1.69498e-05 accepted 1  lowest_f 1.17638e-05
[ 0.95751903  4.50040334  1.3412667   1.03298004  4.20657707  3.59740615
 -0.39103914  3.47198553  0.1023916   3.11468014  3.60367009  3.14394218
  6.02499575 -0.43807246  2.40949486  0.25697495  6.63604568  4.19296727
  1.11552752  3.34874183] 1.6949810889483544e-05 True
basinhopping step 12: f 4.24675e-05 trial_f 4.24675e-05 accepted 1  lowest_f 1.17638e-05
[ 0.81119658  4.51946106  1.4629714   0.9986339   3.89603214  3.79695488
 -0.35815177  3.42535498 -0.03628644  3.15182709  3.23787225  3.97201952
  6.00959165 -0.4525037   1.92274089  0.03170897  5.9871449   3.67131176
  0.50638048  4.13559284] 4.2467488357207665e-05 True
basinhopping step 13: f 8.75973e-05 trial_f 8.75973e-05 accepted 1  lowest_f 1.17638e-05
[ 0.80402672  4.1033136   1.17016678  1.60992054  4.10499074  4.54570808
  0.25671687  3.74858903 -0.50296413  2.39408363  3.57568465  3.30431672
  6.51009125 -0.11164931  2.30602112  0.39635537  5.90244568  3.46436628
  0.27016932  3.88338014] 8.759734375148521e-05 True
basinhopping step 14: f 2.42121e-05 trial_f 2.42121e-05 accepted 1  lowest_f 1.17638e-05
[1.22625844 4.55214368 1.73606238 1.77500737 3.71971539 4.13995856
 1.11473738 4.38782108 0.7083333  3.03134041 3.15211316 2.52105835
 5.68896591 0.50527192 0.55916661 0.40998372 6.70077392 3.85625367
 0.28583598 4.02746789] 2.4212098339118957e-05 True
basinhopping step 15: f 3.85829e-05 trial_f 3.85829e-05 accepted 1  lowest_f 1.17638e-05
[ 1.12292026  5.13006182  1.46707055  1.84858882  4.10269153  4.31569319
  0.45032932  2.83490005  0.13014167  3.58149219  3.94915651  3.77427058
  6.46691006 -0.49051845  0.86731092  0.74850874  6.94403315  3.55637929
 -0.01281509  2.89843191] 3.858285739945904e-05 True
basinhopping step 16: f 2.37874e-05 trial_f 2.37874e-05 accepted 1  lowest_f 1.17638e-05
[1.40236553 4.75503256 1.66410395 1.54154623 3.83218426 4.07491301
 0.11612379 2.41054645 0.22543926 3.39809726 4.04790726 3.69856227
 6.5706261  0.22452205 0.96744192 0.72732863 6.30464414 3.73724948
 0.04155004 2.73576419] 2.3787381550417147e-05 True
basinhopping step 17: f 2.81659e-05 trial_f 2.81659e-05 accepted 1  lowest_f 1.17638e-05
[ 1.6340463   4.29320902  1.16420737  1.75373052  4.32537664  3.53532174
  0.65382111  2.64433665 -0.33493475  3.40606197  4.0374663   3.20304596
  6.60038228  0.48593186  0.55659441  0.30437906  6.37144116  3.76898261
 -0.19031686  2.56534066] 2.8165930531633717e-05 True
basinhopping step 18: f 2.64413e-05 trial_f 2.64413e-05 accepted 1  lowest_f 1.17638e-05
[ 1.27012201  4.28244086  1.35906107  1.83206485  4.19335902  3.4042706
  0.23186237  2.96338024  0.00656928  3.80716002  3.38035099  3.12352776
  6.13988451  0.50859327  1.19147404  0.61326719  6.07535935  3.35320241
 -0.4157223   2.81295319] 2.6441326241318726e-05 True
basinhopping step 19: f 2.24693e-05 trial_f 2.24693e-05 accepted 1  lowest_f 1.17638e-05
[ 1.84901999  4.68128812  1.83743262  1.26539829  3.17765244  3.47636829
  0.83584958  3.46235541  0.47004925  4.25906442  3.54888057  3.34430932
  6.24372815 -0.45891851 -0.00783117  0.34173602  6.21369602  3.52649477
 -0.231452    2.77202413] 2.2469332701719894e-05 True
basinhopping step 20: f 3.83998e-05 trial_f 3.83998e-05 accepted 1  lowest_f 1.17638e-05
[ 2.17510758  4.43625963  1.30886622  1.32368955  3.86211485  3.38923006
 -0.03438085  3.82183825  0.52099073  4.54668346  3.58441333  2.87471045
  6.31168764 -0.04685947  0.45182267  0.90093285  6.68553205  3.33757874
 -0.22323092  2.495644  ] 3.839975573390089e-05 True
basinhopping step 21: f 2.12925e-05 trial_f 2.12925e-05 accepted 1  lowest_f 1.17638e-05
[ 1.92970697  4.61758805  1.5355092   1.29294137  3.67810376  3.69231734
 -0.2915863   3.7020948   0.56596619  4.45270348  3.53840579  3.36680471
  6.59958466  0.42260913  0.72039428  0.79037007  6.14569464  3.45129055
 -0.12121647  2.2012467 ] 2.1292487922003187e-05 True
basinhopping step 22: f 8.7495e-05 trial_f 8.7495e-05 accepted 1  lowest_f 1.17638e-05
[ 2.17161722e+00  4.69102553e+00  1.02427586e+00  1.63535232e+00
  3.62310357e+00  4.18871810e+00  4.76819087e-03  3.41812727e+00
  4.44574922e-01  4.45290634e+00  3.36066463e+00  4.16796910e+00
  7.06615304e+00 -3.51925518e-01  4.76097027e-02 -4.10273663e-02
  5.93953407e+00  3.47208971e+00  5.12636565e-01  3.07269605e+00] 8.74950237488077e-05 True
basinhopping step 23: f 3.92493e-05 trial_f 3.92493e-05 accepted 1  lowest_f 1.17638e-05
[ 2.02439781  5.12194146  1.09717186  1.60801143  3.67080649  3.92412834
  0.32212036  3.81245731  0.22293781  4.19572946  4.64917626  4.29216546
  6.11361523  0.52902344  0.11367723 -0.20304818  6.43354478  3.18430946
  0.31543857  3.45964468] 3.924933388350863e-05 True
basinhopping step 24: f 2.64775e-05 trial_f 2.64775e-05 accepted 1  lowest_f 1.17638e-05
[ 1.90260046e+00  5.34282882e+00  1.27238406e+00  1.31225084e+00
  3.69081959e+00  3.84215864e+00  5.23379076e-01  3.47448022e+00
 -5.85696275e-03  4.32773110e+00  4.51849905e+00  3.95405394e+00
  6.69820184e+00  1.40172192e-01 -5.80644107e-01  9.41814515e-02
  6.65473989e+00  2.93517703e+00  3.01910208e-01  3.47430842e+00] 2.6477455960791277e-05 True
basinhopping step 25: f 1.81026e-05 trial_f 1.81026e-05 accepted 1  lowest_f 1.17638e-05
[ 1.30500277  7.29352568  0.762994    0.45391292  3.98643885  6.36658109
  0.05654813  3.98297829  0.01401584  2.39563525  2.38721213  2.87035837
  6.17938286  0.19226354 -0.61334541 -0.26819141  6.33322195  3.04771766
  0.75005817  4.31360898] 1.810263178667335e-05 True
basinhopping step 26: f 2.3122e-05 trial_f 2.3122e-05 accepted 1  lowest_f 1.17638e-05
[ 1.18599652  6.71161107  1.29168801  0.51317564  4.04135722  6.73841361
  0.95235797  3.00276236 -0.77023549  2.8929652   3.00197702  2.97837595
  6.21936808 -0.2286443  -0.77548633 -0.41438963  5.69434939  3.41894268
  0.78493431  3.6330145 ] 2.3122041729840845e-05 True
basinhopping step 27: f 3.91843e-05 trial_f 3.91843e-05 accepted 1  lowest_f 1.17638e-05
[ 0.70280155  6.80174131  1.44888005  1.22410472  4.33136774  6.23763669
  0.49088094  3.2104687   0.18830977  2.69048393  2.8120732   2.48796735
  6.75746495 -0.27792172 -0.50718081 -0.29081595  5.65240817  3.20608899
  0.84708543  3.75480614] 3.918430416335728e-05 True
basinhopping step 28: f 0.000117201 trial_f 0.000117201 accepted 1  lowest_f 1.17638e-05
[ 0.89421604  6.66878065  1.08888981  0.55647976  4.81352573  7.2532173
  1.47770238  3.4452889  -0.08547553  2.68872404  3.88221707 -0.19107822
  5.86250628 -0.25142977 -0.39064159  0.65040635  5.82616868  2.8256601
  0.20187886  3.76064965] 0.00011720142266111548 True
basinhopping step 29: f 1.71292e-05 trial_f 1.71292e-05 accepted 1  lowest_f 1.17638e-05
[ 1.32843158  6.70409001  0.56768948  0.62026405  3.35532002  6.6849621
 -0.09922452  2.26449672 -0.03798626  2.4956734   2.57558318 -0.31613389
  5.41915799 -0.92129081 -0.28405812  0.03228833  5.98320466  2.86810983
  0.62707959  4.29970645] 1.7129188705871287e-05 True
basinhopping step 30: f 2.81983e-05 trial_f 2.81983e-05 accepted 1  lowest_f 1.17638e-05
[ 1.40523114  6.80974338  0.63669011  0.56164294  3.10262989  6.18350546
 -0.44695344  3.22243445  0.61271738  3.2339873   2.6862422  -1.26541681
  5.25201491 -0.38231937 -0.80112488 -0.68420905  5.36061786  3.06115898
  0.34154094  3.23237066] 2.8198267603149414e-05 True
basinhopping step 31: f 3.90484e-05 trial_f 3.90484e-05 accepted 1  lowest_f 1.17638e-05
[ 1.60291759  7.65685148  0.41954431  0.75592861  2.94728036  6.54561091
 -0.0388566   3.40814626 -0.16532959  3.81679654  2.77133007 -1.09484376
  5.27113472  0.00785204 -0.80700831 -0.22423358  6.02431755  2.64439999
 -0.5903998   2.37834975] 3.904839752032917e-05 True
basinhopping step 32: f 1.17638e-05 trial_f 1.17638e-05 accepted 1  lowest_f 1.17638e-05
[ 3.1263368   7.04426349  0.44872359  0.53231612  3.4207994   6.93915462
  0.02798788  2.75416049  0.09927384  3.51363987  3.69564945  0.06803819
  5.42666512 -0.2999636  -0.35508625 -0.71364602  5.62788486  2.13514245
 -1.60327127  0.90853428] 1.1763842316325602e-05 True
basinhopping step 33: f 1.68234e-05 trial_f 1.68234e-05 accepted 1  lowest_f 1.17638e-05
[ 2.76768071  6.53625753  0.99800857  0.37066038  3.81426837  7.19081152
  0.47395746  3.30408446  0.28893112  2.76036077  3.28720862  0.43535174
  6.14076846 -0.29922652 -0.14711862 -0.61641607  5.11473023  2.54005947
 -1.41937689  1.00413338] 1.6823351349471667e-05 True
basinhopping step 34: f 1.17639e-05 trial_f 1.17639e-05 accepted 1  lowest_f 1.17638e-05
[ 2.74127116  5.72599007  0.49102134  0.42030245  3.68594467  7.12313285
  0.89572272  3.35537924  0.53781899  1.16781854  3.81838578  0.04761524
  5.86488573 -0.19812155 -0.0416451   0.20075416  5.83443305  2.65246987
 -0.79186745  1.69993132] 1.1763861676421153e-05 True
basinhopping step 35: f 2.82797e-05 trial_f 2.82797e-05 accepted 1  lowest_f 1.17638e-05
[ 2.72725971  5.50922633  0.01441187  0.70235626  4.11226489  6.53372633
  0.3737231   3.65259304  0.87976594  0.17747662  3.91387882  1.32401203
  6.43483808 -0.06068814 -0.43231773 -0.07244394  6.05060065  2.37596695
 -0.43771295  1.95061535] 2.8279731203287105e-05 True
basinhopping step 36: f 1.92871e-05 trial_f 1.92871e-05 accepted 1  lowest_f 1.17638e-05
[ 3.37975335  6.20205868  0.81033859  0.91949314  4.28742144  6.81437193
  0.2045853   3.46233078  0.54110763 -0.03490173  2.88577698  0.39848682
  6.83263115 -0.4623342  -0.21291133 -0.27785034  5.32666938  2.42955521
 -1.27247256  1.03085545] 1.9287056299815406e-05 True
basinhopping step 37: f 2.7545e-05 trial_f 2.7545e-05 accepted 1  lowest_f 1.17638e-05
[ 2.34115968  6.03491664  0.43482982  0.10216905  3.87517729  6.61543502
  0.47021494  3.56404003  1.66705073  1.08709705  3.36297813  0.16218263
  6.03904161  0.06667156 -0.34416599 -0.33024449  5.90377363  2.4631481
 -0.89869398  1.40098513] 2.7544985122017644e-05 True
basinhopping step 38: f 3.77468e-05 trial_f 3.77468e-05 accepted 1  lowest_f 1.17638e-05
[ 2.77467198  5.98649821  0.59598937  0.44808031  3.7733596   6.91387551
  0.73683259  4.46027505  0.83166632  0.06072577  2.46801101  0.07217345
  6.20608688  0.45941708 -0.14557947 -0.32081281  5.8575066   2.3601681
 -0.66075346  1.3693717 ] 3.7746789643848214e-05 True
basinhopping step 39: f 2.86335e-05 trial_f 2.86335e-05 accepted 1  lowest_f 1.17638e-05
[ 1.63389139  4.8441323   0.86805221  0.51893494  4.01591562  6.75848769
  0.45230679  4.48519904  0.4810285   0.29407723  2.54403741 -0.29249649
  6.37851688  0.37545505 -0.74807801 -0.16676078  6.22776846  3.25089179
  0.61207495  1.04375943] 2.8633536297790016e-05 True
basinhopping step 40: f 1.635e-05 trial_f 1.635e-05 accepted 1  lowest_f 1.17638e-05
[ 1.19949052  4.56641323  1.04926793  0.72038044  3.76986047  6.66138064
 -0.61739141  5.56139441  0.14818715 -0.18437029  3.36320791  0.588017
  6.19323701  0.67452701  0.26304592  0.15250333  5.48058837  2.47737978
 -0.20548281 -0.04042351] 1.635003590959135e-05 True
basinhopping step 41: f 2.97908e-05 trial_f 2.97908e-05 accepted 1  lowest_f 1.17638e-05
[ 0.99543633  4.10488523  1.22553932  1.02638347  3.47148239  6.36298475
 -0.73280955  5.82178478 -0.35604177  0.81872073  3.46556534 -0.34237228
  6.292797    0.12383249 -0.62149984  0.4856365   6.46378554  2.96618751
 -0.46039766 -0.80701236] 2.9790797004814465e-05 True
basinhopping step 42: f 1.58659e-05 trial_f 1.58659e-05 accepted 1  lowest_f 1.17638e-05
[ 1.3193111   4.6285214   1.61374144  0.56499864  3.75132047  6.30079171
 -0.24987099  6.04547752  0.77731499  0.56808341  3.58815364 -0.16665938
  6.18915233  0.16782271 -0.48475998 -0.4028444   5.4382968   2.7556828
  0.31982463 -0.11623585] 1.5865863825542748e-05 True
basinhopping step 43: f 4.11527e-05 trial_f 4.11527e-05 accepted 1  lowest_f 1.17638e-05
[ 1.75315543e+00  4.31051673e+00  1.31567296e+00  3.77916592e-01
  3.87877124e+00  5.91033060e+00  4.09742763e-01  6.26041778e+00
  3.90782776e-02  2.68747100e-01  4.43895343e+00  6.66834529e-01
  6.25780497e+00 -4.62741946e-01  1.04253098e-02 -9.37135657e-01
  5.98484290e+00  3.00620340e+00 -3.31972769e-01 -4.14415753e-03] 4.1152660745216064e-05 True
basinhopping step 44: f 2.57976e-05 trial_f 2.57976e-05 accepted 1  lowest_f 1.17638e-05
[ 1.86874447  4.34441826  1.60826839  1.02124553  3.65151274  5.86418948
  0.41526747  6.68421948  0.4379222   0.40504687  3.94345383  0.0141131
  6.72830837 -0.39831188 -1.13509467 -0.31235381  6.2578234   3.18941404
  0.11867705 -0.14429923] 2.5797638880812573e-05 True
basinhopping step 45: f 1.60463e-05 trial_f 1.60463e-05 accepted 1  lowest_f 1.17638e-05
[ 1.41554321  4.78118675  1.84901506  1.06145094  3.49303489  6.73352515
  0.03920635  6.41769444  0.84698882  0.51596966  3.90292017 -0.10857618
  6.31744149 -0.31647318  0.28048345 -0.17113879  5.32386199  2.93037693
  0.02419383  0.41290876] 1.6046343379875026e-05 True
basinhopping step 46: f 2.88209e-05 trial_f 2.88209e-05 accepted 1  lowest_f 1.17638e-05
[ 1.9195795   5.02519888  0.92976849  0.86585342  3.6401905   6.27967919
  0.81071361  6.95831563  0.99208586 -0.16819711  3.13400556 -0.26530359
  6.17953955 -0.59372276  0.48699989  0.37845443  6.13637949  2.82516782
 -0.63749138  0.06660998] 2.8820888016740594e-05 True
basinhopping step 47: f 2.82365e-05 trial_f 2.82365e-05 accepted 1  lowest_f 1.17638e-05
[ 1.68871703  4.64328029  0.80893859  1.39683059  3.82567472  6.13456743
 -0.24390088  6.64054032  0.69330024  0.24931047  3.70060918  0.70865284
  5.79327013 -0.19729268  0.01824544 -0.16513328  5.72481582  2.56381049
  0.37053616  0.16534609] 2.8236500911778753e-05 True
basinhopping step 48: f 1.17639e-05 trial_f 1.17639e-05 accepted 1  lowest_f 1.17638e-05
[ 2.14055156  4.46881305  1.00162923  0.32151449  3.85594012  6.85152339
 -0.20749993  6.00973627  0.24689379  0.10991384  2.63715647 -0.30652349
  5.53873899 -0.67734394 -0.26457508 -0.35880925  5.70374552  3.12466952
  2.40763287 -1.27221317] 1.1763912417444161e-05 True
basinhopping step 49: f 1.81053e-05 trial_f 1.81053e-05 accepted 1  lowest_f 1.17638e-05
[ 1.65213425  4.40102891  1.66634499  0.47988505  3.31669287  6.36400303
  0.61541233  6.54527893 -0.1051312   0.71342206  3.08206714 -0.53639179
  5.55739442 -0.44868785 -0.00656075  0.02110681  5.90677902  2.54468644
  2.2202759  -0.15620653] 1.8105296534221474e-05 True
adaptive stepsize: acceptance rate 0.980000 target 0.500000 new stepsize 0.555556 old stepsize 0.5
basinhopping step 50: f 1.57899e-05 trial_f 1.57899e-05 accepted 1  lowest_f 1.17638e-05
[ 1.16721615e+00  4.26019120e+00  1.79803892e+00  9.82602108e-01
  3.48913471e+00  6.48491148e+00  1.35484803e-01  5.86391896e+00
  5.51848081e-02  4.71599290e-01  3.12113970e+00  1.96986024e-03
  5.89226717e+00 -1.07578950e-01  5.69072148e-01  2.08767800e-02
  6.70025602e+00  2.59838348e+00  2.06888111e+00 -7.08333503e-01] 1.578991933458656e-05 True
basinhopping step 51: f 1.82928e-05 trial_f 1.82928e-05 accepted 1  lowest_f 1.17638e-05
[ 0.73666837  3.75869989  1.47253674  1.21845639  3.99404407  6.36601431
 -0.00830362  5.70226679 -0.45012815  0.49482522  2.95740141 -0.75633269
  6.0242017  -0.00659483  0.67917017  0.18934383  5.97939727  2.82617117
  2.47317333 -0.64901684] 1.8292780436462577e-05 True
basinhopping step 52: f 2.51688e-05 trial_f 2.51688e-05 accepted 1  lowest_f 1.17638e-05
[ 1.10245534  4.28222817  1.97243857  1.23458413  3.61105183  6.43436831
 -0.12995724  6.51526776 -0.37359708  0.2776587   3.83602741  0.33581811
  5.77444628 -0.1096767  -0.12932011 -1.10271485  5.87899758  2.748686
  2.71828647  0.13905941] 2.5168824391965307e-05 True
basinhopping step 53: f 1.60571e-05 trial_f 1.60571e-05 accepted 1  lowest_f 1.17638e-05
[ 2.0654159   4.4268067   1.55394234  0.75206644  3.39874407  6.33671311
  0.82238331  6.88244167  0.38412489 -0.02981108  3.41673967 -0.65069956
  5.73318418 -0.28076393  0.38891322  0.21405881  5.95414802  2.53883647
  3.12507805 -0.49852351] 1.60571466266375e-05 True
basinhopping step 54: f 1.17639e-05 trial_f 1.17639e-05 accepted 1  lowest_f 1.17638e-05
[ 2.19870831  4.31598558  1.42126925  0.73827202  3.59965139  6.29311501
  0.37263561  6.51708076  0.22946708  0.26144303  3.01391038 -1.17572379
  5.3541771  -0.25521931 -0.24244773 -0.28769315  6.18803296  2.78682756
  2.51059951 -0.59804527] 1.1763880765965197e-05 True
basinhopping step 55: f 3.80068e-05 trial_f 3.80068e-05 accepted 1  lowest_f 1.17638e-05
[ 0.72508081  3.1329042   0.32857913  0.15428035  3.36777371  7.28558476
  1.02503501  7.26607182  0.44734667  1.36968292  3.87458561  0.17889495
  5.33566628 -0.16386901 -0.44052696 -0.0874809   5.96441416  3.32815271
  2.2315152  -0.60378804] 3.800679592749377e-05 True
basinhopping step 56: f 1.71144e-05 trial_f 1.71144e-05 accepted 1  lowest_f 1.17638e-05
[ 0.81188513  3.17667421  0.35778232 -0.34553351  3.36700098  6.71991334
 -0.4234618   5.5605348  -0.25569676 -0.44541098  3.38440866  0.61725608
  6.92234526 -0.12972721 -0.5036975  -0.49527167  5.4885227   2.11213041
  1.36348899 -1.10144819] 1.7114449645532033e-05 True
basinhopping step 57: f 3.91769e-05 trial_f 3.91769e-05 accepted 1  lowest_f 1.17638e-05
[ 0.64493294  4.11983031  0.27539661 -0.30637436  3.73560869  6.07582538
  0.28122328  6.00801102  0.02984067  0.35174775  4.4006186   0.25484355
  6.7564813  -0.22020434 -0.05106606 -0.62949752  4.83866895  2.08830907
  2.05635821 -0.31262616] 3.91768865860341e-05 True
basinhopping step 58: f 1.82458e-05 trial_f 1.82458e-05 accepted 1  lowest_f 1.17638e-05
[ 1.71715376  4.16814489  0.24842025  0.44932881  3.66854004  6.06728495
  0.24668744  6.31107555 -0.25281892  0.25448948  4.06827553  0.16762999
  6.01334817  0.08398277  0.19357739 -0.09675693  5.60733978  2.29028613
  1.57169813 -1.00514483] 1.8245833514285328e-05 True
basinhopping step 59: f 1.60644e-05 trial_f 1.60644e-05 accepted 1  lowest_f 1.17638e-05
[ 1.32218965  4.42172631  0.380358    0.13077474  3.70535088  6.61473929
  0.17288649  6.35974884  0.75493346  0.30341543  4.10784627  0.39900272
  6.24411225 -0.31858139 -0.13033024  0.19207924  5.8363154   2.16419853
  1.40238191 -0.90506431] 1.6064379967114224e-05 True
basinhopping step 60: f 3.80584e-05 trial_f 3.80584e-05 accepted 1  lowest_f 1.17638e-05
[ 1.36036243  4.84309669  0.921675    0.45657889  3.71653374  6.54479197
  0.42150791  5.55989595 -0.16717166 -0.07410052  3.70439679  0.1070756
  6.14461905  0.73558094 -0.38311887 -0.17317054  6.58258592  3.2118026
  2.26748203 -1.07188764] 3.80583771784713e-05 True
basinhopping step 61: f 1.57522e-05 trial_f 1.57522e-05 accepted 1  lowest_f 1.17638e-05
[ 1.60743202  4.13144032  0.8901766  -0.01118469  3.71060453  6.77229052
  0.30080369  6.93969343  0.18142317  0.22003596  4.4503808   0.9792943
  6.76737932 -0.05678505  0.09996225 -0.14320419  6.06637722  2.95016658
  2.03596241 -1.31034099] 1.5752234916272833e-05 True
basinhopping step 62: f 2.81293e-05 trial_f 2.81293e-05 accepted 1  lowest_f 1.17638e-05
[ 1.34699045e+00  4.09555858e+00  1.57271744e+00  8.78000967e-01
  3.88809772e+00  6.27172207e+00 -4.40590969e-02  5.96352910e+00
 -2.53662940e-01 -4.19183946e-03  4.27391067e+00  6.31332735e-01
  6.36622161e+00  2.60326112e-01  4.57244227e-01 -2.35317254e-01
  5.60134516e+00  2.79205047e+00  2.64791100e+00  4.84934673e-01] 2.8129330116328917e-05 True
basinhopping step 63: f 1.60645e-05 trial_f 1.60645e-05 accepted 1  lowest_f 1.17638e-05
[ 0.85911135  4.12906788  1.7717951   1.24742487  3.95881318  6.7323281
 -0.02711381  5.83986115 -0.09350529 -0.47869227  3.66859457  0.35098062
  6.46126876 -0.19135911 -0.04274811  0.43121799  6.44553415  2.76274382
  1.98488782 -0.39903397] 1.6064460015743648e-05 True
basinhopping step 64: f 3.57331e-05 trial_f 3.57331e-05 accepted 1  lowest_f 1.17638e-05
[ 1.8800606   4.36020715  1.00117062  0.83246951  3.93596024  5.90624047
  0.06885959  6.69059591  0.53953582  0.29229762  2.87217332 -1.05671075
  6.1066283   0.1200364   0.57458689  0.21525627  6.59590609  3.19343651
  2.4176522  -0.64332303] 3.5733129454900506e-05 True
basinhopping step 65: f 2.89533e-05 trial_f 2.89533e-05 accepted 1  lowest_f 1.17638e-05
[ 1.39664276  4.73978015  1.35658547  0.53322053  3.31810376  6.28184719
  0.65911088  6.09687453  0.37835749  0.56686216  3.59890876 -0.18497776
  6.07705133 -1.21353787 -0.89102504  0.24038451  6.03452367  3.1475439
  2.79741611 -0.0699282 ] 2.8953346370187576e-05 True
basinhopping step 66: f 1.792e-05 trial_f 1.792e-05 accepted 1  lowest_f 1.17638e-05
[ 2.59074849  4.74675845  1.39846924  0.63810179  3.95730882  7.30855887
  0.2774207   5.8942665   0.29569385  0.23188691  3.11227449 -0.26947095
  6.01787619 -0.68371109 -0.12381324  0.12653616  5.45135734  2.55144429
  2.56903736 -0.36535345] 1.7920043681989013e-05 True
basinhopping step 67: f 1.59713e-05 trial_f 1.59713e-05 accepted 1  lowest_f 1.17638e-05
[ 2.0920564   5.50449046  3.18482446  0.29874221  3.41947145  6.08170959
  0.75452835  6.48390043 -0.0400326   0.47827242  4.1657136   0.42711139
  6.10447944 -0.58878657 -0.19499497 -0.24228073  5.32792613  2.60286122
  2.12952988 -1.26993918] 1.5971277289678215e-05 True
basinhopping step 68: f 2.45823e-05 trial_f 2.45823e-05 accepted 1  lowest_f 1.17638e-05
[ 2.64282207  5.49220688  3.11470838  0.01580136  4.07093945  7.15298008
  0.30303062  6.2679792  -0.04597739  0.41295774  4.22143316  0.01184724
  5.99330444  0.19543015 -0.19166999 -0.39168144  4.97434497  2.1067862
  2.13010994 -0.70720575] 2.4582296238355033e-05 True
basinhopping step 69: f 3.33619e-05 trial_f 3.33619e-05 accepted 1  lowest_f 1.17638e-05
[ 1.80040668  5.91835816  3.11417591 -0.11297971  3.95861287  6.6617339
  0.53244349  6.60178681  0.6828824   0.7386779   4.41206291  0.22500377
  6.02427144 -0.25640413  0.32023116 -0.08140159  5.76562389  2.43046023
  1.9021328  -0.5495514 ] 3.3361940232264165e-05 True
warning: basinhopping: local minimization failure
basinhopping step 70: f 1.54642e-05 trial_f 1.54642e-05 accepted 1  lowest_f 1.17638e-05
[ 1.74485873  5.1635378   2.79051235 -0.72311755  3.25970186  6.09731163
 -0.47681961  6.10937765 -0.3354935   0.12018267  4.40380006  0.75615145
  6.71552935  0.28177621  0.73538489  0.51476901  6.72509812  3.48603945
  2.6609811  -0.54166066] 1.5464188173715125e-05 True
basinhopping step 71: f 3.8705e-05 trial_f 3.8705e-05 accepted 1  lowest_f 1.17638e-05
[ 1.94191724  5.30545724  2.51985524  0.17718435  3.1314172   5.65770886
 -0.02669305  5.77290874  0.36189569  0.14111327  4.18750168  0.92330284
  6.24217226  0.68938264  0.26326017  1.13843529  6.76025329  3.47565163
  2.59855756 -0.31364171] 3.8704984441133355e-05 True
warning: basinhopping: local minimization failure
basinhopping step 72: f 4.1657e-05 trial_f 4.1657e-05 accepted 1  lowest_f 1.17638e-05
[ 2.30185362  5.19656989  2.93603746 -0.43205791  2.61444276  5.59219058
 -0.7895289   6.22121134  0.8863483   0.60781562  3.15794512  1.11087965
  6.80993356  1.13166859  0.05294782  0.47428886  5.82444153  3.19957035
  3.0075545   0.32441687] 4.165704770929482e-05 True
basinhopping step 73: f 1.75184e-05 trial_f 1.75184e-05 accepted 1  lowest_f 1.17638e-05
[ 1.9738596   5.71012746  2.49300485 -0.58313249  3.03558374  5.52162378
 -1.07921493  5.69248798  0.35001424  0.47332972  3.53147291  1.1929338
  6.78907702  0.49924555  0.58252504 -0.1899222   5.63379362  3.22298003
  3.39490368  0.00693786] 1.7518448928821425e-05 True
basinhopping step 74: f 1.60646e-05 trial_f 1.60646e-05 accepted 1  lowest_f 1.17638e-05
[ 1.94057517  5.92955752  2.33173413 -0.79348939  2.40030612  5.7156504
 -0.11436827  5.7000634   0.14870363  0.61647046  4.7348849   1.09288384
  6.75395869  0.24381679  0.61437954 -0.05276121  6.29435156  3.06076853
  3.45677309 -0.29614954] 1.6064594057588932e-05 True
basinhopping step 75: f 3.37469e-05 trial_f 3.37469e-05 accepted 1  lowest_f 1.17638e-05
[ 1.48076703  7.71860496  3.85696242  0.8891488   1.42521989  3.96547297
  0.28484006  5.99453307  0.07500119  0.39633332  3.30370922  0.75636325
  6.43966514 -0.63922923 -0.85982473 -0.11553416  6.30942606  3.46810496
  4.17080672  0.79744444] 3.374689818416056e-05 True
basinhopping step 76: f 2.38782e-05 trial_f 2.38782e-05 accepted 1  lowest_f 1.17638e-05
[ 1.95315643  7.52045435  4.61023233  1.78377034  0.61742162  3.14631488
  0.58476366  6.51877998  0.66409089  0.47426442  3.45500865  0.22643584
  6.22128757 -0.29883243  0.13459541 -0.21433059  5.28972725  2.92262257
  3.22288794  0.63726185] 2.3878172452129312e-05 True
basinhopping step 77: f 2.71958e-05 trial_f 2.71958e-05 accepted 1  lowest_f 1.17638e-05
[ 2.31728962  7.71103305  4.49024869  0.94146291  0.39645547  3.64055446
  0.93568694  6.32348494  0.27951832 -0.17075421  3.10056006  0.95961989
  6.700724   -0.09043658 -0.46879538 -0.46079287  5.71166277  3.32651944
  2.80117622  0.54264423] 2.719576686962659e-05 True
basinhopping step 78: f 3.00573e-05 trial_f 3.00573e-05 accepted 1  lowest_f 1.17638e-05
[ 4.22448342  7.46144895  4.40218093  0.65973829  0.70865886  3.69266881
 -0.55151865  5.15095822 -0.19113115  0.08507955  2.49222075  0.38087878
  6.48336918  0.14975648 -0.05250146  0.33993793  6.18052486  3.23769947
  2.81246317  2.27075502] 3.0057313940056982e-05 True
basinhopping step 79: f 2.88989e-05 trial_f 2.88989e-05 accepted 1  lowest_f 1.17638e-05
[ 3.87275121  7.05448763  4.73386722  1.11654501  0.48016997  3.49458204
 -0.33265188  5.86188273 -0.73034023  0.14507975  3.05215281  0.31607308
  6.09339385 -0.32112524 -0.765811    0.51557935  6.61553202  2.79970295
  2.60900596  2.14504621] 2.8898882287493227e-05 True
basinhopping step 80: f 1.17638e-05 trial_f 1.17638e-05 accepted 1  lowest_f 1.17638e-05
[ 3.71296993  7.1459331   4.54677899  0.47682215  0.03033069  3.15636196
 -0.64191707  5.62233155 -0.34732381 -0.1674687   2.66247589 -0.38633213
  5.62473731 -0.87658327 -0.16845915  0.29963235  5.78315664  2.50162904
  4.89222608  1.80677455] 1.1763840982737897e-05 True
basinhopping step 81: f 2.10881e-05 trial_f 2.10881e-05 accepted 1  lowest_f 1.17638e-05
[ 4.54269951  7.17086617  4.76454859  0.74061658 -0.10951992  3.64340705
  0.21980317  3.1816579  -0.29367413 -0.56073895  3.06852247  0.47083422
  6.28095366 -0.14734057 -0.33939114 -0.01918747  6.17056874  2.93140199
  4.92268991  1.9535213 ] 2.1088059592297485e-05 True
basinhopping step 82: f 1.68285e-05 trial_f 1.68285e-05 accepted 1  lowest_f 1.17638e-05
[ 4.06435086  6.86621425  3.70900095  0.29538956  0.18521843  3.40979311
  1.38276719  4.04064172  0.36695506  0.45646945  3.1953183  -0.1776608
  6.21272092 -0.4115281   0.2505211   0.56763249  5.76155815  2.30901469
  4.84672173  1.87870681] 1.682847029115029e-05 True
basinhopping step 83: f 1.95222e-05 trial_f 1.95222e-05 accepted 1  lowest_f 1.17638e-05
[ 4.47746415  6.95861884  3.84892745 -0.1736874   0.28223175  4.19916668
  0.71789745  3.45073843  0.65496437  0.63344118  3.49722105  0.32609906
  5.97439024 -0.16204805 -0.06517573  0.0827499   5.81800203  1.91850724
  4.43318045  2.12581743] 1.9522158953642827e-05 True
basinhopping step 84: f 1.51902e-05 trial_f 1.51902e-05 accepted 1  lowest_f 1.17638e-05
[ 4.07741339  6.50645013  3.2693378   0.6511686   0.64313573  3.947739
  1.29426063  3.4960885   0.14175873 -0.26094155  3.0361047   0.30048522
  6.2165047   0.44971538  0.0814737  -0.15080267  5.29257428  1.9706362
  4.69952497  2.51371368] 1.5190198552114107e-05 True
basinhopping step 85: f 1.66364e-05 trial_f 1.66364e-05 accepted 1  lowest_f 1.17638e-05
[ 3.3924408   5.70996666  3.03411583  0.61375264  0.89249025  4.27535216
  0.72589862  3.41209753  1.18349398  0.76735149  3.87464873  0.47313361
  5.96285159 -0.29019086  0.18250347  0.16057     6.22360703  2.83590775
  5.08209246  2.25225909] 1.6636425406425582e-05 True
basinhopping step 86: f 1.61718e-05 trial_f 1.61718e-05 accepted 1  lowest_f 1.17638e-05
[ 3.76241526  6.31315691  3.15068501  0.73431557  0.33938407  3.8388078
  0.73775452  3.65077297  1.44175722  1.58999241  4.34023782  0.24573617
  6.52242421 -0.45250955  0.05095165 -0.27417775  5.96037799  2.55331667
  5.43757776  3.07361842] 1.6171819441974343e-05 True
basinhopping step 87: f 1.69832e-05 trial_f 1.69832e-05 accepted 1  lowest_f 1.17638e-05
[ 3.39097677  6.48126579  3.84072993  0.41090253  0.20662389  3.97584814
  0.3666403   4.34949595  1.70639678  1.23552599  3.84487376  0.17885161
  5.97813671  0.1732577  -0.13268457 -0.72437547  6.04017173  2.30771739
  5.5718429   3.35136854] 1.698320974229303e-05 True
basinhopping step 88: f 1.76218e-05 trial_f 1.76218e-05 accepted 1  lowest_f 1.17638e-05
[ 3.48867182  6.56337097  4.13824533  1.24308692  0.33919824  3.64133711
  0.62133804  4.42430172  1.26583988  1.46852954  4.24367423  0.52621322
  6.23124818 -0.90212841  0.14998256  0.25698209  6.1288233   3.1190499
  5.84091042  2.91780425] 1.7621847409752222e-05 True
basinhopping step 89: f 1.68607e-05 trial_f 1.68607e-05 accepted 1  lowest_f 1.17638e-05
[ 4.563116    7.0382716   4.54581002  1.11510659  0.44372469  2.82347537
  0.30226998  3.75036017  0.66106668  0.89277558  4.06723129  0.69158206
  7.00099317 -0.31073234  0.11835374  0.58741234  6.27475075  3.00469637
  5.38762239  2.18800371] 1.686072027201503e-05 True
basinhopping step 90: f 1.60359e-05 trial_f 1.60359e-05 accepted 1  lowest_f 1.17638e-05
[ 4.61699322  7.12794249  4.6358689   1.16740276  0.52466418  2.90884655
  0.26760931  3.10747976  0.1373931  -0.06937293  3.64147599  0.01777766
  5.99201921 -0.56554592  0.43537184  0.45993972  6.40868095  3.03846857
  5.36914823  2.29294802] 1.6035935696450743e-05 True
basinhopping step 91: f 2.55812e-05 trial_f 2.55812e-05 accepted 1  lowest_f 1.17638e-05
[ 4.52380541  7.02984515  3.48693294  0.64301984  0.2500859   2.67664491
  0.0953431   3.57605588  0.76429427  0.68699148  3.38292021  0.63279887
  5.63143571 -0.51315589  0.34887484  0.25115714  6.09771646  2.59635682
  5.27062662  1.8908542 ] 2.5581216335680125e-05 True
basinhopping step 92: f 1.83052e-05 trial_f 1.83052e-05 accepted 1  lowest_f 1.17638e-05
[ 4.28167271  7.02789677  3.68881721  0.45674629  0.90094368  3.51926974
 -0.22264707  2.80216619  0.23331552  1.17472173  3.57385914  0.55144758
  4.44558115  0.80033517  0.23609493 -0.39121668  6.21942487  2.69858693
  5.70827728  2.11196153] 1.8305195731159753e-05 True
basinhopping step 93: f 1.59236e-05 trial_f 1.59236e-05 accepted 1  lowest_f 1.17638e-05
[ 2.65967015  6.23695184  3.86611976  0.69169868  3.14585522  0.68953635
  0.71851401  3.89884904 -2.26003628  0.08550282  3.65636252  0.67497903
  3.316001   -2.8442335   0.82508436  5.03094076  7.72938414  1.74902141
  4.9941255   4.52374459] 1.592359629522446e-05 True
basinhopping step 94: f 4.08548e-05 trial_f 4.08548e-05 accepted 1  lowest_f 1.17638e-05
[ 2.96877750e+00  6.31323001e+00  3.72735452e+00 -2.69727063e-03
  2.52200924e+00 -2.09971886e-01 -2.69526708e-01  3.73070828e+00
 -3.87639630e-02  9.36550551e-01  3.54360543e+00  1.20300826e+00
  3.39551112e+00 -1.14866003e-01  1.92048614e-01  4.13259356e+00
  6.64920424e+00  1.34049417e+00  4.71282405e+00  4.91041100e+00] 4.085482834985897e-05 True
basinhopping step 95: f 0.000120227 trial_f 0.000120227 accepted 1  lowest_f 1.17638e-05
[ 2.10714234  5.77210846  3.18579336  0.38338447  2.45204567  0.37775524
  0.50033045  3.97941932  0.47163695  0.98177182  4.17530733  1.50538355
  3.21150484  0.23225695 -0.03209435  4.26475789  6.39844879  0.89565917
  4.58880507  4.30334755] 0.00012022732629717915 True
basinhopping step 96: f 7.2804e-05 trial_f 7.2804e-05 accepted 1  lowest_f 1.17638e-05
[ 2.42326737  5.75036953  2.64000813  0.53287405  0.63979799  0.34141429
 -0.17304868  3.98207599  0.82654271  0.98438093  3.35182045  1.41507567
  4.26948406  0.38476192 -0.09529197  4.07153222  6.40310068  1.00275761
  4.43068112  4.52889768] 7.280404310134281e-05 True
warning: basinhopping: local minimization failure
basinhopping step 97: f 2.53643e-05 trial_f 2.53643e-05 accepted 1  lowest_f 1.17638e-05
[ 3.36435739  7.04938485  3.18770711 -0.25659167  2.7017454  -0.65072853
 -0.71200255  2.07565605 -0.14688236  0.36417952  3.93357633  3.01964287
  2.84757607  0.56169361  0.04461587  3.46172551  6.81670635  1.41289182
  3.87628423  4.46461702] 2.536425921494328e-05 True
basinhopping step 98: f 1.7768e-05 trial_f 1.7768e-05 accepted 1  lowest_f 1.17638e-05
[ 3.74494037  6.52579197  3.37738217 -0.14594675  2.34670297 -0.38556555
 -0.46114692  2.05126553 -0.52190347  0.42117276  3.62054185  3.60658057
  2.95476856  0.0923323   0.58857908  3.5208      6.61285852  1.46427677
  4.30905564  4.35835527] 1.7767990934292895e-05 True
basinhopping step 99: f 2.01618e-05 trial_f 2.01618e-05 accepted 1  lowest_f 1.17638e-05
[3.4336283  6.06251596 3.26912758 1.07974967 0.53523155 1.3478268
 0.61333779 0.52692949 0.75199211 0.72926997 3.93474268 3.66666011
 2.85484042 0.41145322 0.91675831 4.81147718 4.72384302 1.71730668
 5.32064396 4.56043582] 2.0161763229474987e-05 True
adaptive stepsize: acceptance rate 0.990000 target 0.500000 new stepsize 0.617284 old stepsize 0.555556
basinhopping step 100: f 3.54101e-05 trial_f 3.54101e-05 accepted 1  lowest_f 1.17638e-05
[3.640445   6.34645145 3.63849915 0.53333727 0.95820248 1.28340095
 1.50327567 0.33001674 0.70763334 1.2424635  3.55169411 2.92405706
 2.8576515  0.79117794 1.07980308 4.11204818 4.50845583 1.52215416
 5.22736414 5.12962471] 3.541012827968729e-05 True
                        fun: 1.1763837005023758e-05
 lowest_optimization_result:       fun: 1.1763837005023758e-05
 hess_inv: array([[ 304.43502979,   45.55348337,   14.85274477,   19.22990494,
          62.44094462,  179.35239914,  137.81871682,   51.52878402,
          96.88802662,   43.09491282,  108.63571539,  -41.34323652,
         -65.84233863,   96.39846407,  114.80733099, -126.655025  ,
        -193.02129607, -135.95508282,  -96.23142541, -317.2298038 ],
       [  45.55348337,  201.01751535,   14.65309654,   -1.83029542,
         110.99088476,   19.68064446,  139.47912057,  238.37762477,
         -18.10723346,   91.20390475,  -86.81978498,  116.08273974,
          27.03282663, -162.66312231,   54.90992242,   51.13769794,
        -263.72144688, -125.45915506, -213.82351746, -221.1161965 ],
       [  14.85274477,   14.65309655,  118.31804075,   51.20269864,
         -34.49909441,   77.96494123,   73.68996201,   16.54709565,
          73.94679508, -113.55620351,   48.37773204,   15.99437673,
         -13.56316506,  -11.98778746, -102.69875009, -107.62434717,
          38.67746839,  -68.92201951,  -62.53124868,  -65.54337994],
       [  19.22990494,   -1.83029542,   51.20269864,   72.03553492,
          -6.50523543,   16.03412685,   48.64083849,   -7.64668752,
         -21.9525739 ,    9.3512555 ,   41.51997162,   -2.63406497,
         -36.7280036 ,   24.20119382,  -20.29538825,  -47.09997097,
          -4.04457223,  -15.20080589,  -31.70088368,  -28.41043988],
       [  62.44094462,  110.99088476,  -34.49909441,   -6.50523543,
         128.71539326,   10.7356386 ,   15.25379665,   65.90019781,
          -2.69957414,  108.73790326,   -8.32321886,    5.87466648,
          19.01783426,  -54.74568067,   62.12010197,   48.91471486,
        -153.08330796, -104.72678178,  -96.63872746, -154.87904148],
       [ 179.35239914,   19.68064446,   77.96494123,   16.03412685,
          10.7356386 ,  240.27467626,   61.1962892 ,  -94.10449624,
         249.76408443, -188.83259208,  166.26526812,  -50.62601456,
         -42.04083256,  112.50771572,  -81.50561937, -181.48373265,
          54.6048455 , -223.3066585 ,  -30.61171128, -262.95129632],
       [ 137.81871682,  139.47912057,   73.68996201,   48.64083849,
          15.25379665,   61.1962892 ,  277.76978567,  289.88680275,
         -68.51026028,   87.10463549,  -52.96868768,  130.51429588,
         -38.80255642,  -97.28700781,  105.88193978,  -49.53735243,
        -313.2943121 ,  -43.98898967, -228.42374296, -240.69652695],
       [  51.52878402,  238.37762477,   16.54709565,   -7.64668752,
          65.90019781,  -94.10449624,  289.88680275,  532.7523886 ,
        -225.14455987,  265.83054022, -261.77561238,  248.42391509,
          20.54917453, -300.72652968,  216.89220847,  127.09168642,
        -527.04323415,   58.61076281, -327.86668898, -168.20916002],
       [  96.88802662,  -18.10723347,   73.94679508,  -21.9525739 ,
          -2.69957414,  249.76408443,  -68.51026028, -225.14455987,
         372.82018797, -331.20436392,  199.29508925, -107.61645872,
           5.75497715,  134.72930186, -222.75746659, -188.32691846,
         261.94706192, -277.4415283 ,   59.26970997, -184.09378726],
       [  43.09491282,   91.20390475, -113.55620351,    9.3512555 ,
         108.73790326, -188.83259208,   87.10463549,  265.83054022,
        -331.20436392,  426.6116545 , -186.19018147,  102.73756446,
         -18.09255564, -135.52814958,  323.178224  ,  196.61983815,
        -421.48544643,  185.28765824, -131.2528993 ,    6.26082745],
       [ 108.63571539,  -86.81978498,   48.37773204,   41.51997163,
          -8.32321886,  166.26526812,  -52.96868768, -261.77561238,
         199.29508925, -186.19018147,  249.84088896, -174.41992593,
         -31.83948776,  215.48080638, -144.87821426, -171.76257793,
         238.88482186, -176.02050737,  100.50496284, -119.34933321],
       [ -41.34323652,  116.08273974,   15.99437673,   -2.63406497,
           5.87466648,  -50.62601456,  130.51429588,  248.42391509,
        -107.61645872,  102.73756446, -174.41992593,  198.21553461,
          -8.64447413, -182.9911853 ,  123.464765  ,   87.47152653,
        -249.26378741,   70.08963187, -151.35283343,  -26.83722738],
       [ -65.84233863,   27.03282663,  -13.56316506,  -36.7280036 ,
          19.01783426,  -42.04083256,  -38.80255642,   20.54917453,
           5.75497715,  -18.09255564,  -31.83948776,   -8.64447413,
          58.9976083 ,  -52.74692181,  -57.37937372,   38.20572553,
          36.5218087 ,  -18.21045229,   -3.14335462,   33.10208949],
       [  96.39846407, -162.66312231,  -11.98778746,   24.20119382,
         -54.74568067,  112.50771572,  -97.28700781, -300.72652968,
         134.72930186, -135.52814958,  215.48080638, -182.9911853 ,
         -52.74692181,  262.88490925,  -77.09562802, -135.26635218,
         260.05509178,  -50.7654417 ,  186.62073767,    3.58159748],
       [ 114.80733099,   54.90992242, -102.69875009,  -20.29538825,
          62.12010197,  -81.50561937,  105.88193978,  216.89220847,
        -222.75746659,  323.178224  , -144.87821426,  123.464765  ,
         -57.37937372,  -77.09562802,  360.20060516,  136.60956554,
        -400.88080794,  167.30564364,  -93.72401189,  -52.83991152],
       [-126.655025  ,   51.13769794, -107.62434717,  -47.09997097,
          48.91471486, -181.48373265,  -49.53735243,  127.09168642,
        -188.32691846,  196.61983815, -171.76257793,   87.47152653,
          38.20572553, -135.26635218,  136.60956554,  211.6093443 ,
        -143.0630142 ,  132.20101781,  -14.70872937,  133.52586926],
       [-193.02129607, -263.72144688,   38.6774684 ,   -4.04457223,
        -153.08330796,   54.6048455 , -313.2943121 , -527.04323414,
         261.94706191, -421.48544643,  238.88482186, -249.26378741,
          36.5218087 ,  260.05509178, -400.88080794, -143.0630142 ,
         709.67943402,  -52.63917481,  360.73658323,  295.86930251],
       [-135.95508282, -125.45915506,  -68.92201951,  -15.20080589,
        -104.72678178, -223.3066585 ,  -43.98898967,   58.61076281,
        -277.4415283 ,  185.28765824, -176.02050737,   70.08963187,
         -18.21045229,  -50.7654417 ,  167.30564364,  132.20101781,
         -52.63917481,  372.91165486,   99.19327549,  356.38217541],
       [ -96.23142541, -213.82351746,  -62.53124868,  -31.70088368,
         -96.63872746,  -30.61171128, -228.42374296, -327.86668898,
          59.26970997, -131.2528993 ,  100.50496284, -151.35283343,
          -3.14335462,  186.62073767,  -93.72401189,  -14.70872937,
         360.73658323,   99.19327549,  284.26737647,  264.35153587],
       [-317.2298038 , -221.1161965 ,  -65.54337994,  -28.41043988,
        -154.87904148, -262.95129632, -240.69652695, -168.20916002,
        -184.09378726,    6.26082745, -119.34933321,  -26.83722738,
          33.10208949,    3.58159748,  -52.83991152,  133.52586926,
         295.86930251,  356.38217541,  264.35153587,  563.71837065]])
      jac: array([ 1.04032313e-06, -1.64095889e-06,  1.48395225e-06, -1.55665873e-06,
        1.19451374e-06, -7.41688837e-07,  1.39713427e-06, -1.30230160e-06,
        1.88481977e-07,  6.03631634e-07, -4.35856464e-07,  1.06742209e-06,
       -7.74429623e-07,  2.31045419e-07, -2.60712386e-06,  2.40313216e-06,
       -3.99894589e-08,  1.44603825e-06,  3.97790927e-07, -1.58010175e-06])
  message: 'Optimization terminated successfully.'
     nfev: 13398
      nit: 588
     njev: 638
   status: 0
  success: True
        x: array([1.08418539, 3.6433763 , 0.35193916, 0.60951082, 3.66800808,
       4.09907303, 0.83854727, 3.01925994, 0.27002467, 3.61238295,
       3.47889808, 3.19035082, 6.0736509 , 0.02097722, 2.88832067,
       2.06255077, 5.69586793, 2.16197316, 1.62991731, 3.91506086])
                    message: ['requested number of basinhopping iterations completed successfully']
      minimization_failures: 3
                       nfev: 1782158
                        nit: 100
                       njev: 84863
                          x: array([1.08418539, 3.6433763 , 0.35193916, 0.60951082, 3.66800808,
       4.09907303, 0.83854727, 3.01925994, 0.27002467, 3.61238295,
       3.47889808, 3.19035082, 6.0736509 , 0.02097722, 2.88832067,
       2.06255077, 5.69586793, 2.16197316, 1.62991731, 3.91506086])
0.2236510980054157

Process finished with exit code 0
