/home/alex/Desktop/Projects/SimsV3/venv/bin/python /home/alex/Desktop/Projects/SimsV3/Simple_ManyWP_reproducability_test1.py
basinhopping step 0: f 1.30447e-05
[ 0.21134319  5.92147002  2.79921574  5.79998124 -0.69921503  0.49981182
  6.25570228  4.31297416  4.06037319  3.69600175  3.65203019 -0.10628028
  1.30826666  1.50685672  4.21890912  0.68088014  6.14062599  1.36327644
  3.66685978  6.48938946] 1.3044663296584974e-05 True
basinhopping step 1: f 1.00159e-05 trial_f 1.00159e-05 accepted 1  lowest_f 1.00159e-05
found new global minimum on step 1 with function value 1.00159e-05
[ 0.56787669  6.00587011  2.814823    6.32593839 -0.51504668  0.22756021
  6.26169986  3.78048491  3.50784437  3.69463422  3.13041659  0.12561166
  0.9150595   1.65461026  4.36566542  1.19816115  5.78588742  1.6551683
  4.00357446  5.89026075] 1.0015869686436773e-05 True
basinhopping step 2: f 2.27728e-05 trial_f 2.27728e-05 accepted 1  lowest_f 1.00159e-05
[0.46079833 6.02864097 2.77377105 5.99076077 0.0965187  0.59208015
 5.95082889 3.54556709 3.51470123 3.68960334 3.30854525 0.04753777
 1.21786342 1.85891123 4.27797698 1.1214459  5.9181641  1.63714005
 4.03932962 5.66268059] 2.277278871460328e-05 True
basinhopping step 3: f 1.72174e-05 trial_f 1.72174e-05 accepted 1  lowest_f 1.00159e-05
[ 0.0182494   5.49139568  2.66895118  5.69214174 -0.28353093  0.46999412
  5.91438962  3.92145073  4.0894088   4.57454109  3.79640747 -0.03541881
  0.64158074  2.6383996   3.84774699  0.91618086  6.32903688  1.03423969
  3.46942484  5.67100552] 1.721740018928284e-05 True
basinhopping step 4: f 3.40106e-06 trial_f 3.40106e-06 accepted 1  lowest_f 3.40106e-06
found new global minimum on step 4 with function value 3.40106e-06
[ 4.40288181e-01  6.07343629e+00  2.99294260e+00  5.12018358e+00
 -1.03376067e+00 -6.08799582e-03  6.27022584e+00  2.77081894e+00
  3.30298655e+00  3.88509332e+00  3.55052073e+00  1.49439662e+00
  1.36006975e+00  3.62705948e+00  4.15005472e+00  9.18623100e-01
  6.45475165e+00  8.64800603e-01  3.76515143e+00  6.13906921e+00] 3.401063149143477e-06 True
basinhopping step 5: f 1.06537e-05 trial_f 1.06537e-05 accepted 1  lowest_f 3.40106e-06
[ 0.68815375  6.32794389  2.50770583  3.49667102  0.02584179 -0.19439281
  6.25857163  2.9684624   2.78308948  3.96172588  4.4702009   1.61790198
  1.25807633  3.96221563  4.37907367  1.11243736  6.91773466  1.1902597
  4.1621844   6.55767752] 1.0653687671064994e-05 True
basinhopping step 6: f 3.1455e-05 trial_f 3.1455e-05 accepted 1  lowest_f 3.40106e-06
[0.34820605 6.35963432 2.71041506 3.37509682 0.41651003 0.07923955
 5.87247134 2.61238758 2.7636918  3.8702878  4.20297101 1.22982974
 1.08788196 3.67958315 4.52308347 1.44814977 6.19337778 1.53329548
 3.77599775 6.14838741] 3.145504587058341e-05 True
basinhopping step 7: f 1.00781e-05 trial_f 1.00781e-05 accepted 1  lowest_f 3.40106e-06
[-0.1261439   5.57494851  2.32299363  3.04418226  0.90867892  0.36696484
  6.65046797  3.51333658  2.68002079  3.74394579  4.2010634   1.44217802
  0.47760299  4.03091844  4.67068792  0.74738538  4.82211252  0.61528733
  3.22079881  6.53003306] 1.0078133676239695e-05 True
basinhopping step 8: f 9.04485e-06 trial_f 9.04485e-06 accepted 1  lowest_f 3.40106e-06
[0.33373117 5.36874651 2.68797466 2.84926609 0.57112663 0.6388641
 6.01683081 3.6118515  2.74303153 3.77493171 4.43449802 1.28895824
 0.84781079 4.09067328 4.11028258 0.75684559 4.82953465 0.90195353
 3.1839864  6.26679547] 9.044849771492661e-06 True
basinhopping step 9: f 5.37635e-06 trial_f 5.37635e-06 accepted 1  lowest_f 3.40106e-06
[0.0831779  5.30003291 2.61673928 2.92086573 0.3396376  0.54826126
 5.58553497 3.53901586 3.26557802 4.07301246 4.47760149 0.88557063
 0.42215666 4.43607202 3.77545697 0.69045099 4.52291806 0.62965262
 2.84879191 6.13084329] 5.376347315915026e-06 True
basinhopping step 10: f 9.33108e-06 trial_f 9.33108e-06 accepted 1  lowest_f 3.40106e-06
[-0.05954856  5.17567045  2.57763293  2.8725942   0.37102489  0.55432307
  6.0891503   3.50520388  3.43469259  4.27543157  4.56432329  1.04848848
  0.23508876  4.35255193  3.65165962  0.40877286  4.01300007  0.65569047
  2.56050809  5.70224932] 9.331076946535409e-06 True
basinhopping step 11: f 2.01216e-05 trial_f 2.01216e-05 accepted 1  lowest_f 3.40106e-06
[-0.10734802  5.48525686  3.20799048  2.37585093  0.2356628   0.05920886
  5.52658621  3.63567091  3.34470081  4.42360735  4.54212348  1.01552299
  0.11576157  4.43033582  3.53141092  0.36166258  3.97690411  0.84579338
  2.45515974  6.51071668] 2.012155707048007e-05 True
basinhopping step 12: f 1.00763e-05 trial_f 1.00763e-05 accepted 1  lowest_f 3.40106e-06
[-0.13894058  6.56240645  2.73104517  1.81550701 -0.37269521  0.15274589
  5.48119852  3.38383385  3.09001867  4.0827581   4.72562627  0.79628286
  0.38005822  4.06968973  4.18109929  0.65408742  4.00811503  0.69051277
  2.54477028  6.53883963] 1.007634113423846e-05 True
basinhopping step 13: f 6.83894e-06 trial_f 6.83894e-06 accepted 1  lowest_f 3.40106e-06
[ 0.24327045  5.99361442  2.17390627  2.18443536 -0.14835222  0.3032265
  5.63975072  3.32104756  3.74356607  3.92137493  4.27692428  0.45528075
  0.5803762   3.95817116  4.42481356  0.38505958  4.42717981  0.34259983
  2.63331483  6.23056304] 6.838944140465103e-06 True
basinhopping step 14: f 1.2456e-05 trial_f 1.2456e-05 accepted 1  lowest_f 3.40106e-06
[-0.16376442  5.61029027  1.55034802  2.52273374 -0.01392291  0.2897502
  5.84862824  3.39087114  3.22066488  4.44133078  4.0868382   0.54360874
  0.37689944  3.91570772  4.43298612  0.36477911  4.5126985   0.21372533
  2.62677932  6.28579704] 1.2455989676124242e-05 True
basinhopping step 15: f 1.62988e-05 trial_f 1.62988e-05 accepted 1  lowest_f 3.40106e-06
[ 0.7583667   4.71384325  1.41351123  1.49827219  0.49546225  0.73187981
  5.76540113  3.51824692  2.8187933   4.24025181  4.25559958  1.11304776
  0.68658089  4.02456344  4.15240554 -0.08646117  3.93282223 -0.06390235
  2.44051612  6.05679007] 1.629884462850396e-05 True
basinhopping step 16: f 1.10256e-05 trial_f 1.10256e-05 accepted 1  lowest_f 3.40106e-06
[1.1353846  4.68783974 1.60769817 1.10657663 0.18116695 1.0686094
 6.14077676 3.25941162 2.84134931 4.31366666 4.45940385 1.23550286
 0.75972187 4.26342648 4.27157497 0.47370234 3.65733575 0.31844337
 2.57310875 5.94232268] 1.1025635093495272e-05 True
basinhopping step 17: f 6.75156e-06 trial_f 6.75156e-06 accepted 1  lowest_f 3.40106e-06
[0.7232714  4.52002357 1.46754472 1.59088031 0.57104528 0.63118651
 6.71677313 3.77974438 2.98051358 4.04125474 4.35237021 1.74421217
 1.27136991 3.87889717 4.16685242 0.14915838 2.67775227 0.23451486
 2.69729658 6.18494425] 6.751561528699614e-06 True
basinhopping step 18: f 7.66609e-06 trial_f 7.66609e-06 accepted 1  lowest_f 3.40106e-06
[ 0.77966241  4.14866123  1.49991941  0.97481298  0.25223678  0.92483818
  6.70083047  3.45923053  3.39772493  4.35775042  3.83102817  2.07413279
  1.57556372  4.06112475  3.72936891 -0.28279817  2.99317035  0.37600647
  2.61311383  5.66449974] 7.6660943715513e-06 True
basinhopping step 19: f 6.94562e-06 trial_f 6.94562e-06 accepted 1  lowest_f 3.40106e-06
[ 0.29769415  4.58566679  1.02152236  1.62525118  0.82022994  0.99894606
  6.73897886  3.70408331  3.45167681  4.34919142  3.79066944  1.49477438
  1.87998802  4.28479814  3.71030125 -0.23153269  3.13858852  0.26692775
  2.88754169  5.7960663 ] 6.945618255653176e-06 True
basinhopping step 20: f 9.52553e-06 trial_f 9.52553e-06 accepted 1  lowest_f 3.40106e-06
[-0.35982619  3.66344328  0.48217109  1.34195151  1.11517575  1.16944361
  6.35060691  4.45068481  3.11431255  4.35148511  3.99555856  1.80498606
  1.47230253  3.48728414  3.74526911  0.43343924  3.03919829  0.38363238
  2.91048348  5.8879828 ] 9.5255322384844e-06 True
basinhopping step 21: f 1.26237e-05 trial_f 1.26237e-05 accepted 1  lowest_f 3.40106e-06
[0.15812302 3.66653235 0.56998946 1.53196435 1.35762266 0.95988818
 6.03248514 4.49086029 3.59911666 4.28821014 3.87297656 2.10942301
 0.99681686 3.11249863 3.44103796 0.17050721 3.21861734 0.52938725
 2.68017158 5.48197171] 1.2623675259330295e-05 True
basinhopping step 22: f 8.08852e-06 trial_f 8.08852e-06 accepted 1  lowest_f 3.40106e-06
[0.06535604 3.29659455 0.9015217  1.73217734 0.95427819 0.71608305
 5.67246242 4.17131521 3.96955492 4.52971175 4.12958893 1.62374308
 0.63115495 3.11950933 3.3735167  0.49383353 3.18807623 0.46280669
 2.77438173 5.5804762 ] 8.088516908448051e-06 True
basinhopping step 23: f 1.54718e-05 trial_f 1.54718e-05 accepted 1  lowest_f 3.40106e-06
[0.53269589 3.77593392 0.85282086 1.85788795 1.1304023  0.40147977
 5.45619912 3.99103638 4.12341666 4.83566406 4.58703454 1.20528001
 0.27242667 2.98308619 2.93127761 0.90859332 3.4245515  0.3350631
 3.29803295 5.73089963] 1.547178045857545e-05 True
basinhopping step 24: f 1.77738e-05 trial_f 1.77738e-05 accepted 1  lowest_f 3.40106e-06
[0.81218413 4.24575669 1.50977375 1.78806799 0.7580299  0.49569647
 5.17453455 3.90282038 3.78659159 4.12987987 4.24175659 1.55242868
 0.1529326  3.37958928 3.20542892 1.20876954 3.14193461 0.47552803
 2.69280844 5.31362296] 1.7773778338703982e-05 True
basinhopping step 25: f 1.43676e-05 trial_f 1.43676e-05 accepted 1  lowest_f 3.40106e-06
[0.1910506  3.68869812 1.45088126 1.25268708 1.31160271 1.10854277
 5.00072712 4.06919846 4.25314077 3.82267594 4.1092378  1.91263333
 0.60084561 3.12864604 2.92068472 0.31016624 3.50652926 0.55794656
 2.69629276 5.03413629] 1.4367552927720604e-05 True
basinhopping step 26: f 5.21575e-06 trial_f 5.21575e-06 accepted 1  lowest_f 3.40106e-06
[ 0.13573425  3.15548753  1.21440058  1.12684261  1.20450443  0.99953895
  4.97949847  4.32080963  4.15285116  3.72529512  4.58385052  1.24651682
  0.76481619  3.05895573  3.05856325  0.34929775  3.5630587  -0.11271038
  2.98960623  4.81069434] 5.215753310341998e-06 True
basinhopping step 27: f 8.78576e-06 trial_f 8.78576e-06 accepted 1  lowest_f 3.40106e-06
[-0.37235773  3.93431443  1.69442682  1.43103352  1.23605884  1.26982302
  4.52286012  4.03127868  4.40173495  3.30389534  6.01096128  1.3125573
 -0.36309241  3.197468    3.21560996  0.55112666  3.76533033  0.35069364
  3.43079327  4.2334934 ] 8.78576399766346e-06 True
basinhopping step 28: f 9.75451e-06 trial_f 9.75451e-06 accepted 1  lowest_f 3.40106e-06
[0.10204902 4.07917782 1.31985248 1.50922559 1.64915941 1.43581677
 4.80480257 4.48881152 4.58933725 2.8791984  5.27353927 1.29249353
 0.49244937 4.02630751 3.91102819 0.85900974 3.3190972  0.11807824
 3.26790019 4.79672794] 9.754505083865425e-06 True
basinhopping step 29: f 1.49214e-05 trial_f 1.49214e-05 accepted 1  lowest_f 3.40106e-06
[0.22756325 4.22851337 1.698114   0.99018252 2.11382021 1.48540526
 5.20100015 4.76526944 4.27826921 2.52387093 4.81239614 1.56386569
 0.53274925 4.65063471 4.24401971 0.97952525 2.99654824 0.01807873
 3.66889062 4.11360351] 1.4921356551379804e-05 True
basinhopping step 30: f 1.16323e-05 trial_f 1.16323e-05 accepted 1  lowest_f 3.40106e-06
[-0.00628487  4.42572032  1.4379998   1.92602957  2.22679779  1.79480468
  5.43510615  4.82844578  4.07828827  1.96105446  4.62848407  1.51987469
  0.75090359  4.65190909  4.7534453   1.05683875  3.55243918 -0.17041041
  3.026821    4.19379812] 1.1632318117726254e-05 True
basinhopping step 31: f 5.76591e-06 trial_f 5.76591e-06 accepted 1  lowest_f 3.40106e-06
[-0.64982675  4.47105748  1.74014595  2.57558681  2.46536628  1.72299894
  5.00460889  5.20578417  4.70739484  2.01885252  4.85588591  1.59783889
  0.51537273  4.4275767   4.67345717  1.48926012  4.13715605 -0.21257098
  3.11318041  3.59592065] 5.7659069646366626e-06 True
basinhopping step 32: f 1.66308e-05 trial_f 1.66308e-05 accepted 1  lowest_f 3.40106e-06
[-0.1557878   4.63078799  1.49679164  2.3996547   1.97908389  2.14063561
  4.42590157  5.19435392  4.74518674  2.22833021  4.49005703  1.62476174
  0.61538246  4.58634221  4.43271981  2.12305425  4.52851409  0.23967312
  3.56912723  3.3066205 ] 1.663077937490377e-05 True
basinhopping step 33: f 2.08104e-05 trial_f 2.08104e-05 accepted 1  lowest_f 3.40106e-06
[0.92434728 5.26959022 1.42426314 2.40959387 1.6138502  2.03014065
 4.68983878 4.83998753 3.92188743 2.39932813 3.95439794 1.71552408
 0.8113391  4.72552957 4.33016026 2.2848374  4.31146621 0.68692322
 3.17526389 3.42446906] 2.0810425474601093e-05 True
basinhopping step 34: f 1.37147e-05 trial_f 1.37147e-05 accepted 1  lowest_f 3.40106e-06
[1.77558938 5.4776785  1.92040813 2.30217848 1.44698362 1.29449762
 4.76156204 5.23103572 3.69879204 2.14897967 3.89179406 0.46620805
 0.11766426 3.82404478 4.186199   1.42726592 4.2624176  1.23842662
 3.78116077 5.05568698] 1.3714705960844327e-05 True
basinhopping step 35: f 7.51951e-06 trial_f 7.51951e-06 accepted 1  lowest_f 3.40106e-06
[0.70888293 4.82517968 1.72856414 2.14686787 1.94339545 1.13679103
 4.86326778 4.59238315 3.86991608 2.994606   3.82423266 0.87444882
 0.05533974 3.70977984 3.84055936 1.2031965  3.3130338  1.22372118
 3.75877692 4.97745272] 7.519508523391512e-06 True
basinhopping step 36: f 1.05973e-05 trial_f 1.05973e-05 accepted 1  lowest_f 3.40106e-06
[0.60141534 4.66700293 1.83486435 1.97788812 1.72290756 1.22523453
 4.92108585 4.28562929 3.66843785 2.68550384 3.73733754 0.59782537
 0.39976059 3.75562938 3.72653682 1.57569803 3.19220141 0.99250359
 3.76949492 4.94240211] 1.0597294110596471e-05 True
basinhopping step 37: f 5.09935e-06 trial_f 5.09935e-06 accepted 1  lowest_f 3.40106e-06
[ 1.08912138  4.34011805  2.1856953   1.73091838  1.01903022  0.7174743
  4.20007753  3.58046377  3.09101396  3.33526478  3.40942905  0.79564633
 -0.02525435  2.89360835  2.98998591  0.74513056  4.6309224   3.15130856
  3.81253784  4.50525406] 5.099352531490837e-06 True
basinhopping step 38: f 3.81742e-06 trial_f 3.81742e-06 accepted 1  lowest_f 3.40106e-06
[0.8934976  4.38136597 1.71340894 2.08230076 1.08434955 1.22255905
 4.50823143 3.65876168 3.26454188 3.04644419 3.63569934 0.52727275
 0.18329483 2.79952207 3.37756381 1.01351557 4.32854502 3.10571922
 3.50506343 4.54930096] 3.817422937098568e-06 True
basinhopping step 39: f 8.77988e-06 trial_f 8.77988e-06 accepted 1  lowest_f 3.40106e-06
[1.11808514 4.36875123 1.72544192 2.24537308 1.32705415 1.02883397
 4.5416149  3.38379641 3.62108117 2.94809164 3.68893514 0.86366298
 0.20419014 2.79782522 3.05001414 1.008207   4.57204688 3.31152711
 3.66296191 4.26750687] 8.779875203946593e-06 True
basinhopping step 40: f 1.0801e-05 trial_f 1.0801e-05 accepted 1  lowest_f 3.40106e-06
[0.96937543 4.50868379 1.92425029 1.70522627 0.90737379 1.55659925
 4.36070312 3.13022536 3.60264802 3.00843505 3.95735704 0.36321079
 0.42068966 2.62431168 3.32395598 0.96327976 4.09524906 3.18214677
 3.7419334  4.7986163 ] 1.0800956969015256e-05 True
basinhopping step 41: f 1.1389e-05 trial_f 1.1389e-05 accepted 1  lowest_f 3.40106e-06
[0.61315893 4.69588754 2.07302569 1.8029869  0.70080204 1.32952918
 4.42240019 3.24392306 3.22110561 3.45623217 3.7250638  0.22696143
 0.73382102 3.25143919 3.30058175 1.1881354  3.65258252 2.93317222
 3.3408472  5.36688163] 1.138903831572658e-05 True
basinhopping step 42: f 4.67641e-06 trial_f 4.67641e-06 accepted 1  lowest_f 3.40106e-06
[1.00008365 4.4096181  1.87260802 1.89342057 1.01622617 1.48621878
 4.31074785 3.55105637 3.26620933 2.55961626 3.63075788 0.80209614
 0.45870485 3.10791912 3.43245097 0.5693566  3.76216299 2.44625438
 3.92210804 4.46991495] 4.676407633284189e-06 True
basinhopping step 43: f 1.47083e-05 trial_f 1.47083e-05 accepted 1  lowest_f 3.40106e-06
[1.04026609 4.46969175 1.89274495 1.78369154 0.84060356 1.3696585
 3.98498819 3.07292564 3.60840378 2.2848388  3.43742578 0.82806237
 0.4658296  2.83046996 3.56889765 0.6294754  3.9692426  2.50905161
 3.64322977 4.57356849] 1.47083071644194e-05 True
basinhopping step 44: f 7.33123e-06 trial_f 7.33123e-06 accepted 1  lowest_f 3.40106e-06
[0.96679688 4.84024327 1.98022775 2.04531351 1.43823285 1.85041392
 4.22249938 3.58657492 4.0658269  1.71043822 3.31812311 0.45102366
 0.42697635 2.63656452 3.80574603 0.73992938 4.19856197 1.87357033
 3.76084165 4.0545885 ] 7.331229860438021e-06 True
basinhopping step 45: f 8.26864e-06 trial_f 8.26864e-06 accepted 1  lowest_f 3.40106e-06
[0.39344937 4.52707831 1.57618957 1.76677108 1.7363845  2.08594146
 5.06079639 4.71680325 4.89089096 1.29496103 3.34663204 0.33369965
 0.34483351 2.89382876 3.88304609 0.76282693 4.47536283 1.07922767
 3.87783892 3.90192481] 8.268644707905552e-06 True
basinhopping step 46: f 1.98241e-05 trial_f 1.98241e-05 accepted 1  lowest_f 3.40106e-06
[0.28763337 4.71663766 1.61720002 1.10732775 1.08298271 2.0797733
 5.08429002 4.99262743 4.39552785 0.89618621 2.97807229 0.29402428
 0.67738286 3.04295833 3.4719699  0.70604844 4.62326029 1.00140727
 3.57066004 3.54742438] 1.9824128612594006e-05 True
basinhopping step 47: f 2.66242e-05 trial_f 2.66242e-05 accepted 1  lowest_f 3.40106e-06
[0.6453536  5.01957511 1.59224187 0.98288126 1.08177409 2.08525882
 5.10682285 4.9078496  4.67445264 1.14699467 3.11573756 0.36644478
 0.42095472 2.9315809  3.62155404 0.83224266 4.51378032 0.99583071
 3.24746815 3.85776494] 2.6624185340571755e-05 True
basinhopping step 48: f 1.62874e-05 trial_f 1.62874e-05 accepted 1  lowest_f 3.40106e-06
[0.96383632 4.82241082 1.61168501 1.37303751 1.2976301  2.10472469
 4.80180546 5.24644019 4.98513645 1.18311212 3.16737534 0.88361807
 0.20164296 3.17676169 3.58383445 0.97983367 4.45792421 0.80776882
 3.03854946 3.97741362] 1.628736958113601e-05 True
basinhopping step 49: f 1.39946e-05 trial_f 1.39946e-05 accepted 1  lowest_f 3.40106e-06
[1.37914044 5.24559921 1.59934112 1.35917711 0.84499241 1.76815746
 4.07836234 5.43502806 4.52503321 1.4221172  3.03897029 0.31088115
 0.26119518 3.33029754 3.19156915 0.8873263  3.95863304 1.21547242
 3.49596314 4.1552928 ] 1.3994642791592823e-05 True
adaptive stepsize: acceptance rate 0.980000 target 0.500000 new stepsize 0.555556 old stepsize 0.5
basinhopping step 50: f 5.49682e-05 trial_f 5.49682e-05 accepted 1  lowest_f 3.40106e-06
[0.62773377 4.6301517  1.0902619  1.85831918 0.95268072 1.59627152
 4.38585941 5.37781703 4.96276416 1.58541365 3.3685931  0.84482711
 0.19720354 2.92019877 3.08422536 1.4192633  3.62224048 0.98195919
 3.32429979 3.73799673] 5.496822292509171e-05 True
basinhopping step 51: f 1.45928e-05 trial_f 1.45928e-05 accepted 1  lowest_f 3.40106e-06
[0.55852892 4.78906638 1.35515711 1.8304152  0.89859593 1.42790559
 4.13506072 5.66697041 4.91136363 0.72968257 3.33016216 0.03680607
 0.59343471 3.31868714 3.28168046 0.50792122 3.24431967 1.03430825
 3.3908352  4.62648959] 1.4592750230191681e-05 True
basinhopping step 52: f 1.36128e-05 trial_f 1.36128e-05 accepted 1  lowest_f 3.40106e-06
[1.05570976 4.69793132 1.86703023 1.84698952 1.00329862 1.20169695
 3.99597771 5.70151828 4.9711133  0.53916454 3.18132968 0.39399117
 0.44915848 4.22855916 3.26324282 0.16851699 3.22193546 1.47436132
 3.85750012 4.26354315] 1.3612750192047005e-05 True
basinhopping step 53: f 6.07113e-06 trial_f 6.07113e-06 accepted 1  lowest_f 3.40106e-06
[0.89168843 4.46698433 2.05983411 1.30569683 1.61840091 1.50797881
 3.92642056 6.41755425 5.36615287 0.80254023 3.245382   0.42174016
 1.2023484  3.41966992 3.0842839  0.06701612 3.32166932 1.04413354
 4.29216539 3.64153616] 6.071128125474888e-06 True
basinhopping step 54: f 5.96097e-06 trial_f 5.96097e-06 accepted 1  lowest_f 3.40106e-06
[1.81233446 4.18463045 1.86427293 1.89111047 1.36970249 0.66624474
 4.00561656 6.39374267 4.84596304 0.62314131 3.28393531 0.86908728
 0.82858374 3.30331334 2.84041466 0.48136789 3.61984008 1.21338107
 4.97741531 3.97753937] 5.960966411104774e-06 True
basinhopping step 55: f 6.25038e-06 trial_f 6.25038e-06 accepted 1  lowest_f 3.40106e-06
[1.71586669 4.14033636 1.56969667 2.06106555 1.20588853 0.74996629
 3.84080068 6.29048217 4.63478177 0.30174201 3.30271145 0.91002287
 0.58727319 2.9438389  3.07163813 0.47237569 3.12303622 1.14188173
 4.68123763 3.99109869] 6.2503750557303755e-06 True
basinhopping step 56: f 1.30255e-05 trial_f 1.30255e-05 accepted 1  lowest_f 3.40106e-06
[1.99473412 4.93475713 1.4974138  1.93592641 0.97930892 0.65928922
 4.17121342 5.71422561 4.38440002 0.44948836 3.97496664 1.03500315
 0.84017567 2.73943441 2.80523326 0.47796473 3.68637469 1.32285188
 4.88973493 4.16002532] 1.3025476702539156e-05 True
basinhopping step 57: f 9.69204e-06 trial_f 9.69204e-06 accepted 1  lowest_f 3.40106e-06
[2.78720721 5.56549031 1.44749899 2.21292052 1.29284833 1.17313628
 4.20306781 5.14418175 4.48591688 0.62765624 4.23797011 1.24715925
 0.80081958 3.52562779 2.5249132  0.60967668 3.21295404 1.45272992
 4.28152437 4.14004365] 9.692039408797357e-06 True
basinhopping step 58: f 1.60514e-05 trial_f 1.60514e-05 accepted 1  lowest_f 3.40106e-06
[2.10377329 5.8059651  1.15332952 2.36867419 1.08578298 1.82298064
 4.60340929 4.94067947 3.84492524 0.73129272 4.26183985 1.23538172
 0.70679715 3.13998128 2.76401568 0.68835268 3.93532299 1.55564126
 4.01540991 4.70639207] 1.6051380753037676e-05 True
basinhopping step 59: f 4.17068e-05 trial_f 4.17068e-05 accepted 1  lowest_f 3.40106e-06
[2.17979913 5.67823532 1.37741953 2.04795454 1.04066436 1.37292248
 4.5878452  5.27974011 4.20979159 0.36549988 3.83309739 1.67251976
 0.27385641 3.80193671 2.3895657  0.87472684 3.77538007 1.77059204
 4.05827594 4.90496379] 4.170683637657903e-05 True
basinhopping step 60: f 8.82512e-06 trial_f 8.82512e-06 accepted 1  lowest_f 3.40106e-06
[2.10426263 5.54044247 1.72613483 2.27333117 1.05617201 1.62143033
 4.40863823 5.78941346 4.34636368 0.75690184 4.04374839 1.00044782
 0.71527915 3.78602929 1.56264576 1.08610893 4.37889453 2.05682373
 3.29862137 5.26353064] 8.825123904217882e-06 True
basinhopping step 61: f 1.41634e-05 trial_f 1.41634e-05 accepted 1  lowest_f 3.40106e-06
[2.94990918 5.1106181  1.61151925 1.99673079 1.21893083 1.41855474
 4.22306368 5.27466045 4.18870047 0.58443514 3.98822383 0.55587324
 0.4227646  3.70790195 1.59400849 0.71506597 5.35316133 1.37427161
 3.63600999 5.07232168] 1.4163445515970813e-05 True
basinhopping step 62: f 1.31311e-05 trial_f 1.31311e-05 accepted 1  lowest_f 3.40106e-06
[2.65146494 5.02900906 1.58609622 1.99856382 1.22075763 1.39417099
 3.93480176 5.08994587 4.45620994 0.32120722 4.31795187 0.39961366
 0.2740002  3.35680283 1.33635781 0.84844345 5.46677285 1.39398763
 3.97309434 4.72025471] 1.3131084440056303e-05 True
basinhopping step 63: f 6.73921e-06 trial_f 6.73921e-06 accepted 1  lowest_f 3.40106e-06
[ 3.72432775  5.24543229  1.09889639  1.20218339  0.63842997  0.46484778
  4.61038387  4.85570653  4.28505852  0.13135816  3.89682713 -0.01128469
  0.3620848   4.33090087  1.15800684  1.58515994  5.34549844  1.89893516
  4.93216615  4.92630091] 6.739211876968125e-06 True
basinhopping step 64: f 2.52081e-05 trial_f 2.52081e-05 accepted 1  lowest_f 3.40106e-06
[4.24624958 5.27626832 1.11109538 0.52496512 0.24689097 0.69997304
 4.4242664  5.20297101 3.88499303 0.35456046 4.13533726 0.25638877
 0.20543856 4.63913064 1.36357355 1.43993373 5.6433161  2.04981772
 4.58531057 4.85977575] 2.52080565031395e-05 True
basinhopping step 65: f 4.1616e-06 trial_f 4.1616e-06 accepted 1  lowest_f 3.40106e-06
[4.72689239 4.8123297  0.58889418 0.35717005 0.78513545 0.48500517
 3.78651437 5.75886982 3.5849831  0.74560031 4.21505917 0.4605219
 0.56475592 4.58566733 1.46948963 0.83374281 5.36443886 2.05799747
 5.06054739 4.4552684 ] 4.161601830077121e-06 True
basinhopping step 66: f 1.84148e-05 trial_f 1.84148e-05 accepted 1  lowest_f 3.40106e-06
[3.99722604 5.35199197 0.39459019 0.9248102  1.63012041 1.29356321
 3.47676127 5.5950524  4.05354435 1.01017313 3.70443775 0.13053402
 0.812712   3.81658156 1.64090103 1.54077183 5.48452327 1.58857027
 4.57486345 5.11140463] 1.8414764786054117e-05 True
basinhopping step 67: f 1.51859e-05 trial_f 1.51859e-05 accepted 1  lowest_f 3.40106e-06
[4.16140542 5.06630521 0.37073122 0.82408046 1.58733237 0.88273731
 3.42377489 5.26539271 3.58577056 0.4094921  3.92501431 0.38675943
 1.00856684 4.66863758 1.47741981 1.77429372 5.99755061 1.8975289
 4.88375918 4.29969373] 1.5185941299799116e-05 True
basinhopping step 68: f 4.78688e-06 trial_f 4.78688e-06 accepted 1  lowest_f 3.40106e-06
[4.18462755 4.48780999 0.8572085  1.23545001 1.75218268 1.08164296
 3.64732965 5.41499334 3.49703543 0.01248303 4.13807223 0.49037205
 1.11591763 4.59748048 1.20509212 2.23742133 5.59010066 1.80866758
 4.84277398 5.13885287] 4.786878919471001e-06 True
basinhopping step 69: f 1.53158e-05 trial_f 1.53158e-05 accepted 1  lowest_f 3.40106e-06
[3.90491984 4.54783979 1.48365647 1.25224337 2.10836487 0.72313222
 3.58710711 4.98799568 3.4240989  0.51873876 4.54583156 0.51380218
 0.72056585 4.68142569 1.0592055  2.40126197 5.23080901 2.00793079
 4.88180667 5.17196164] 1.5315810228500105e-05 True
basinhopping step 70: f 1.0158e-05 trial_f 1.0158e-05 accepted 1  lowest_f 3.40106e-06
[3.35737335 3.50694583 0.9294016  1.19638661 1.76004438 0.54489234
 4.0616179  5.16782441 3.47110212 1.12922729 5.19498191 1.34649971
 1.58690697 5.52425317 1.99835261 2.43988251 4.57614558 0.81611345
 4.56235133 4.32250357] 1.0157978970037776e-05 True
basinhopping step 71: f 2.10288e-05 trial_f 2.10288e-05 accepted 1  lowest_f 3.40106e-06
[3.66244773 3.77477153 0.55509013 0.77029455 1.23785529 0.27045883
 4.43646817 5.09713505 3.02898696 1.58308991 5.67182524 1.67602883
 0.8278916  5.30009375 1.37469286 2.80249926 4.66843889 1.21883492
 4.56754939 4.40030803] 2.1028841304073152e-05 True
basinhopping step 72: f 2.06259e-05 trial_f 2.06259e-05 accepted 1  lowest_f 3.40106e-06
[ 3.28751837  3.81843162  0.94092889  0.25697457  0.2426795  -0.03645465
  5.26784192  6.40746694  3.1836765   1.26149105  6.36254475  1.00581242
  0.78711841  4.98885292  0.97521151  2.96114144  4.29308228  2.01200823
  4.52283139  4.0344819 ] 2.0625867860810096e-05 True
basinhopping step 73: f 1.65756e-05 trial_f 1.65756e-05 accepted 1  lowest_f 3.40106e-06
[3.40632584 3.97200301 1.08403259 0.39756808 0.49346975 0.3170042
 5.24016932 6.20447002 3.14211575 0.87951329 6.35476117 1.2469679
 0.89813669 5.23072239 1.04272345 3.4593213  4.72674682 2.00873599
 4.64085123 4.1716552 ] 1.6575614808048787e-05 True
basinhopping step 74: f 4.42937e-06 trial_f 4.42937e-06 accepted 1  lowest_f 3.40106e-06
[ 3.02663839e+00  3.79893298e+00  1.34595627e+00 -2.13391355e-03
  3.10265053e-01  2.36202361e-01  6.24019175e+00  7.03987975e+00
  4.38136256e+00  1.27768273e+00  5.04391074e+00  1.05486582e+00
  2.03122686e+00  5.18006323e+00  1.30597068e+00  3.61483606e+00
  3.80263840e+00  1.26624648e+00  4.37477865e+00  4.17418630e+00] 4.4293736979032345e-06 True
basinhopping step 75: f 7.38268e-06 trial_f 7.38268e-06 accepted 1  lowest_f 3.40106e-06
[ 3.00886017  3.63088943  1.20405383  0.02307308 -0.34152382  0.23031957
  6.26689618  7.05961302  4.29412649  1.40246472  4.35557209  0.77985589
  2.11937939  5.3147882   1.42333778  3.88978209  3.59535165  0.68932545
  4.52448165  4.01945107] 7.3826835641827784e-06 True
basinhopping step 76: f 1.46283e-05 trial_f 1.46283e-05 accepted 1  lowest_f 3.40106e-06
[3.67581048 3.41885712 0.64217139 0.40454015 0.11584115 0.30373166
 5.76788448 5.63294735 3.43698346 1.16830648 4.43058797 0.93645263
 1.6281209  5.27360959 1.44094906 4.6881162  4.00948434 1.14763235
 4.56157472 3.74633568] 1.462826850857656e-05 True
basinhopping step 77: f 3.49011e-06 trial_f 3.49011e-06 accepted 1  lowest_f 3.40106e-06
[2.81375595 2.62927786 0.33846286 0.47237409 1.24989357 0.82066397
 6.12639204 6.43203739 3.90799817 1.03649426 4.4042139  0.78481788
 1.46849393 5.43839773 1.23360518 4.57241539 4.03896466 1.44477977
 3.64530764 3.41903037] 3.490108737326071e-06 True
basinhopping step 78: f 4.61915e-06 trial_f 4.61915e-06 accepted 1  lowest_f 3.40106e-06
[2.44730872 3.07644606 0.32306988 0.27119298 1.70143014 0.63292823
 6.54705981 5.83677685 3.91331919 0.95378374 3.96571846 0.82563096
 1.54819735 4.84030094 1.24998469 4.11200885 4.34727859 1.38511057
 3.38903117 3.34926721] 4.619153960934846e-06 True
basinhopping step 79: f 5.62892e-06 trial_f 5.62892e-06 accepted 1  lowest_f 3.40106e-06
[ 2.93944774  3.16551898 -0.03829583  0.47099939  2.16191461  0.76554175
  6.18763977  5.8908359   3.43500389  1.38432706  3.61627147  1.21998621
  1.60122386  4.7647795   0.82014751  3.72417283  3.85806639  1.37670872
  3.76195789  3.6647932 ] 5.628922770140325e-06 True
basinhopping step 80: f 6.71504e-06 trial_f 6.71504e-06 accepted 1  lowest_f 3.40106e-06
[2.52547474 3.0659997  0.19430927 0.19889651 2.42718612 1.01989402
 5.76606438 6.24873715 3.17751666 1.15254301 3.32806202 1.09723902
 1.37797635 4.64044249 1.05575473 3.18375234 3.93609583 0.62218487
 3.56438261 3.79227719] 6.71504148364187e-06 True
basinhopping step 81: f 1.27347e-05 trial_f 1.27347e-05 accepted 1  lowest_f 3.40106e-06
[ 2.48948032  2.61410366 -0.35231349  0.58362619  1.21581578  0.3225017
  6.74525002  6.90462858  3.1925604   0.86924124  3.09102721  1.45679002
  0.95162238  4.76425905  1.20947625  3.32780548  4.26356994 -0.03891329
  4.15417447  4.31782134] 1.2734688651000198e-05 True
basinhopping step 82: f 1.44475e-05 trial_f 1.44475e-05 accepted 1  lowest_f 3.40106e-06
[ 2.03204664  2.81003919 -0.36551564  0.32355842  1.22711694  0.38880547
  6.24278219  6.91680735  2.91707961  1.12910833  3.48553503  1.48188973
  0.72110624  4.33215028  1.09017707  2.89418824  4.08658624  0.45746951
  4.47206355  4.22854448] 1.4447485098010364e-05 True
basinhopping step 83: f 1.25147e-05 trial_f 1.25147e-05 accepted 1  lowest_f 3.40106e-06
[ 2.1076026   2.92773849 -0.42903195  0.40959559  0.96901264  0.85836642
  5.9079216   6.73886752  3.32438012  1.14462205  3.79774142  1.31918876
  0.7511377   4.86423105  1.35673386  3.10062891  4.03612993  0.68491029
  4.42591148  4.43187289] 1.2514727382827599e-05 True
basinhopping step 84: f 1.14583e-05 trial_f 1.14583e-05 accepted 1  lowest_f 3.40106e-06
[ 2.5057258   3.20727856 -0.08308121  0.43507235  0.75451457  0.34451994
  5.7349229   6.80546431  3.61615877  1.55457391  4.38790585  1.74855787
  0.85601872  4.97404702  1.11694157  3.31199314  3.61456671  0.4252841
  3.68970397  4.6045569 ] 1.1458288290068942e-05 True
basinhopping step 85: f 1.45644e-05 trial_f 1.45644e-05 accepted 1  lowest_f 3.40106e-06
[ 2.97308069  3.50499614  0.52291812  0.14531861 -0.34290948 -0.20923456
  6.19513256  6.21616892  2.90273114  0.93424399  4.42049474  1.38289382
  1.37326813  5.24665591  1.22772066  3.42607212  4.08128891  0.20972007
  3.93891637  4.11851382] 1.4564376119066456e-05 True
basinhopping step 86: f 1.61923e-05 trial_f 1.61923e-05 accepted 1  lowest_f 3.40106e-06
[ 3.10892857  3.71026202  0.3171058  -0.20039449 -0.13434785  0.00917413
  5.7441504   6.19975004  2.91869574  0.85099038  4.71645626  0.98045259
  1.29030212  4.75359061  1.15606885  3.39713906  3.6633516   0.7869722
  3.64097968  4.72452879] 1.6192334322661247e-05 True
basinhopping step 87: f 2.24849e-05 trial_f 2.24849e-05 accepted 1  lowest_f 3.40106e-06
[ 3.25262974  4.05485951  0.40943336  0.29055586 -0.08839513  0.15364098
  5.6312866   6.19356252  2.72997285  0.55396648  4.48247747  1.1688424
  1.27666073  4.69227232  1.35054077  3.14547091  3.66510621  1.004768
  3.89686157  4.74910596] 2.2484864739886163e-05 True
basinhopping step 88: f 5.76008e-06 trial_f 5.76008e-06 accepted 1  lowest_f 3.40106e-06
[ 2.6074802   3.43780068  0.45237234  0.12823075 -0.03844943  0.59865834
  6.64877991  6.4556416   1.54112125  0.98460301  5.45624732  1.48161055
  1.59703541  4.21435948  1.30332476  3.66550918  4.51288149  0.26717079
  3.73426874  4.34100023] 5.760076320435943e-06 True
basinhopping step 89: f 8.59512e-06 trial_f 8.59512e-06 accepted 1  lowest_f 3.40106e-06
[2.41617461 2.82047762 0.04099306 0.53680437 0.77780895 0.50551927
 6.49765128 6.30658089 1.46235445 1.28141139 5.54915859 0.93151959
 1.22231623 3.89126502 0.9141624  2.92520843 3.72382313 0.82593158
 4.3534109  4.70085082] 8.595118070875713e-06 True
basinhopping step 90: f 7.0257e-06 trial_f 7.0257e-06 accepted 1  lowest_f 3.40106e-06
[ 2.72028968  2.1197245  -0.32634933  0.57714005  0.61877842  0.81018134
  6.53409871  6.42429543  1.05996847  0.95047166  4.82475607  0.90450039
  1.87462605  3.55637612  1.05118794  3.18413998  4.3075833   1.40336109
  4.56772387  4.17002326] 7.025699096790643e-06 True
basinhopping step 91: f 7.67361e-06 trial_f 7.67361e-06 accepted 1  lowest_f 3.40106e-06
[ 2.72232373  2.32751272 -0.05223623  0.76013586  0.72437175  0.99761833
  6.6523326   6.15320139  0.84532279  1.09006942  4.99893579  0.81263999
  1.32902573  4.27508872  1.13768974  3.17689963  4.41629647  1.76975477
  4.70460721  4.16393514] 7.673613733674244e-06 True
basinhopping step 92: f 4.02319e-06 trial_f 4.02319e-06 accepted 1  lowest_f 3.40106e-06
[2.9357615  2.49311419 0.05948296 0.95150232 0.44140243 1.16144032
 6.36115356 6.69254898 0.01363765 1.09246099 6.40329412 0.62655169
 1.04965483 3.24427398 0.08544175 3.98007874 4.00323441 1.52755277
 5.07654419 4.6841797 ] 4.02318789750875e-06 True
basinhopping step 93: f 6.36734e-06 trial_f 6.36734e-06 accepted 1  lowest_f 3.40106e-06
[2.9013501  2.53647974 0.18145132 0.80353173 0.45541308 0.71244419
 6.04943506 6.41155989 0.17134696 1.05512228 6.16925317 1.11438152
 0.22659827 3.19711331 0.41975859 4.13582064 4.88611171 1.62147909
 4.9186198  3.9080619 ] 6.367339560040813e-06 True
basinhopping step 94: f 2.90789e-05 trial_f 2.90789e-05 accepted 1  lowest_f 3.40106e-06
[ 2.93936308  2.19295198 -0.68911633  0.30803954  0.75868618  0.83933598
  5.96329283  6.88936724  0.55554228  1.32066263  6.56361897  1.28616537
  0.17768088  2.93875929  1.20333391  4.07006737  4.94869344  1.0402405
  4.33382022  3.70985239] 2.9078877660827324e-05 True
basinhopping step 95: f 9.82486e-06 trial_f 9.82486e-06 accepted 1  lowest_f 3.40106e-06
[ 2.4964947   1.82748801 -0.29854142  0.2547449   0.49456631  1.07667261
  5.8484977   6.39500219  0.44133013  1.16234046  6.7431323   1.22541019
  0.48281732  3.16192808  1.10838918  4.12477878  4.8959821   1.28541211
  4.04433172  3.81476823] 9.824855813839295e-06 True
basinhopping step 96: f 4.05062e-06 trial_f 4.05062e-06 accepted 1  lowest_f 3.40106e-06
[ 1.12528061e+00  1.71180737e+00  1.02844024e+00  4.24886612e-01
 -3.17203616e-03  5.01904743e-01  5.42355112e+00  6.82618687e+00
  6.36119005e-01  1.30531855e+00  6.41673907e+00  8.42106111e-01
  4.01673086e-01  3.72969991e+00  1.54684516e+00  4.20220613e+00
  4.63128741e+00  2.17960943e+00  5.02373778e+00  4.57414198e+00] 4.050621736438389e-06 True
basinhopping step 97: f 4.32112e-06 trial_f 4.32112e-06 accepted 1  lowest_f 3.40106e-06
[0.80973299 1.57731245 0.9235059  0.19611539 0.39973498 0.85991106
 6.17779721 6.62783159 0.873106   0.89010058 6.1032604  0.79337469
 0.30008662 4.17320631 2.1341227  4.7557502  4.92829034 1.74025623
 4.71096899 4.36179961] 4.321121564638076e-06 True
basinhopping step 98: f 1.29591e-05 trial_f 1.29591e-05 accepted 1  lowest_f 3.40106e-06
[0.80455887 1.38503502 0.85650376 0.12399642 0.92368934 1.12484567
 6.04955983 6.35765857 1.02292599 0.88292639 6.07411616 0.51244776
 0.09254474 4.20901247 2.06309524 4.7415865  4.61425405 1.68962006
 4.61634344 4.88033046] 1.2959082827984393e-05 True
basinhopping step 99: f 1.74882e-05 trial_f 1.74882e-05 accepted 1  lowest_f 3.40106e-06
[0.81991271 1.46625699 0.7697234  0.71646491 1.05633604 0.80150241
 6.05027041 6.1675887  1.27487244 1.24052911 5.65334873 0.28922824
 0.27684602 3.97158236 1.9697073  4.67609182 4.36857228 1.94394382
 4.80522397 4.93772931] 1.7488234330294747e-05 True
adaptive stepsize: acceptance rate 0.990000 target 0.500000 new stepsize 0.617284 old stepsize 0.555556
basinhopping step 100: f 1.11294e-05 trial_f 1.11294e-05 accepted 1  lowest_f 3.40106e-06
[1.33010674 1.69892275 0.55594619 0.22326034 0.90871871 0.95894339
 6.00506675 6.46979223 1.14503161 0.39978032 6.08579167 0.45841725
 1.47154379 4.37821211 1.44237035 3.93822721 4.37383403 1.8107435
 4.66376654 5.52866899] 1.1129381867166677e-05 True
                        fun: 3.401063149143477e-06
 lowest_optimization_result:       fun: 3.401063149143477e-06
 hess_inv: array([[ 1.70767911e+03,  1.32844014e+03,  5.95383021e+02,
         1.89252832e+02, -4.53491799e+02, -3.40200763e+02,
        -3.64655775e+01, -1.16207500e+03, -1.87311316e+03,
        -1.92667794e+03,  9.62737795e+02,  5.49892947e+02,
        -1.16852142e+03,  1.38555480e+03,  1.00267857e+03,
        -2.07321275e+02,  5.62996773e+01,  5.24800991e+02,
        -2.62329528e+02, -8.73308717e+02],
       [ 1.32844014e+03,  1.19027189e+03,  3.97255264e+02,
         1.14657870e+02, -3.42130717e+02, -3.77632669e+02,
         2.41820552e+01, -8.51133011e+02, -1.58734054e+03,
        -1.61245387e+03,  9.84210425e+02,  6.06802332e+02,
        -9.52348009e+02,  1.17754108e+03,  6.79422368e+02,
        -1.46023158e+02,  1.26434342e+02,  3.87256561e+02,
        -3.22155026e+02, -8.26281124e+02],
       [ 5.95383021e+02,  3.97255264e+02,  4.71760833e+02,
         2.01656358e+02, -1.31226824e+02, -1.95830192e+02,
        -1.39733465e+02, -3.76023092e+02, -4.74665630e+02,
        -4.47321098e+02,  6.51807189e+00, -3.42572139e+00,
        -3.32654998e+02,  3.16475427e+02,  6.02654589e+02,
        -1.84259028e+02, -2.45492684e+02,  1.89528786e+02,
        -1.68322857e+02, -8.09252545e+01],
       [ 1.89252832e+02,  1.14657870e+02,  2.01656358e+02,
         1.24428437e+02, -1.30992031e+01,  1.18207255e+01,
        -3.60881493e+01, -9.91443927e+01, -1.14149168e+02,
        -1.01812693e+02, -6.11518271e+01, -1.06413654e+02,
        -1.48239206e+02,  2.76879551e+01,  1.92941694e+02,
        -7.40919769e+01, -1.31504780e+02,  4.46992153e+01,
         2.15699420e-01, -2.02096159e+01],
       [-4.53491799e+02, -3.42130717e+02, -1.31226824e+02,
        -1.30992031e+01,  2.54651090e+02,  1.39481032e+02,
         4.02844901e+01,  3.38257771e+02,  5.22633425e+02,
         4.89496400e+02, -4.78679167e+02, -3.18074042e+02,
         3.40204068e+02, -4.60695507e+02, -3.89866466e+02,
         5.73975758e+01,  4.01433694e+01, -1.18133439e+02,
         8.50285164e+01,  3.99590579e+02],
       [-3.40200763e+02, -3.77632669e+02, -1.95830192e+02,
         1.18207255e+01,  1.39481032e+02,  5.01688242e+02,
         1.47098169e+02,  2.25425811e+02,  4.08358717e+02,
         3.53853625e+02, -2.53983342e+02, -3.93524980e+02,
         6.70841455e+01, -4.17777654e+02, -4.13124684e+02,
         1.08289184e+02,  4.51377900e+01, -1.32979692e+02,
         4.26091835e+02,  9.26565138e+01],
       [-3.64655775e+01,  2.41820552e+01, -1.39733465e+02,
        -3.60881493e+01,  4.02844901e+01,  1.47098169e+02,
         1.28442710e+02,  5.05418571e+01, -5.64301526e+01,
        -8.82544751e+01,  1.43638800e+02,  7.99900205e+00,
        -7.48941717e+01, -4.13668388e+00, -2.39577393e+02,
         6.52516406e+01,  1.33597369e+02, -3.51664542e+01,
         1.09548815e+02, -1.39129198e+02],
       [-1.16207500e+03, -8.51133011e+02, -3.76023092e+02,
        -9.91443927e+01,  3.38257771e+02,  2.25425811e+02,
         5.05418571e+01,  8.52880252e+02,  1.26864590e+03,
         1.32315432e+03, -6.15823966e+02, -3.74147789e+02,
         7.64063590e+02, -9.72248343e+02, -7.02923721e+02,
         1.19474002e+02, -8.09581259e+01, -3.86012810e+02,
         1.30637096e+02,  5.49680728e+02],
       [-1.87311316e+03, -1.58734054e+03, -4.74665630e+02,
        -1.14149168e+02,  5.22633425e+02,  4.08358717e+02,
        -5.64301526e+01,  1.26864590e+03,  2.24320807e+03,
         2.31047337e+03, -1.39614459e+03, -8.37298145e+02,
         1.35018688e+03, -1.68390275e+03, -9.19979824e+02,
         1.56154424e+02, -2.52763045e+02, -5.63133095e+02,
         3.17993957e+02,  1.18517993e+03],
       [-1.92667794e+03, -1.61245387e+03, -4.47321098e+02,
        -1.01812693e+02,  4.89496400e+02,  3.53853625e+02,
        -8.82544751e+01,  1.32315432e+03,  2.31047337e+03,
         2.43210461e+03, -1.32357602e+03, -7.66072604e+02,
         1.37902468e+03, -1.71278679e+03, -8.44140635e+02,
         1.25211971e+02, -3.42403391e+02, -6.07788795e+02,
         2.43498088e+02,  1.12040898e+03],
       [ 9.62737795e+02,  9.84210425e+02,  6.51807189e+00,
        -6.11518271e+01, -4.78679167e+02, -2.53983342e+02,
         1.43638800e+02, -6.15823966e+02, -1.39614459e+03,
        -1.32357602e+03,  1.61134023e+03,  9.95041796e+02,
        -8.99363540e+02,  1.14723703e+03,  4.33630960e+02,
        -3.38231823e+01,  2.05446270e+02,  1.62343513e+02,
        -2.63245540e+02, -1.32833911e+03],
       [ 5.49892947e+02,  6.06802332e+02, -3.42572139e+00,
        -1.06413654e+02, -3.18074042e+02, -3.93524980e+02,
         7.99900205e+00, -3.74147789e+02, -8.37298145e+02,
        -7.66072604e+02,  9.95041796e+02,  7.89510896e+02,
        -3.91158165e+02,  7.76373910e+02,  3.56778303e+02,
        -3.89401763e+01,  1.36519147e+02,  1.14018872e+02,
        -3.74976740e+02, -7.30142273e+02],
       [-1.16852142e+03, -9.52348009e+02, -3.32654998e+02,
        -1.48239206e+02,  3.40204068e+02,  6.70841455e+01,
        -7.48941717e+01,  7.64063590e+02,  1.35018688e+03,
         1.37902468e+03, -8.99363540e+02, -3.91158165e+02,
         9.73439451e+02, -9.57235116e+02, -5.72655215e+02,
         1.05257321e+02, -6.09990402e+01, -3.05659651e+02,
         3.43077596e+01,  8.52503110e+02],
       [ 1.38555480e+03,  1.17754108e+03,  3.16475427e+02,
         2.76879551e+01, -4.60695507e+02, -4.17777654e+02,
        -4.13668388e+00, -9.72248343e+02, -1.68390275e+03,
        -1.71278679e+03,  1.14723703e+03,  7.76373910e+02,
        -9.57235116e+02,  1.34521213e+03,  7.69738518e+02,
        -1.14417358e+02,  1.90276596e+02,  4.21019977e+02,
        -3.16759171e+02, -9.18678145e+02],
       [ 1.00267857e+03,  6.79422368e+02,  6.02654589e+02,
         1.92941694e+02, -3.89866466e+02, -4.13124684e+02,
        -2.39577393e+02, -7.02923721e+02, -9.19979824e+02,
        -8.44140635e+02,  4.33630960e+02,  3.56778303e+02,
        -5.72655215e+02,  7.69738518e+02,  1.07558687e+03,
        -2.53029953e+02, -3.19148078e+02,  2.92853804e+02,
        -3.45297907e+02, -4.05944430e+02],
       [-2.07321275e+02, -1.46023158e+02, -1.84259028e+02,
        -7.40919769e+01,  5.73975758e+01,  1.08289184e+02,
         6.52516406e+01,  1.19474002e+02,  1.56154424e+02,
         1.25211971e+02, -3.38231823e+01, -3.89401763e+01,
         1.05257321e+02, -1.14417358e+02, -2.53029953e+02,
         8.54957050e+01,  1.21069656e+02, -5.49472435e+01,
         1.12531430e+02,  5.16185884e+01],
       [ 5.62996773e+01,  1.26434342e+02, -2.45492684e+02,
        -1.31504780e+02,  4.01433694e+01,  4.51377900e+01,
         1.33597369e+02, -8.09581259e+01, -2.52763045e+02,
        -3.42403391e+02,  2.05446270e+02,  1.36519147e+02,
        -6.09990402e+01,  1.90276596e+02, -3.19148078e+02,
         1.21069656e+02,  3.66602543e+02,  5.67950706e+01,
         6.59260370e+01, -1.11018706e+02],
       [ 5.24800991e+02,  3.87256561e+02,  1.89528786e+02,
         4.46992153e+01, -1.18133439e+02, -1.32979692e+02,
        -3.51664542e+01, -3.86012810e+02, -5.63133095e+02,
        -6.07788795e+02,  1.62343513e+02,  1.14018872e+02,
        -3.05659651e+02,  4.21019977e+02,  2.92853804e+02,
        -5.49472435e+01,  5.67950706e+01,  2.07630805e+02,
        -6.46826499e+01, -1.31945361e+02],
       [-2.62329528e+02, -3.22155026e+02, -1.68322857e+02,
         2.15699420e-01,  8.50285164e+01,  4.26091835e+02,
         1.09548815e+02,  1.30637096e+02,  3.17993957e+02,
         2.43498088e+02, -2.63245540e+02, -3.74976740e+02,
         3.43077596e+01, -3.16759171e+02, -3.45297907e+02,
         1.12531430e+02,  6.59260370e+01, -6.46826499e+01,
         4.56667685e+02,  1.37107851e+02],
       [-8.73308717e+02, -8.26281124e+02, -8.09252545e+01,
        -2.02096159e+01,  3.99590579e+02,  9.26565138e+01,
        -1.39129198e+02,  5.49680728e+02,  1.18517993e+03,
         1.12040898e+03, -1.32833911e+03, -7.30142273e+02,
         8.52503110e+02, -9.18678145e+02, -4.05944430e+02,
         5.16185884e+01, -1.11018706e+02, -1.31945361e+02,
         1.37107851e+02,  1.18031014e+03]])
      jac: array([-1.19164386e-06,  5.45008285e-06,  2.31853704e-06, -4.08843459e-06,
       -3.31528051e-06,  2.53901234e-06,  2.80964090e-06, -3.54191968e-06,
       -1.39087587e-06,  3.79219725e-06, -3.62987899e-06,  4.43334238e-06,
       -2.95315004e-07, -2.47765917e-06, -5.34848937e-07, -1.20857067e-08,
       -2.18541061e-08, -1.81135482e-06,  6.34334839e-07,  3.69086592e-07])
  message: 'Optimization terminated successfully.'
     nfev: 12936
      nit: 555
     njev: 616
   status: 0
  success: True
        x: array([ 4.40288181e-01,  6.07343629e+00,  2.99294260e+00,  5.12018358e+00,
       -1.03376067e+00, -6.08799582e-03,  6.27022584e+00,  2.77081894e+00,
        3.30298655e+00,  3.88509332e+00,  3.55052073e+00,  1.49439662e+00,
        1.36006975e+00,  3.62705948e+00,  4.15005472e+00,  9.18623100e-01,
        6.45475165e+00,  8.64800603e-01,  3.76515143e+00,  6.13906921e+00])
                    message: ['requested number of basinhopping iterations completed successfully']
      minimization_failures: 0
                       nfev: 428883
                        nit: 100
                       njev: 20423
                          x: array([ 4.40288181e-01,  6.07343629e+00,  2.99294260e+00,  5.12018358e+00,
       -1.03376067e+00, -6.08799582e-03,  6.27022584e+00,  2.77081894e+00,
        3.30298655e+00,  3.88509332e+00,  3.55052073e+00,  1.49439662e+00,
        1.36006975e+00,  3.62705948e+00,  4.15005472e+00,  9.18623100e-01,
        6.45475165e+00,  8.64800603e-01,  3.76515143e+00,  6.13906921e+00])
0.03607861871021515

Process finished with exit code 0
