/home/alex/Desktop/Projects/SimsV3/venv/bin/python /home/alex/Desktop/Projects/SimsV3/Simple_ManyWP_reproducability_test1.py
basinhopping step 0: f 1.90387e-05
[5.82887111 0.63194458 5.52637607 2.41837884 5.07318744 2.72048486
 1.7948271  5.60323136 5.80048618 3.63089949 2.68806273 3.0174401
 3.66567684 2.67963072 1.66398312 1.82113274 1.82369602 4.94396898
 4.60107709 1.470974  ] 1.9038658815549264e-05 True
basinhopping step 1: f 8.96621e-06 trial_f 8.96621e-06 accepted 1  lowest_f 8.96621e-06
found new global minimum on step 1 with function value 8.96621e-06
[5.5848116  1.05711753 5.93643961 2.07967535 5.13122054 3.20058026
 1.80269399 5.61438521 5.75931785 3.34957943 2.57947234 2.79577352
 3.09801327 2.0142621  1.38585077 1.76504123 1.74446453 4.7585057
 5.02337948 1.10531139] 8.966210230572356e-06 True
basinhopping step 2: f 5.11966e-06 trial_f 5.11966e-06 accepted 1  lowest_f 5.11966e-06
found new global minimum on step 2 with function value 5.11966e-06
[5.62917781 0.80856343 5.62986859 2.07678876 5.19506543 2.91029565
 1.75212528 5.71349722 6.13400332 3.32430831 2.39625611 2.92537926
 2.81408695 1.92189848 1.21496366 1.7129052  1.91854795 4.77824958
 4.96291684 1.17541486] 5.119663090172139e-06 True
basinhopping step 3: f 2.53378e-05 trial_f 2.53378e-05 accepted 1  lowest_f 5.11966e-06
[5.49675381 0.60565153 5.69584386 2.55517144 5.47389312 3.08410018
 1.98744492 5.55060538 5.54899985 3.22938186 2.40025436 3.23131919
 2.65901181 1.76317623 0.90927497 1.5511884  1.32247188 5.09893386
 5.12550314 1.10760675] 2.5337752559970068e-05 True
basinhopping step 4: f 1.35446e-05 trial_f 1.35446e-05 accepted 1  lowest_f 5.11966e-06
[5.96339526 0.25177957 5.90883145 2.30432839 5.17341875 3.15315508
 2.09115709 5.93254996 5.60133877 3.07557101 2.27996836 3.14372934
 2.65161952 1.84158577 0.54900692 1.75749938 1.12233371 5.40031217
 4.70627425 1.48438349] 1.3544557691471238e-05 True
basinhopping step 5: f 9.22e-06 trial_f 9.22e-06 accepted 1  lowest_f 5.11966e-06
[5.80063704 0.01592775 5.54077388 2.41793961 5.30420209 3.23877687
 2.4332886  6.64006112 6.13281593 3.35877328 2.32668617 3.42756829
 3.00815547 2.71188026 0.26195613 1.267471   0.82909004 5.66498241
 4.17454274 1.05390883] 9.219999421120082e-06 True
basinhopping step 6: f 1.26896e-05 trial_f 1.26896e-05 accepted 1  lowest_f 5.11966e-06
[ 5.95759158 -0.12157949  5.88760156  1.98410323  5.56478597  3.48707709
  2.58141383  6.47003801  6.10680312  3.84075778  2.62939027  3.4284279
  3.08937916  2.60679338  0.28553206  1.23623172  0.52803166  5.15186808
  3.93333872  1.26934597] 1.2689597566333968e-05 True
basinhopping step 7: f 1.418e-05 trial_f 1.418e-05 accepted 1  lowest_f 5.11966e-06
[ 6.00904501 -0.21474271  5.77957382  1.89700273  5.85673087  3.54043698
  2.1648134   6.35464873  6.10646111  3.41971973  2.97520987  3.70080432
  2.61172389  2.71577253  0.43590247  1.1901608   0.69902067  5.29552284
  3.74221072  1.33089749] 1.41799550310251e-05 True
basinhopping step 8: f 2.42043e-05 trial_f 2.42043e-05 accepted 1  lowest_f 5.11966e-06
[6.63254469 0.48732211 6.02350983 2.13222816 5.62223824 3.7439711
 2.50210543 6.06049794 5.81639931 3.69753428 2.56631262 3.92953691
 2.54252381 3.03651589 0.36384859 1.05887042 0.647667   5.27636923
 3.79901336 0.79474465] 2.420427999297968e-05 True
basinhopping step 9: f 4.48491e-06 trial_f 4.48491e-06 accepted 1  lowest_f 4.48491e-06
found new global minimum on step 9 with function value 4.48491e-06
[ 5.75570061 -0.11233042  5.55624503  1.93442349  5.08729611  2.7207791
  2.98644378  5.80136816  5.6919393   3.82048457  2.63155146  3.80990871
  2.55838522  2.6627435  -0.04768442  0.51582742  0.11480939  6.53925691
  4.38828771  1.40108769] 4.484909501324104e-06 True
basinhopping step 10: f 7.07173e-06 trial_f 7.07173e-06 accepted 1  lowest_f 4.48491e-06
[ 5.14451937e+00 -6.22648745e-04  5.19120085e+00  2.12641155e+00
  4.75378974e+00  2.53853103e+00  3.40760682e+00  6.46374889e+00
  6.15024037e+00  3.59219591e+00  3.14294328e+00  3.66279942e+00
  3.15519410e+00  2.51655872e+00  3.09276429e-01  4.22822463e-01
  1.73567779e-01  6.22115916e+00  3.90638561e+00  1.37641545e+00] 7.0717302995964386e-06 True
basinhopping step 11: f 7.17946e-06 trial_f 7.17946e-06 accepted 1  lowest_f 4.48491e-06
[5.57565565 0.00726717 4.86800908 2.27608081 4.94958552 2.39474109
 3.45635252 6.37978057 6.09053723 3.95365549 3.56668674 3.61397543
 3.0823641  2.67516777 0.29730089 0.52663363 0.37228519 5.98621131
 3.79231826 1.10469004] 7.179461422473336e-06 True
basinhopping step 12: f 1.38875e-05 trial_f 1.38875e-05 accepted 1  lowest_f 4.48491e-06
[ 5.56335555 -0.11821803  5.17097637  1.86257564  5.13027359  2.72354172
  3.85433194  6.3943159   6.23471836  3.72166226  3.41998687  3.24289125
  3.71517786  2.86904353  0.08520173  0.36377019  0.48766977  5.54555915
  3.81961931  1.34004682] 1.3887530669323938e-05 True
basinhopping step 13: f 2.21284e-05 trial_f 2.21284e-05 accepted 1  lowest_f 4.48491e-06
[ 5.5123153  -0.09559364  5.05981344  2.12670153  5.57083605  2.56658908
  3.8772767   5.99044809  6.31105396  3.85379363  4.11025734  3.12525798
  3.96673916  2.88594475 -0.45376919  0.04863122  0.16896163  5.84860989
  3.66007628  1.58597477] 2.212842744253455e-05 True
basinhopping step 14: f 7.56638e-06 trial_f 7.56638e-06 accepted 1  lowest_f 4.48491e-06
[ 5.66609427 -0.38836294  5.00153211  1.61892908  5.67296067  2.81248872
  3.93674085  6.1482284   6.43736363  3.60335604  4.23258026  3.25043577
  3.8185114   2.77320316 -0.5101154   0.32209908  0.4774596   6.23239139
  3.77675547  0.87129554] 7.5663776434144045e-06 True
basinhopping step 15: f 1.48527e-05 trial_f 1.48527e-05 accepted 1  lowest_f 4.48491e-06
[ 5.39613223 -0.0674832   4.61330177  1.52542404  5.37529518  2.61050723
  3.6876326   5.85673187  6.03111729  3.28963433  4.26256631  3.00977362
  3.39496807  3.05536782 -0.21362434  0.442678    0.1341413   6.0139245
  3.80595278  1.17712411] 1.4852717711727251e-05 True
basinhopping step 16: f 4.97344e-05 trial_f 4.97344e-05 accepted 1  lowest_f 4.48491e-06
[5.52016129 0.24095033 4.61292563 1.40769819 5.43769367 2.94444301
 3.55672579 5.89630373 5.61582224 3.25496587 4.43704635 3.30775682
 3.49893192 3.76033439 0.34023706 0.64125749 0.59405306 5.5423667
 4.05887636 0.62554458] 4.973444333539972e-05 True
basinhopping step 17: f 1.15383e-05 trial_f 1.15383e-05 accepted 1  lowest_f 4.48491e-06
[ 5.01457196 -0.76305874  3.65810431  2.37814824  5.50636898  3.15709311
  3.90801598  6.51434652  6.40169182  2.98315326  4.07850338  3.16219022
  2.55782685  3.80020234  0.68809399  1.22405243  0.83935307  6.28910699
  3.86737543  0.58095338] 1.153834948174011e-05 True
basinhopping step 18: f 4.64029e-06 trial_f 4.64029e-06 accepted 1  lowest_f 4.48491e-06
[ 5.23011734 -1.20399117  3.42112813  2.31568019  5.76481274  3.14303951
  4.28907025  6.62965394  6.35801098  3.42621606  3.37330588  3.47107224
  2.74218753  3.58791858  1.35892612  0.98055567  0.98048116  6.6114054
  3.89014559  0.58974367] 4.640294063719314e-06 True
basinhopping step 19: f 4.65419e-06 trial_f 4.65419e-06 accepted 1  lowest_f 4.48491e-06
[ 5.16826485 -0.74562451  3.54951267  2.20141533  5.43908653  3.32025668
  3.79798739  6.55070079  6.1745822   3.78547825  3.73421729  3.07665641
  2.99871017  3.74934705  1.28708831  0.92009076  1.14015516  6.62172207
  3.95128641  0.63597045] 4.654193496699601e-06 True
basinhopping step 20: f 8.07095e-06 trial_f 8.07095e-06 accepted 1  lowest_f 4.48491e-06
[ 5.03603408 -0.34119545  3.16456674  2.12792444  5.70628331  3.13746847
  3.88701996  6.44563468  5.97715147  3.36406707  4.66036589  3.39709376
  3.47723643  3.93291464  1.57910318  1.00991469  0.48822906  6.34675595
  3.60178144 -0.28429212] 8.070952207276097e-06 True
basinhopping step 21: f 1.07449e-05 trial_f 1.07449e-05 accepted 1  lowest_f 4.48491e-06
[ 4.94399114 -0.59749916  3.17106781  2.29240128  5.7836695   3.28042582
  3.58374315  6.22260964  5.7937822   3.44535688  4.98567027  3.48672794
  4.16810301  3.65326323  0.9779736   0.90436206  0.28910828  5.55863716
  3.27784399 -0.01876462] 1.0744929788538462e-05 True
basinhopping step 22: f 4.7727e-06 trial_f 4.7727e-06 accepted 1  lowest_f 4.48491e-06
[ 5.24787205 -0.57385226  2.51771782  2.53268324  6.58981762  3.64850656
  3.49991439  5.81443748  5.88587567  3.18347111  4.24518826  3.60954353
  3.89246768  3.90208217  1.53018048  0.3735693   0.39919914  5.73915012
  3.51833957 -0.35177317] 4.772703186190968e-06 True
basinhopping step 23: f 4.39287e-06 trial_f 4.39287e-06 accepted 1  lowest_f 4.39287e-06
found new global minimum on step 23 with function value 4.39287e-06
[ 5.27658436 -0.17465108  2.65888729  2.26194512  6.61236147  2.64590041
  3.28253539  5.4426588   5.61647922  3.49360513  4.07386439  3.31607415
  4.44644984  4.10447864  0.53623984  0.63930257  0.28183957  5.99152696
  3.3430274   0.42779483] 4.392874936893942e-06 True
basinhopping step 24: f 3.15347e-05 trial_f 3.15347e-05 accepted 1  lowest_f 4.39287e-06
[ 4.91807993  0.05820534  2.67519407  2.19232091  6.08693945  2.8579647
  2.85951992  4.6980247   5.93650157  3.01727984  4.48617077  3.43863001
  4.32457896  3.97598934 -0.05813873  0.87803153  0.6587849   6.11350869
  3.23225577  0.26602275] 3.15346733269594e-05 True
basinhopping step 25: f 1.21659e-05 trial_f 1.21659e-05 accepted 1  lowest_f 4.39287e-06
[ 5.49927969  0.06215731  3.1120776   1.84881095  6.11651667  2.60251322
  3.03682734  4.66535715  5.93050854  3.38316992  4.13551168  3.57995253
  4.32436434  4.07987573  0.33112655  0.68637164 -0.11936283  5.91005179
  3.85270097  0.63418006] 1.216590555775284e-05 True
basinhopping step 26: f 4.39471e-06 trial_f 4.39471e-06 accepted 1  lowest_f 4.39287e-06
[ 5.69223891 -0.96880831  2.87540043  2.65985823  6.31183159  3.01976342
  1.91721276  5.52606527  6.17792517  3.28043422  4.56488556  3.99241335
  4.12732636  3.51704258  0.42857638  0.99318337  0.4574298   6.15954621
  3.13578215  0.20191818] 4.394711619654493e-06 True
basinhopping step 27: f 2.25465e-05 trial_f 2.25465e-05 accepted 1  lowest_f 4.39287e-06
[5.57013539 0.02790513 3.14889832 2.69384144 5.74925459 2.64482487
 1.68494962 5.36088548 6.11449357 3.21109575 4.27475405 3.96896947
 3.77743518 3.33403913 0.89184826 0.9907693  0.24512535 6.20945783
 2.74483394 0.84063983] 2.2546476348018045e-05 True
basinhopping step 28: f 1.58339e-05 trial_f 1.58339e-05 accepted 1  lowest_f 4.39287e-06
[ 6.25495287 -0.05656235  2.45640311  2.91162507  5.76136485  2.72538266
  1.75284519  4.97596002  5.99311135  3.22516188  3.9911368   3.84768732
  4.02933428  3.52603601  0.61526657  1.09754051  0.33671985  6.70369655
  2.46354801  0.55558194] 1.5833877906405452e-05 True
basinhopping step 29: f 4.10359e-06 trial_f 4.10359e-06 accepted 1  lowest_f 4.10359e-06
found new global minimum on step 29 with function value 4.10359e-06
[ 6.08502861 -0.16691617  1.88674957  2.3241858   6.19335093  2.8165948
  2.20372434  4.94773228  6.21767884  3.4053156   3.7100401   4.19932184
  3.53642893  3.5938355   0.4912216   0.96565051  0.6634442   6.4323497
  2.629434    0.29409329] 4.103585681620774e-06 True
basinhopping step 30: f 5.73931e-06 trial_f 5.73931e-06 accepted 1  lowest_f 4.10359e-06
[ 4.99146745 -0.51768523  1.84142189  2.78060398  6.66608297  2.92919683
  2.82743288  4.71429798  6.09545995  2.9868874   3.27918332  3.96401206
  3.70002507  3.18452106  0.8684844   0.78379415  0.78748424  6.14761986
  2.59677381 -0.00945701] 5.739310828436563e-06 True
basinhopping step 31: f 1.82688e-05 trial_f 1.82688e-05 accepted 1  lowest_f 4.10359e-06
[ 4.57733612 -0.10348899  1.56368564  2.46829806  5.9271889   2.5880976
  2.90740988  4.31918712  6.03452018  3.17651844  2.84567249  3.61917954
  3.9098491   3.25205592  1.09572499  0.70569976  0.66044537  5.90923914
  2.65670056  0.24802234] 1.8268843681018672e-05 True
basinhopping step 32: f 2.29976e-05 trial_f 2.29976e-05 accepted 1  lowest_f 4.10359e-06
[4.76084313 0.08092494 1.73909331 2.5563044  5.83664405 2.90220116
 3.04005166 4.09566421 5.55211752 2.87000052 3.18599814 3.96006803
 3.87335511 2.96946349 0.8008149  0.58700404 0.6828625  5.97404504
 2.33998763 0.16938351] 2.2997608395546992e-05 True
basinhopping step 33: f 1.13954e-05 trial_f 1.13954e-05 accepted 1  lowest_f 4.10359e-06
[ 5.02913887  0.49713186  1.77884051  2.49498577  5.70058475  2.19876652
  2.38774338  5.32175051  5.25314667  3.27165369  3.60079366  3.69822902
  3.70482519  2.55116185 -0.06654445  0.09316401  0.71367833  6.0984208
  2.55819314 -0.26642291] 1.139536132431562e-05 True
basinhopping step 34: f 5.18207e-06 trial_f 5.18207e-06 accepted 1  lowest_f 4.10359e-06
[ 4.98735551  0.79101738  1.928705    2.35008703  5.45640589  3.08549944
  2.47103748  5.33294484  5.84944172  3.12249917  4.39205447  3.06515666
  3.32531892  3.46497732 -0.22111173  0.39783493  0.72995934  5.88375047
  2.68696527 -0.80676499] 5.182074064382642e-06 True
basinhopping step 35: f 1.43894e-05 trial_f 1.43894e-05 accepted 1  lowest_f 4.10359e-06
[ 4.83698565e+00  1.37471899e+00  2.30367104e+00  2.87622005e+00
  5.79343382e+00  3.00542259e+00  2.71302894e+00  5.14996316e+00
  5.18403188e+00  2.90376144e+00  4.07034221e+00  2.78476506e+00
  3.37177922e+00  3.67743985e+00 -3.73904538e-03  6.59937788e-01
  6.49823424e-01  5.74677551e+00  2.99701748e+00 -5.39771843e-01] 1.4389439350222553e-05 True
basinhopping step 36: f 1.59404e-05 trial_f 1.59404e-05 accepted 1  lowest_f 4.10359e-06
[ 5.08038278  1.38261151  2.45522811  2.75126811  5.81267392  2.8182196
  2.33428772  4.42695627  5.32313425  3.11126009  4.44160972  2.62840813
  3.06063746  3.92800297  0.14872257  0.55379364  0.37701254  5.99203803
  2.70571727 -0.2303068 ] 1.5940394369591806e-05 True
basinhopping step 37: f 6.25494e-06 trial_f 6.25494e-06 accepted 1  lowest_f 4.10359e-06
[ 4.99061975  1.58233393  2.06176712  2.34874711  6.28945155  3.23191253
  2.45167459  4.79760951  5.71618873  3.10011395  4.88006137  2.88481308
  3.18634939  3.61897034 -0.08891325  0.50441702  0.15579849  5.81124372
  2.05780662 -0.42715062] 6.254944044303821e-06 True
basinhopping step 38: f 3.97834e-06 trial_f 3.97834e-06 accepted 1  lowest_f 3.97834e-06
found new global minimum on step 38 with function value 3.97834e-06
[ 5.30127908  1.78400377  2.05550288  1.3360021   5.42897727  2.90389443
  2.91191771  5.16714338  6.19775139  3.63352222  5.61154912  3.51465713
  2.94647709  2.85736346  0.15989676  0.71552311  0.1480157   5.94548636
  2.09606564 -0.70827704] 3.9783374664509975e-06 True
basinhopping step 39: f 1.32355e-05 trial_f 1.32355e-05 accepted 1  lowest_f 3.97834e-06
[ 4.68822134  1.98569561  2.27950025  1.43483328  5.26316829  3.27108667
  3.48275398  5.58632486  6.44808555  3.04441442  5.52896632  2.66238816
  2.70270503  2.70322206  0.63622768  0.3802533   0.61338432  6.55337704
  2.91414027 -0.52437154] 1.3235492579642581e-05 True
basinhopping step 40: f 6.57735e-06 trial_f 6.57735e-06 accepted 1  lowest_f 3.97834e-06
[ 4.62245279  2.36851853  2.13839523  2.10292692  6.00779292  2.97979743
  3.2509212   5.34178342  4.84222975  3.38433788  5.59096074  3.05213844
  3.65226742  3.08985222  0.97157295  0.37074352  0.28847455  5.96084141
  2.33211637 -0.24844383] 6.577347166537924e-06 True
basinhopping step 41: f 1.9034e-05 trial_f 1.9034e-05 accepted 1  lowest_f 3.97834e-06
[5.14900814 2.34555671 2.76920755 2.50020397 4.96985558 2.11344683
 3.1622239  5.28618518 5.21879887 2.3024506  5.1182364  2.76689183
 3.9811102  3.13056498 0.88507813 0.69302309 0.20436246 5.6305041
 3.26026355 0.02180848] 1.9034043389470196e-05 True
basinhopping step 42: f 1.12555e-05 trial_f 1.12555e-05 accepted 1  lowest_f 3.97834e-06
[5.16009219 2.05110819 3.01854986 2.57629641 5.23209155 2.2982807
 2.59694523 5.52630257 5.46019175 2.39387718 4.87278007 2.32361419
 3.53932395 3.40134807 0.77050178 0.89570136 0.29808951 5.62909112
 3.15720145 0.31765072] 1.1255450395975303e-05 True
basinhopping step 43: f 4.82704e-06 trial_f 4.82704e-06 accepted 1  lowest_f 3.97834e-06
[4.9343454  1.96317888 2.43674418 2.87221293 5.11683489 2.41645555
 3.11902737 5.68308944 5.01871493 2.39621526 4.9708927  2.32833092
 3.07903987 2.65268952 0.45054698 0.91316757 0.33560253 5.8656638
 2.97567664 1.05134663] 4.827039090539807e-06 True
basinhopping step 44: f 9.73881e-06 trial_f 9.73881e-06 accepted 1  lowest_f 3.97834e-06
[ 5.61520466  1.61216887  2.67212415  2.71344057  5.48492466  2.49977924
  2.77759216  5.70200461  4.87566754  2.39992249  4.54712175  1.85961874
  2.83962554  3.11632459  0.58385451  0.90710483 -0.02121218  6.04749597
  3.31289399  0.54590838] 9.738810956057434e-06 True
basinhopping step 45: f 7.6897e-06 trial_f 7.6897e-06 accepted 1  lowest_f 3.97834e-06
[ 5.15185967  1.51640499  2.58885319  2.50947368  5.50722694  2.70667083
  3.24999408  5.35293485  5.09400144  2.61058716  5.30830471  1.64541858
  2.68183015  2.85884382  0.62720311  1.03947353 -0.15298529  6.03483644
  3.24925758  0.76372825] 7.689698443881519e-06 True
basinhopping step 46: f 1.05957e-05 trial_f 1.05957e-05 accepted 1  lowest_f 3.97834e-06
[5.28221945 1.58582082 2.85239723 2.96074568 6.10578202 2.47750966
 3.13609927 5.25451437 5.15573606 2.29082142 5.38278458 1.65084871
 2.66925402 3.30847234 0.2519981  0.86025445 0.26955385 6.28084383
 2.9322292  0.61133507] 1.059570592243024e-05 True
basinhopping step 47: f 7.5482e-06 trial_f 7.5482e-06 accepted 1  lowest_f 3.97834e-06
[5.46811055 1.78754986 2.61282722 3.22986423 5.68485316 2.42858306
 2.43745537 6.04479153 5.20742371 2.14372226 5.04099656 1.3112262
 2.40938306 3.09252154 0.35521376 0.29558842 0.51477876 6.04733136
 3.244297   0.63466124] 7.548203067920337e-06 True
basinhopping step 48: f 1.09289e-05 trial_f 1.09289e-05 accepted 1  lowest_f 3.97834e-06
[5.54620769 2.15064504 2.44800374 2.85252935 5.5354632  2.65751565
 2.68513685 6.20355639 4.9175106  1.90542145 4.12087956 2.24902964
 2.26749632 2.63718253 0.58138313 0.58229507 0.36856973 6.192253
 3.22745298 0.77570407] 1.0928915920028343e-05 True
basinhopping step 49: f 1.6139e-05 trial_f 1.6139e-05 accepted 1  lowest_f 3.97834e-06
[5.69287269 1.96337186 2.07158014 2.66392746 5.68482476 2.89367028
 2.2710068  5.8810232  5.19957925 1.72551609 3.94096436 2.09723478
 2.51577968 3.01802485 0.80136229 0.17505636 0.21283979 5.58977744
 3.678075   0.52704579] 1.613898959458538e-05 True
adaptive stepsize: acceptance rate 0.980000 target 0.500000 new stepsize 0.555556 old stepsize 0.5
basinhopping step 50: f 1.53452e-05 trial_f 1.53452e-05 accepted 1  lowest_f 3.97834e-06
[5.74493028 1.53392904 2.45159464 3.06890367 5.73688377 2.69782787
 2.42982832 5.78800927 5.34649337 1.76931835 4.08032998 2.00364698
 2.7748761  2.79051474 0.59994144 0.37434645 0.52714517 6.06888753
 3.19292612 0.78184993] 1.5345236503580195e-05 True
basinhopping step 51: f 1.47253e-05 trial_f 1.47253e-05 accepted 1  lowest_f 3.97834e-06
[ 5.49002873  1.62937157  2.10548801  3.12333778  5.74351143  2.77981517
  2.27262036  5.67735772  5.6953816   1.49155622  4.46951688  1.76094837
  2.59655939  2.42669619  0.51330363 -0.02477453  0.13511044  5.79265932
  3.59447222  0.40814684] 1.4725256638142358e-05 True
basinhopping step 52: f 2.41419e-06 trial_f 2.41419e-06 accepted 1  lowest_f 2.41419e-06
found new global minimum on step 52 with function value 2.41419e-06
[ 5.35299976  2.00252228  1.94088318  3.02336722  5.69114918  2.98540734
  2.75090121  5.91301044  5.68186119  2.22094584  4.5667472   1.3912094
  2.58706613  2.7634999  -0.17496238  0.10349598  0.17335136  6.13800015
  4.01448478  0.87461114] 2.4141874068807634e-06 True
basinhopping step 53: f 7.61231e-06 trial_f 7.61231e-06 accepted 1  lowest_f 2.41419e-06
[6.02921617 2.37520031 2.12297052 3.60161951 5.30892156 3.5846604
 2.54795451 6.13159148 5.26081444 2.14476505 4.83299064 2.05568831
 2.86768876 2.75968813 0.50012294 0.11101546 0.3596658  5.83383752
 3.39029626 0.70805369] 7.612310461396927e-06 True
basinhopping step 54: f 8.86907e-06 trial_f 8.86907e-06 accepted 1  lowest_f 2.41419e-06
[ 5.79971975  2.64383012  2.1681313   3.47286861  5.34894427  3.43695479
  2.25405473  6.0437022   4.89446503  1.76958721  5.23810531  2.09359429
  3.13473154  2.6045144   0.46544516  0.41164261 -0.14309392  5.88562766
  3.71487444  0.44231515] 8.869072394349863e-06 True
basinhopping step 55: f 7.07883e-06 trial_f 7.07883e-06 accepted 1  lowest_f 2.41419e-06
[6.24847004 2.35340753 2.78407259 3.0571539  5.62034843 3.51934033
 1.99243248 6.17885587 4.8802217  2.06627542 5.158319   2.51415414
 3.25415458 2.92178611 0.84781835 0.25020808 0.39008141 5.86740927
 3.62442574 0.79431078] 7.078828030741169e-06 True
basinhopping step 56: f 5.08185e-06 trial_f 5.08185e-06 accepted 1  lowest_f 2.41419e-06
[4.80806931 2.21770171 2.16459401 2.42382754 5.70982645 3.67305561
 3.19414274 5.7141141  5.25975949 2.72682804 4.92061866 1.78918026
 2.26402596 2.00245634 1.88124765 0.99743138 0.76792506 5.52009147
 4.09044133 1.39195073] 5.081850393784718e-06 True
basinhopping step 57: f 1.70549e-05 trial_f 1.70549e-05 accepted 1  lowest_f 2.41419e-06
[4.72122565 2.53068078 2.48673683 1.99515991 5.96492756 3.66630108
 2.915318   5.89043456 5.56191567 2.71414674 4.75930972 1.42995892
 2.48798503 2.46613181 2.25467429 1.36903238 1.09540872 5.77508974
 4.23116122 1.5325348 ] 1.7054913944395197e-05 True
basinhopping step 58: f 1.83107e-05 trial_f 1.83107e-05 accepted 1  lowest_f 2.41419e-06
[4.53085751 2.11446043 2.69406925 2.04992068 5.63614193 3.90242904
 2.54215651 6.01282135 5.72420818 2.23996657 4.93639679 1.05398111
 2.20768084 2.06764945 2.41467812 1.24762269 1.38631853 6.07772963
 4.33118633 1.0868402 ] 1.8310673961318383e-05 True
basinhopping step 59: f 8.96669e-06 trial_f 8.96669e-06 accepted 1  lowest_f 2.41419e-06
[4.54605055 2.27152489 2.16451751 1.99725643 5.17889229 4.53405097
 2.44985045 5.98216432 5.99654679 2.50944663 5.47686381 0.86670167
 1.51029126 1.6217299  1.93683384 0.93363612 1.20844905 6.72108256
 4.53092977 1.31422413] 8.96668962234765e-06 True
basinhopping step 60: f 1.2585e-05 trial_f 1.2585e-05 accepted 1  lowest_f 2.41419e-06
[5.24490068 2.20770868 1.44962299 0.98713112 5.32099826 5.03476551
 2.82511912 5.39299655 5.44280953 2.45765844 5.72613757 1.17898385
 2.50009992 1.09002344 1.33009954 1.17643964 1.38402463 6.60308626
 4.48182803 1.25696868] 1.2585027069257249e-05 True
basinhopping step 61: f 2.14944e-05 trial_f 2.14944e-05 accepted 1  lowest_f 2.41419e-06
[5.67030082 2.63513845 1.98794284 0.94491412 5.36471829 4.81824116
 2.85996788 4.84334881 5.32897625 1.72905913 5.75871605 1.56003184
 2.51942173 2.42637891 1.42216699 0.99519106 1.3484682  6.10594984
 4.21004377 1.0374614 ] 2.1494433610986446e-05 True
basinhopping step 62: f 4.22609e-05 trial_f 4.22609e-05 accepted 1  lowest_f 2.41419e-06
[5.63078973 2.42531843 1.96144883 0.53183635 5.06316495 4.67519293
 2.55947202 4.77150484 5.74974879 1.53215877 5.47020277 1.33974395
 2.49878838 2.70452055 1.62886444 1.24198026 1.07624893 6.05026513
 4.16921258 1.11780155] 4.226088055480569e-05 True
basinhopping step 63: f 9.2308e-06 trial_f 9.2308e-06 accepted 1  lowest_f 2.41419e-06
[4.93901002 1.94166008 2.59041554 1.4795795  5.6554093  4.62493652
 3.73168597 4.70905418 4.40065664 1.53899847 5.4378953  1.13275782
 1.57584673 2.44884008 1.80113356 1.32174313 0.59821318 6.93723338
 4.05603227 0.16317658] 9.230795757417657e-06 True
basinhopping step 64: f 7.48229e-06 trial_f 7.48229e-06 accepted 1  lowest_f 2.41419e-06
[4.87032484 1.52556588 3.38665078 1.13053569 5.82144708 4.47412524
 4.07697447 4.33194908 5.28214096 1.52266783 5.36096188 1.56604125
 1.53539313 2.11109949 1.02644742 0.43698703 0.5486886  6.82133048
 3.81991992 0.55097323] 7.48229050273522e-06 True
basinhopping step 65: f 2.23766e-05 trial_f 2.23766e-05 accepted 1  lowest_f 2.41419e-06
[4.77765196 1.4297725  2.88321297 1.16450379 5.84752317 4.62747186
 3.8341117  4.40467116 5.041496   1.92355575 5.37656261 1.15215187
 2.11938893 1.58775085 0.83114116 0.36097559 1.09203811 6.48743207
 4.26572854 0.57635227] 2.2376562745153364e-05 True
basinhopping step 66: f 2.15334e-05 trial_f 2.15334e-05 accepted 1  lowest_f 2.41419e-06
[ 5.01720769  1.20431724  2.6181831   1.97797984  6.2635412   4.88355231
  4.69027727  4.79447644  4.91099437  0.66299461  5.12125968  0.54840111
  0.68672115 -0.39300313  0.57246803  0.85593738  1.36784838  7.05592378
  4.39365849  1.20259114] 2.153342675805508e-05 True
basinhopping step 67: f 1.90977e-05 trial_f 1.90977e-05 accepted 1  lowest_f 2.41419e-06
[4.85161152 1.91593231 2.79824382 1.50602338 5.66555244 4.65403637
 4.82389044 4.33300608 3.79870998 0.70382724 6.36062896 0.79291956
 1.68224236 0.17920334 1.85422976 1.0978914  1.5447102  6.58265363
 4.67714026 1.00769867] 1.9097729409577355e-05 True
basinhopping step 68: f 5.76292e-06 trial_f 5.76292e-06 accepted 1  lowest_f 2.41419e-06
[4.18183346 1.27916698 3.32073824 1.06433877 6.47876236 4.59949262
 4.87597732 4.20663988 3.53593771 0.20471226 6.69030628 0.49560966
 1.48944173 0.89860636 1.88571498 1.62505398 1.7195148  5.63993402
 4.97807016 1.36717083] 5.762917900290878e-06 True
basinhopping step 69: f 1.37521e-05 trial_f 1.37521e-05 accepted 1  lowest_f 2.41419e-06
[4.04159935 1.50729203 3.07724561 0.58824072 6.47842893 4.41278213
 5.0064451  4.02242474 3.73267294 0.20355664 6.33297926 0.48935286
 0.86304737 1.24827228 2.20459514 1.21952227 1.33910447 5.32316636
 4.97506751 1.11193007] 1.3752057343442679e-05 True
basinhopping step 70: f 1.60851e-05 trial_f 1.60851e-05 accepted 1  lowest_f 2.41419e-06
[ 3.31917519  1.5751597   3.25070323 -0.66236322  7.04052364  4.31983086
  4.03955597  3.75663695  3.68696518  0.90636058  6.85554276  1.93296282
  2.20992706  1.743074    1.92815241  1.46760445  1.5366978   5.03753441
  4.54926878  0.91513424] 1.6085122631978563e-05 True
basinhopping step 71: f 4.21247e-06 trial_f 4.21247e-06 accepted 1  lowest_f 2.41419e-06
[3.38515648 0.85128798 3.93142805 0.40032565 6.66308299 4.69467896
 4.00990857 3.86895218 4.61484505 2.26183002 5.53771007 1.57377789
 2.74783773 1.38429545 1.84433644 1.19040131 1.37326301 4.77899968
 4.75119428 0.81669449] 4.212472755196618e-06 True
basinhopping step 72: f 5.06458e-06 trial_f 5.06458e-06 accepted 1  lowest_f 2.41419e-06
[3.43213136 1.2174018  3.18749571 0.60974204 6.70632607 4.11072024
 3.99116903 3.85884284 4.60696063 2.45492822 5.98178682 1.46038405
 1.98926972 1.53050942 2.41811749 1.38396635 1.16754148 4.45984979
 4.57902752 1.11113521] 5.064581166979595e-06 True
basinhopping step 73: f 4.47198e-06 trial_f 4.47198e-06 accepted 1  lowest_f 2.41419e-06
[3.23914891 0.88855089 3.38458939 0.60088901 7.17329025 3.91690444
 3.07100407 3.93339737 4.32240985 2.57999925 7.79609147 1.9727869
 2.14785309 1.71354917 1.05921148 1.40681269 1.40645005 4.56818539
 4.58531681 0.49281448] 4.471979434014951e-06 True
basinhopping step 74: f 5.40154e-06 trial_f 5.40154e-06 accepted 1  lowest_f 2.41419e-06
[3.39280969 0.94489461 3.86623572 0.6620117  6.3733196  4.13348901
 2.19573042 3.64541281 4.81601406 1.92030887 7.47965536 1.53186364
 2.05787011 1.56439081 1.65697677 2.01214547 2.00052293 4.30274101
 4.43229504 0.45350989] 5.401543397668531e-06 True
basinhopping step 75: f 1.56136e-05 trial_f 1.56136e-05 accepted 1  lowest_f 2.41419e-06
[2.78625538 0.34482807 3.86672786 1.17754328 6.39438366 4.24733958
 3.07745174 4.02476317 4.91200863 1.09976472 6.37341707 1.32679581
 1.92877669 1.22480077 1.40001845 2.23854355 1.84351012 4.14182953
 4.37832194 0.60475915] 1.5613630161573535e-05 True
basinhopping step 76: f 6.0644e-06 trial_f 6.0644e-06 accepted 1  lowest_f 2.41419e-06
[2.84585333 0.69302449 3.684675   1.1446703  6.34062126 4.3024494
 3.80013364 4.25085372 4.89141224 1.50022397 5.67066547 1.50075714
 1.70526309 0.8993766  1.61787714 2.21392742 1.94746672 4.26197836
 4.28943931 0.40851747] 6.064398277021975e-06 True
basinhopping step 77: f 9.22991e-06 trial_f 9.22991e-06 accepted 1  lowest_f 2.41419e-06
[ 4.1169626   1.74168933  4.37726433  1.45967247  7.29944779  3.69789162
  3.95352167  3.98037239  3.28350824  1.0287643   5.21078415  1.89426134
  1.78978264  1.19038775  2.47153161  2.06509437  1.67548793  2.37998076
  4.51076236 -0.33056756] 9.229913034045617e-06 True
basinhopping step 78: f 2.15107e-05 trial_f 2.15107e-05 accepted 1  lowest_f 2.41419e-06
[4.59571702 1.54567858 4.13870402 1.88636506 6.74504651 3.43720965
 3.75897033 4.35421929 3.2937041  1.24085659 4.75427041 1.60680855
 0.96841047 1.48566361 2.09430036 2.45296545 1.55335801 2.60365813
 4.81009755 0.20325335] 2.1510748564755252e-05 True
basinhopping step 79: f 5.08606e-06 trial_f 5.08606e-06 accepted 1  lowest_f 2.41419e-06
[ 4.51271068  1.24730435  4.072469    2.75003472  6.8400753   4.05811639
  4.25532183  4.40715347  4.20492736  1.63712077  4.84732179  1.64015808
  1.02327142  0.73018006  1.55669083  2.41815629  1.99464431  2.87214466
  5.10358473 -0.15957469] 5.086062564305436e-06 True
basinhopping step 80: f 4.34357e-06 trial_f 4.34357e-06 accepted 1  lowest_f 2.41419e-06
[ 4.29758843  1.37953082  3.93516599  2.65094407  6.9294695   4.12685074
  4.78893705  4.88884991  4.19758565  2.15597222  4.88374016  1.10354056
  1.1595057   1.06076389  1.10838352  2.05205802  2.26712832  2.40324147
  5.24733818 -0.25859768] 4.343573602167438e-06 True
basinhopping step 81: f 9.87769e-06 trial_f 9.87769e-06 accepted 1  lowest_f 2.41419e-06
[ 4.00723998  1.56847375  3.79819574  3.08590544  6.50188535  4.39872285
  4.90662605  4.91753938  4.11279451  1.75335489  4.65814863  0.85962053
  1.41595801  1.42108236  1.45487142  1.38171003  2.53711326  2.35874334
  5.24482095 -0.10893866] 9.877692354122158e-06 True
basinhopping step 82: f 1.06009e-05 trial_f 1.06009e-05 accepted 1  lowest_f 2.41419e-06
[ 3.49659483  1.36661912  4.36422536  3.662316    6.10019645  4.37189015
  4.59848045  5.20979558  4.53147297  1.93711977  4.01245323  1.10398454
  0.69187957  1.67884324  1.59956167  1.39201526  2.14162697  1.92259668
  5.5494983  -0.09525067] 1.0600900865903595e-05 True
basinhopping step 83: f 7.24752e-06 trial_f 7.24752e-06 accepted 1  lowest_f 2.41419e-06
[3.70146248 1.16244495 4.43520029 3.09254598 6.5595104  4.38864562
 4.53355632 4.95986623 4.16571818 1.07453072 4.06031587 0.92765666
 1.04732037 1.59085352 2.33036756 2.25873403 2.62815904 1.74839867
 5.23128043 0.64879653] 7.247523737071366e-06 True
basinhopping step 84: f 2.21802e-05 trial_f 2.21802e-05 accepted 1  lowest_f 2.41419e-06
[4.69548717 1.49425366 4.18024401 3.08628651 6.46588048 4.44301921
 4.34035893 4.81554289 3.91976181 0.73098122 4.17291461 0.381885
 1.3565223  2.30982096 1.97198082 1.97338945 2.01822254 1.91816481
 5.07515905 0.26136028] 2.21802076665909e-05 True
basinhopping step 85: f 4.61685e-06 trial_f 4.61685e-06 accepted 1  lowest_f 2.41419e-06
[ 5.0575687   1.83129436  4.38453721  3.66061472  6.58607304  4.59687703
  4.2029752   4.08188022  4.2717625   0.40228457  4.33593366  0.75425651
  1.82478596  2.01454359  2.01024875  1.25930769  1.83944818  1.8169823
  5.4412632  -0.20661245] 4.616847145175866e-06 True
basinhopping step 86: f 5.99684e-06 trial_f 5.99684e-06 accepted 1  lowest_f 2.41419e-06
[ 4.82483611  1.13093538  4.70837443  4.21039527  7.37004561  3.69609773
  3.28167685  4.17562706  4.13382577  0.48151123  4.70035255  2.34092077
  2.58636037  1.65112689  1.50462297  1.80199516  1.70595233  2.01683208
  5.15690917 -0.24413927] 5.996837729788725e-06 True
basinhopping step 87: f 3.57591e-06 trial_f 3.57591e-06 accepted 1  lowest_f 2.41419e-06
[5.16302828 2.37207394 5.30526234 4.73531686 7.76372702 3.8258851
 3.83901043 4.02311132 4.36086318 0.68072592 4.13259573 2.33337849
 1.7548747  1.84796108 0.8810287  0.63370593 0.53635683 1.37773022
 3.59215352 0.66793112] 3.575909610375302e-06 True
basinhopping step 88: f 5.75977e-06 trial_f 5.75977e-06 accepted 1  lowest_f 2.41419e-06
[ 4.54556603  2.5653238   5.22106106  4.60923176  7.25363803  4.0573405
  3.75948272  4.96810868  5.01194074  1.22871859  4.3465241   1.10297367
  1.28944804  1.39452696  0.95327237  0.48703968 -0.47752947  0.08038703
  4.00455403  2.93774947] 5.759774784148212e-06 True
basinhopping step 89: f 5.05111e-06 trial_f 5.05111e-06 accepted 1  lowest_f 2.41419e-06
[4.62285829 2.2037986  4.78730421 4.5450344  6.86243266 3.8783583
 4.47544518 4.8182528  4.79318563 1.63847981 4.37042915 0.49263783
 0.73528964 0.94092117 1.74434564 0.6822988  0.16635452 0.48841852
 3.07305327 2.26847216] 5.051107547110655e-06 True
basinhopping step 90: f 5.71158e-06 trial_f 5.71158e-06 accepted 1  lowest_f 2.41419e-06
[4.83637188 2.17481509 4.58620683 4.40319459 6.54225423 4.2115196
 4.21940646 4.68179502 4.70311651 2.07024051 4.03029381 0.46536523
 1.30388608 1.0566009  1.53698973 0.61113732 0.21114055 0.49289362
 3.32819579 2.44023691] 5.711584597630341e-06 True
basinhopping step 91: f 4.65198e-05 trial_f 4.65198e-05 accepted 1  lowest_f 2.41419e-06
[5.21951436 2.30135093 4.6865601  4.12953192 6.21979596 4.22262193
 3.93643275 4.92930386 4.24874816 1.82728622 3.59625922 0.2653525
 1.03602227 0.33475761 1.2465055  0.18821898 0.65780361 0.72076719
 3.56511918 2.11675635] 4.651980660231441e-05 True
basinhopping step 92: f 4.3798e-06 trial_f 4.3798e-06 accepted 1  lowest_f 2.41419e-06
[4.42950089 2.00792861 4.64169535 4.74881244 6.89496128 4.45209337
 4.64280353 4.83923997 4.40512617 1.43208004 3.64887745 0.23540069
 1.25901503 0.80210814 1.64220711 0.13673235 0.94674196 0.36833889
 2.96476895 2.52109513] 4.379802740398014e-06 True
basinhopping step 93: f 1.6321e-05 trial_f 1.6321e-05 accepted 1  lowest_f 2.41419e-06
[4.17274872 1.83886977 4.55599617 4.40954707 6.23407567 4.98188702
 4.64584391 4.94519519 4.41950533 0.25597093 3.94802861 1.16309985
 1.50936836 0.56445199 1.6627456  0.31571748 1.38177025 0.48523286
 2.97631536 3.00323471] 1.6321043822992773e-05 True
basinhopping step 94: f 2.5305e-05 trial_f 2.5305e-05 accepted 1  lowest_f 2.41419e-06
[ 4.37061897  2.23302444  4.24128051  4.45053401  5.96894788  4.74449988
  4.13895784  5.5307816   4.19617605  0.42642785  4.03007523  1.47074411
  1.33635301  1.20765429  1.48604625  0.29458082  0.67041711 -0.56083934
  3.49610462  3.2170079 ] 2.5305014867964877e-05 True
basinhopping step 95: f 8.75918e-06 trial_f 8.75918e-06 accepted 1  lowest_f 2.41419e-06
[ 5.44089981  1.33000049  3.76061408  4.64646734  5.09392845  4.83916346
  3.99871065  4.33293938  4.00241316  0.81843229  4.92233196  1.61350989
  1.42489543  0.44665749  1.99578554  0.88071679  0.70174457 -0.30154115
  3.51276038  3.26154585] 8.759176075264165e-06 True
basinhopping step 96: f 2.65194e-05 trial_f 2.65194e-05 accepted 1  lowest_f 2.41419e-06
[ 5.41443688  0.87805259  4.18499575  4.82600964  5.37637371  4.66761808
  4.34398607  4.70581788  4.1801092   1.02274663  4.76316591  1.31565337
  1.72839924  0.43459305  2.03038115  0.47884926  0.12914362 -0.13241259
  3.22980071  4.0344904 ] 2.6519441425237696e-05 True
basinhopping step 97: f 5.47989e-06 trial_f 5.47989e-06 accepted 1  lowest_f 2.41419e-06
[ 5.19624439  1.56699196  4.0696324   4.63603992  5.1867596   4.47855877
  4.30026734  4.78948945  4.0960186   0.44205899  4.41997816  1.60716968
  1.95196085 -0.48227638  1.44715724  1.10150781  0.56792804  0.18088249
  3.45316563  3.30573449] 5.479888009172016e-06 True
basinhopping step 98: f 1.7859e-05 trial_f 1.7859e-05 accepted 1  lowest_f 2.41419e-06
[ 6.26319166e+00  9.97045188e-01  4.62331351e+00  4.41070088e+00
  4.86643092e+00  4.41142590e+00  5.20757473e+00  4.83204149e+00
  4.53229172e+00  5.45958526e-03  4.35759549e+00  1.63939668e+00
  1.08485570e+00 -6.03253876e-01  1.17040509e+00  5.12645113e-01
 -1.09292969e-01  4.14163033e-01  3.52727709e+00  4.02626890e+00] 1.7859035574045093e-05 True
basinhopping step 99: f 1.26492e-05 trial_f 1.26492e-05 accepted 1  lowest_f 2.41419e-06
[ 6.92669791  1.23872938  4.08115767  4.4518105   5.10552994  5.33286945
  5.19483346  5.23059942  4.33866641  0.20698416  3.74014475  1.18485057
  0.4850862   0.30391357  0.95253401 -0.12878015  0.17490689  0.26087671
  3.83194212  3.60870329] 1.264923028239751e-05 True
adaptive stepsize: acceptance rate 0.990000 target 0.500000 new stepsize 0.617284 old stepsize 0.555556
basinhopping step 100: f 2.66692e-05 trial_f 2.66692e-05 accepted 1  lowest_f 2.41419e-06
[6.09671762 1.82373137 3.81267937 5.00707973 4.43880757 5.65576565
 5.30861766 4.86474393 3.72022895 0.34198577 4.2715425  1.53151708
 0.5548546  0.69015207 0.81584173 0.54331505 0.37966586 0.37587297
 4.05103295 3.27743552] 2.6669247469113457e-05 True
                        fun: 2.4141874068807634e-06
 lowest_optimization_result:       fun: 2.4141874068807634e-06
 hess_inv: array([[ 1.11254934e+03, -2.39049758e+02, -5.37881156e+02,
         5.41264148e+02, -1.55369131e+02,  6.37209134e+01,
         2.71509105e+02, -4.97972270e+01, -2.50902013e+02,
        -2.13615110e+01, -1.40349243e+02, -4.60765689e+02,
         3.87377431e+02, -5.63687688e+01,  2.78730762e+01,
         3.88740436e+02, -2.32426463e+02, -3.81248218e+02,
         2.34131084e+01, -2.85632016e+02],
       [-2.39049758e+02,  6.10441462e+02,  2.66056869e+02,
        -7.81683669e+01,  2.19438449e+02,  4.20775417e+01,
        -9.10028773e+01, -7.94783892e+01,  1.07773594e+02,
        -1.29407978e+02, -1.42665241e+01,  1.44344721e+02,
        -1.62861939e+02,  7.90065604e+01,  2.35368923e+01,
        -2.42908838e+02,  2.60043035e+01,  1.14106955e+02,
        -1.97490015e+02, -3.98979275e+02],
       [-5.37881156e+02,  2.66056869e+02,  7.74833973e+02,
        -6.44357680e+02,  4.90008090e+02,  2.86637013e+02,
        -2.13985367e+02,  6.28820260e+01, -1.72871031e+02,
        -1.65744175e+02, -2.62604371e+02,  1.97970658e+02,
        -4.46329514e+02,  2.32421806e+02, -2.12130889e+02,
        -2.87025848e+02,  1.70325368e+02,  4.97109931e+02,
        -2.32183350e+02,  1.94363658e+02],
       [ 5.41264148e+02, -7.81683669e+01, -6.44357680e+02,
         8.94121348e+02,  9.98635092e+01,  1.04345023e+02,
         4.47975155e+02, -1.17312520e+02, -1.36051470e+02,
        -2.43928137e+02, -9.86363189e+01, -4.50198291e+02,
         3.57942111e+02, -1.86288345e+02,  1.38718385e+02,
         2.37942095e+02, -2.28129849e+02, -5.50796345e+02,
         1.29996251e+02, -2.13079829e+02],
       [-1.55369131e+02,  2.19438449e+02,  4.90008090e+02,
         9.98635092e+01,  1.53800751e+03,  1.41880809e+03,
         5.06776732e+02, -1.54944824e+02, -9.20636315e+02,
        -1.06433918e+03, -1.14641780e+03, -6.53625078e+02,
        -4.46045300e+02,  2.14530684e+02, -3.00482656e+02,
        -2.02218155e+02, -4.02420543e+01,  2.20665353e+02,
        -1.02838547e+02,  4.81789654e+02],
       [ 6.37209134e+01,  4.20775417e+01,  2.86637013e+02,
         1.04345023e+02,  1.41880809e+03,  1.57100087e+03,
         5.66369748e+02, -1.96265826e+02, -9.62269445e+02,
        -1.03935867e+03, -1.20442858e+03, -7.71418081e+02,
        -3.84703432e+02,  1.91826981e+02, -2.91710565e+02,
        -1.28653276e+02, -8.41094810e+01,  2.00523140e+02,
         2.37498959e+01,  5.98030116e+02],
       [ 2.71509105e+02, -9.10028773e+01, -2.13985367e+02,
         4.47975155e+02,  5.06776732e+02,  5.66369748e+02,
         4.16024845e+02, -1.02243512e+02, -3.85981577e+02,
        -4.29791574e+02, -4.33025882e+02, -4.60734112e+02,
         4.44833642e+01, -3.71726815e+01, -3.69750046e+01,
         7.00941670e+01, -1.47175043e+02, -2.01654121e+02,
         7.66086211e+01,  1.43949018e+02],
       [-4.97972270e+01, -7.94783892e+01,  6.28820260e+01,
        -1.17312520e+02, -1.54944824e+02, -1.96265826e+02,
        -1.02243512e+02,  7.27433291e+01,  8.43981702e+01,
         1.66714367e+02,  1.38671030e+02,  1.32639128e+02,
         4.65878131e+00,  4.23778094e+00, -1.50517861e+01,
         1.94789446e+01,  1.83698588e+01,  3.71670140e+01,
        -3.07128997e+01,  3.98188658e+00],
       [-2.50902013e+02,  1.07773594e+02, -1.72871031e+02,
        -1.36051470e+02, -9.20636315e+02, -9.62269445e+02,
        -3.85981577e+02,  8.43981702e+01,  7.43797520e+02,
         6.85024179e+02,  8.30793620e+02,  5.92926335e+02,
         1.81972523e+02, -1.40669638e+02,  2.26120563e+02,
        -4.91641994e+01,  5.75864984e+01, -8.53334844e+01,
         9.18082092e+00, -4.17298421e+02],
       [-2.13615110e+01, -1.29407978e+02, -1.65744175e+02,
        -2.43928137e+02, -1.06433918e+03, -1.03935867e+03,
        -4.29791574e+02,  1.66714367e+02,  6.85024179e+02,
         8.45915336e+02,  8.58583357e+02,  5.96116144e+02,
         2.28352814e+02, -1.15732643e+02,  1.59113311e+02,
         6.82915733e+01,  2.56690786e+01, -6.00420205e+01,
        -1.33694432e+01, -3.52184578e+02],
       [-1.40349243e+02, -1.42665241e+01, -2.62604371e+02,
        -9.86363189e+01, -1.14641780e+03, -1.20442858e+03,
        -4.33025882e+02,  1.38671030e+02,  8.30793620e+02,
         8.58583357e+02,  9.96049676e+02,  6.55388980e+02,
         2.85500355e+02, -1.77996268e+02,  2.50337059e+02,
         3.97798050e+01,  4.02774020e+01, -1.60074391e+02,
         1.16894378e+01, -4.70886229e+02],
       [-4.60765689e+02,  1.44344721e+02,  1.97970658e+02,
        -4.50198291e+02, -6.53625078e+02, -7.71418081e+02,
        -4.60734112e+02,  1.32639128e+02,  5.92926335e+02,
         5.96116144e+02,  6.55388980e+02,  6.47679399e+02,
        -3.46882677e+01, -1.99860617e+01,  9.07836069e+01,
        -1.49560577e+02,  1.23278862e+02,  1.60978128e+02,
        -9.47394468e+01, -2.49421405e+02],
       [ 3.87377431e+02, -1.62861939e+02, -4.46329514e+02,
         3.57942111e+02, -4.46045300e+02, -3.84703432e+02,
         4.44833642e+01,  4.65878131e+00,  1.81972523e+02,
         2.28352814e+02,  2.85500355e+02, -3.46882677e+01,
         3.19924339e+02, -1.40855363e+02,  1.41037225e+02,
         2.08011500e+02, -8.92340750e+01, -3.15715295e+02,
         8.93397916e+01, -2.25558612e+02],
       [-5.63687688e+01,  7.90065604e+01,  2.32421806e+02,
        -1.86288345e+02,  2.14530684e+02,  1.91826981e+02,
        -3.71726815e+01,  4.23778094e+00, -1.40669638e+02,
        -1.15732643e+02, -1.77996268e+02, -1.99860617e+01,
        -1.40855363e+02,  1.01856302e+02, -9.25691480e+01,
        -5.09312633e+01,  3.96661675e+01,  1.69072590e+02,
        -7.74055762e+01,  6.37388312e+01],
       [ 2.78730762e+01,  2.35368923e+01, -2.12130889e+02,
         1.38718385e+02, -3.00482656e+02, -2.91710565e+02,
        -3.69750046e+01, -1.50517861e+01,  2.26120563e+02,
         1.59113311e+02,  2.50337059e+02,  9.07836069e+01,
         1.41037225e+02, -9.25691480e+01,  1.26877945e+02,
         2.57978315e+01, -3.48747184e+00, -1.42849789e+02,
         5.40300989e+01, -1.67811521e+02],
       [ 3.88740436e+02, -2.42908838e+02, -2.87025848e+02,
         2.37942095e+02, -2.02218155e+02, -1.28653276e+02,
         7.00941670e+01,  1.94789446e+01, -4.91641994e+01,
         6.82915733e+01,  3.97798050e+01, -1.49560577e+02,
         2.08011500e+02, -5.09312633e+01,  2.57978315e+01,
         2.39650759e+02, -6.15580992e+01, -1.77759175e+02,
         7.26756074e+01, -1.79409770e+01],
       [-2.32426463e+02,  2.60043035e+01,  1.70325368e+02,
        -2.28129849e+02, -4.02420543e+01, -8.41094810e+01,
        -1.47175043e+02,  1.83698588e+01,  5.75864984e+01,
         2.56690786e+01,  4.02774020e+01,  1.23278862e+02,
        -8.92340750e+01,  3.96661675e+01, -3.48747184e+00,
        -6.15580992e+01,  1.32893708e+02,  1.49436661e+02,
         4.45187277e-01,  1.02227987e+02],
       [-3.81248218e+02,  1.14106955e+02,  4.97109931e+02,
        -5.50796345e+02,  2.20665353e+02,  2.00523140e+02,
        -2.01654121e+02,  3.71670140e+01, -8.53334844e+01,
        -6.00420205e+01, -1.60074391e+02,  1.60978128e+02,
        -3.15715295e+02,  1.69072590e+02, -1.42849789e+02,
        -1.77759175e+02,  1.49436661e+02,  4.10094285e+02,
        -1.00005430e+02,  2.14967380e+02],
       [ 2.34131084e+01, -1.97490015e+02, -2.32183350e+02,
         1.29996251e+02, -1.02838547e+02,  2.37498959e+01,
         7.66086211e+01, -3.07128997e+01,  9.18082092e+00,
        -1.33694432e+01,  1.16894378e+01, -9.47394468e+01,
         8.93397916e+01, -7.74055762e+01,  5.40300989e+01,
         7.26756074e+01,  4.45187277e-01, -1.00005430e+02,
         1.73653442e+02,  1.86249271e+02],
       [-2.85632016e+02, -3.98979275e+02,  1.94363658e+02,
        -2.13079829e+02,  4.81789654e+02,  5.98030116e+02,
         1.43949018e+02,  3.98188658e+00, -4.17298421e+02,
        -3.52184578e+02, -4.70886229e+02, -2.49421405e+02,
        -2.25558612e+02,  6.37388312e+01, -1.67811521e+02,
        -1.79409770e+01,  1.02227987e+02,  2.14967380e+02,
         1.86249271e+02,  8.11346753e+02]])
      jac: array([ 2.87174882e-06, -2.76182629e-06,  1.63829401e-06, -4.60546403e-07,
        1.49716584e-07, -2.59817591e-06,  3.31271079e-06, -1.23720662e-06,
        2.84152878e-06, -5.36403178e-06,  3.39299194e-06,  1.64642296e-06,
       -4.54638379e-06,  1.92724420e-06, -3.95835656e-07, -5.33808702e-07,
       -8.08005183e-07,  5.97176438e-07,  7.48911333e-07, -3.87948603e-07])
  message: 'Optimization terminated successfully.'
     nfev: 4158
      nit: 186
     njev: 198
   status: 0
  success: True
        x: array([ 5.35299976,  2.00252228,  1.94088318,  3.02336722,  5.69114918,
        2.98540734,  2.75090121,  5.91301044,  5.68186119,  2.22094584,
        4.5667472 ,  1.3912094 ,  2.58706613,  2.7634999 , -0.17496238,
        0.10349598,  0.17335136,  6.13800015,  4.01448478,  0.87461114])
                    message: ['requested number of basinhopping iterations completed successfully']
      minimization_failures: 0
                       nfev: 477246
                        nit: 100
                       njev: 22726
                          x: array([ 5.35299976,  2.00252228,  1.94088318,  3.02336722,  5.69114918,
        2.98540734,  2.75090121,  5.91301044,  5.68186119,  2.22094584,
        4.5667472 ,  1.3912094 ,  2.58706613,  2.7634999 , -0.17496238,
        0.10349598,  0.17335136,  6.13800015,  4.01448478,  0.87461114])
0.03078074006973356

Process finished with exit code 0
