/home/alex/Desktop/Projects/SimsV3/venv/bin/python /home/alex/Desktop/Projects/SimsV3/Simple_ManyWP_reproducability_test1.py
basinhopping step 0: f 1.60566e-05
[ 0.9538823   4.88507857  1.54495848  5.38818047 -0.26725638  2.86385709
  5.41239292 -0.74712528  2.85163186 -0.42598544  0.29323276  3.17119416
  3.93722007  6.45704222  2.61132645  5.9532853   0.24089982  3.23247219
  3.69379997  3.24616288] 1.605659424571362e-05 True
basinhopping step 1: f 2.4456e-05 trial_f 2.4456e-05 accepted 1  lowest_f 1.60566e-05
[ 0.48985812  4.69247279  1.70553398  5.34900459 -0.67869584  2.84484068
  5.61184083 -0.44079321  3.33843312  0.1758556   0.75070921  3.14236941
  2.43765413  6.1926724   3.52327498  6.7634444   0.69624719  3.24408142
  3.47364059  3.62129788] 2.4455988857242206e-05 True
basinhopping step 2: f 3.88717e-05 trial_f 3.88717e-05 accepted 1  lowest_f 1.60566e-05
[ 1.04933048  5.25579398  2.25486293  5.095701   -0.14474427  2.28674459
  5.81783058 -0.11421179  3.66290697  0.29244593  0.72115314  3.02462195
  2.69425305  5.86426696  2.87977929  6.37778657  0.99426321  3.10506215
  3.66081674  3.52409208] 3.8871683152324045e-05 True
basinhopping step 3: f 0.00011803 trial_f 0.00011803 accepted 1  lowest_f 1.60566e-05
[ 1.61582756  5.2849275   3.01108787  5.09823859 -0.50883827  2.31030158
  6.43956032  0.17539542  3.72267546  0.57126992 -0.52568206  3.47613045
  2.48366303  5.96894415  2.66355065  7.08310717  0.12566981  3.6711452
  3.10298769  3.84103886] 0.000118030391409538 True
basinhopping step 4: f 3.21252e-05 trial_f 3.21252e-05 accepted 1  lowest_f 1.60566e-05
[ 2.40874012  5.3979464   2.63513038  5.58545455 -0.04596931  2.8901625
  6.58749164  0.69526927  2.89156098 -0.91973685 -1.11657176  2.90113596
  2.68862479  5.44389468  3.09594855  6.35028498  0.82724695  3.79313007
  3.52333588  4.37393005] 3.212521666153492e-05 True
basinhopping step 5: f 1.7351e-05 trial_f 1.7351e-05 accepted 1  lowest_f 1.60566e-05
[ 2.50227425  5.14252628  2.33918015  5.45083748  0.32785245  2.98727825
  5.95689185  0.17973435  2.73048976 -0.78346045 -0.65764127  2.87581887
  2.63910916  5.69927702  3.31731654  6.95682846  1.43032417  3.85876139
  3.53195056  3.8006993 ] 1.7350986380520233e-05 True
basinhopping step 6: f 0.000121309 trial_f 0.000121309 accepted 1  lowest_f 1.60566e-05
[ 2.47620918  5.4648422   2.30761482  5.27143849  1.57781697  2.86727403
  5.24817165 -0.3833146   1.85361721  0.10367043  0.49612533  2.99691688
  2.3591092   5.81277028  2.68443932  5.82638634  0.67320974  3.06310463
  3.95593713  4.12379186] 0.00012130870518477319 True
basinhopping step 7: f 1.17657e-05 trial_f 1.17657e-05 accepted 1  lowest_f 1.17657e-05
found new global minimum on step 7 with function value 1.17657e-05
[ 1.30563485  5.54415795  2.35895335  5.70713384  2.56806134  2.48503582
  5.85016885  0.06946004  3.00630329 -0.12018351 -0.72276472  1.58577914
  2.31689678  5.38180843  2.83136039  6.43478608  0.16689822  3.44382685
  3.91255459  4.01934941] 1.1765670266058823e-05 True
basinhopping step 8: f 1.79417e-05 trial_f 1.79417e-05 accepted 1  lowest_f 1.17657e-05
[ 1.59033168  5.11697705  1.87318377  6.17549445  2.91908752  2.3784193
  5.60974666 -0.34963951  2.43965747 -0.46446652 -0.91410995  1.90887155
  2.75520648  6.34310483  2.89683037  6.39321707 -0.0742714   3.3440166
  4.34057883  4.19339743] 1.7941677424605157e-05 True
basinhopping step 9: f 1.74794e-05 trial_f 1.74794e-05 accepted 1  lowest_f 1.17657e-05
[ 1.54416508  5.29766932  2.03842748  5.35074432  2.73381877  3.56101293
  5.89612589 -0.61205925  1.93939889 -0.74332465 -1.27498591  2.75938104
  2.69270158  5.26955707  2.86413402  6.19154376  0.06918183  3.14275101
  3.80787247  4.30155945] 1.747935577696267e-05 True
basinhopping step 10: f 1.64838e-05 trial_f 1.64838e-05 accepted 1  lowest_f 1.17657e-05
[ 1.49971376  4.85271435  1.83856312  4.51614257  1.81583606  2.2959795
  4.90646299 -0.92833914 -0.45081521  0.25645139  1.1182254   3.26654606
  2.98699034  5.80651122  3.00706651  5.59914552 -1.0245571   2.80343827
  5.49360786  5.45735513] 1.648384234078535e-05 True
basinhopping step 11: f 1.85964e-05 trial_f 1.85964e-05 accepted 1  lowest_f 1.17657e-05
[ 1.40092063  5.29351704  2.06880933  5.23704282  1.85980215  2.12645443
  5.10713138 -0.45550369  0.09237968  0.27968987  0.46507598  4.04107615
  2.8768542   5.53641814  3.02484787  5.59827186  0.00913765  2.97232655
  5.54621997  5.72794999] 1.8596369368640437e-05 True
basinhopping step 12: f 3.10489e-05 trial_f 3.10489e-05 accepted 1  lowest_f 1.17657e-05
[ 1.55894708  5.51675017  2.15060658  5.46312643  2.01428019  2.21546665
  5.32991452 -0.08778861  0.05837288  0.56226322  0.94875984  3.88592021
  2.57035628  6.17130691  2.90462896  6.23158293 -0.21649145  2.90012319
  6.3470704   5.32112494] 3.104891103605972e-05 True
basinhopping step 13: f 3.47186e-05 trial_f 3.47186e-05 accepted 1  lowest_f 1.17657e-05
[ 1.55402969  5.21200786  2.5020295   5.45061507  2.10029514  1.3258521
  5.32600889 -0.43742177 -0.28100477 -0.30282392  0.57903795  4.15571723
  3.231478    6.74201593  2.91402195  5.43667576 -0.24984123  3.02339928
  6.1727626   5.6332323 ] 3.4718575127886534e-05 True
basinhopping step 14: f 1.17819e-05 trial_f 1.17819e-05 accepted 1  lowest_f 1.17657e-05
[ 1.17091912  4.91692284  2.27211094  5.57798325  2.81748332  2.17032421
  5.40250998 -0.27209481  0.15058138 -0.20956033 -0.0563352   3.16441098
  3.39798128  7.27423219  3.80532556  3.07956721 -0.14813033  3.31487161
  5.48127842  5.57519929] 1.1781933058216852e-05 True
basinhopping step 15: f 1.55807e-05 trial_f 1.55807e-05 accepted 1  lowest_f 1.17657e-05
[ 2.21896985  4.63941652  1.29730551  7.14294357  3.24611706  0.75689272
  3.60642578  0.35923425  0.68517399  0.41301355 -0.19016118  1.99337297
  2.74100807  6.36259022  6.04485519  3.40974234 -0.09671849  3.19367327
  5.81650653  5.96560929] 1.5580670638279485e-05 True
basinhopping step 16: f 2.73789e-05 trial_f 2.73789e-05 accepted 1  lowest_f 1.17657e-05
[ 1.86593163  4.79961669  0.98682015  6.84548269  2.99905482  0.81798183
  3.76980559  0.27383669  0.28187747  0.48134642 -0.17293042  2.12169181
  2.50325713  6.44771356  6.22199379  2.98845545  0.40876408  2.69271116
  5.82138564  5.9709457 ] 2.7378934414372773e-05 True
basinhopping step 17: f 1.59672e-05 trial_f 1.59672e-05 accepted 1  lowest_f 1.17657e-05
[ 1.75161771  4.49488442  1.70547124  6.85534654  3.3212312   0.27385296
  3.83287608  0.14492104  0.487674    0.2285883  -0.04721065  2.2112318
  2.71090252  6.0796589   6.17776826  3.33988619 -0.13604213  2.20617906
  5.8480655   5.97201573] 1.5967249382261987e-05 True
basinhopping step 18: f 4.06967e-05 trial_f 4.06967e-05 accepted 1  lowest_f 1.17657e-05
[ 1.35491747  4.35530958  1.16866056  6.46287511  3.12171069  0.37591073
  3.56940033 -0.25516555  0.28640036 -0.71836222 -0.27773699  2.4207393
  3.59510036  6.28480544  6.68235221  3.12671306  0.27066404  2.21650836
  5.4050657   5.73924184] 4.069667504585101e-05 True
basinhopping step 19: f 8.70157e-05 trial_f 8.70157e-05 accepted 1  lowest_f 1.17657e-05
[ 1.5943919   5.02229309  1.08501824  6.52644188  3.84577807 -0.11766756
  4.10684995  0.17073765  0.5519724   0.57056356 -0.46211071  2.65283141
  3.65663345  5.62290938  6.01937408  3.32272198  0.33098572  2.6199706
  5.81848085  6.07466316] 8.701573712545541e-05 True
basinhopping step 20: f 3.88906e-05 trial_f 3.88906e-05 accepted 1  lowest_f 1.17657e-05
[ 1.6679209   4.30198431  1.69739319  6.92154598  3.28274204 -0.32656414
  3.85773612  0.31248471  0.56929909 -0.02626536  0.12779923  2.82957083
  2.54735056  5.23377949  6.48545474  3.05788025  0.06986983  2.65683998
  6.11612111  5.57241242] 3.8890587927875514e-05 True
basinhopping step 21: f 2.67422e-05 trial_f 2.67422e-05 accepted 1  lowest_f 1.17657e-05
[ 1.22988266  3.99641811  0.79156155  6.94798655  3.00456947 -0.4024354
  5.53052939  0.35938037 -0.08954934 -0.25857947  0.49749279  2.81355411
  2.18018541  5.90761422  6.5222641   2.9843626  -0.25775111  2.95062648
  5.38706723  4.93408341] 2.674215984965678e-05 True
basinhopping step 22: f 2.9537e-05 trial_f 2.9537e-05 accepted 1  lowest_f 1.17657e-05
[ 0.69888226  4.58041158  0.61879038  7.04941927  3.01392256  0.13224091
  5.66316495 -0.60285891 -0.44915127  0.45741557  0.02259974  2.3639213
  2.95059825  5.48784932  5.97023659  3.20333737 -0.32507081  2.49090373
  5.43695462  4.67011886] 2.9537004443286287e-05 True
basinhopping step 23: f 3.85399e-05 trial_f 3.85399e-05 accepted 1  lowest_f 1.17657e-05
[ 0.74728658  4.00773706  0.08749953  6.27122317  2.77688431  0.28860231
  5.56842856  0.01921545  0.56410429  0.7024379   0.41075642  2.36222117
  3.05609789  6.09544091  6.3529008   2.3956858  -0.1542801   2.37363108
  4.91909102  4.81476571] 3.8539871937498154e-05 True
basinhopping step 24: f 2.7633e-05 trial_f 2.7633e-05 accepted 1  lowest_f 1.17657e-05
[ 0.6881635   4.00086644  0.83939021  6.06075565  2.95317043 -0.04850257
  6.02302279  0.45289153  0.30342288  0.8536522   0.33123946  2.40228489
  3.11456691  6.21027776  6.17450931  2.8087199  -0.21385984  1.86211938
  4.7651498   5.18789011] 2.7632954616536497e-05 True
basinhopping step 25: f 3.81355e-05 trial_f 3.81355e-05 accepted 1  lowest_f 1.17657e-05
[ 1.05760747  3.5472674   0.53869104  5.95367399  3.57020297 -0.37767443
  5.80231263  0.20892933  0.50187769  0.51878018  0.4753434   2.50422279
  2.86690891  6.35032578  6.24271654  2.478953   -0.40751262  1.7942041
  5.41734506  4.50444917] 3.8135473101066915e-05 True
basinhopping step 26: f 1.41918e-05 trial_f 1.41918e-05 accepted 1  lowest_f 1.17657e-05
[ 0.99953999  3.48331755  0.202871    6.87274232  3.13274898  0.43916721
  6.1471242  -0.75188229 -0.2233156   0.15905514  0.70418722  3.79516822
  3.65388097  6.18016299  5.99048074  2.39583029 -0.57276899  2.19113064
  5.50208902  4.41698967] 1.4191834737344252e-05 True
basinhopping step 27: f 3.70285e-05 trial_f 3.70285e-05 accepted 1  lowest_f 1.17657e-05
[ 1.00908734  4.10366085  0.60273122  6.56799047  3.15060601  0.76842424
  6.3024552   0.19983105  0.90817074  0.71137981  0.73044431  3.57325645
  3.47680969  5.59781136  5.69807039  2.31697107 -0.62599797  1.51931664
  5.90906356  3.33795785] 3.702850502932277e-05 True
basinhopping step 28: f 3.87866e-05 trial_f 3.87866e-05 accepted 1  lowest_f 1.17657e-05
[ 0.55074437  3.85131836  0.91959898  6.67902875  3.07096977  0.1639112
  5.35927739  0.12693819  0.46939883  0.01749193  0.46516028  4.41003499
  4.02446727  6.22881953  6.60518832  2.41701802 -0.26314166  2.71695557
  5.47393709  1.945958  ] 3.878664119472759e-05 True
basinhopping step 29: f 3.95161e-05 trial_f 3.95161e-05 accepted 1  lowest_f 1.17657e-05
[ 0.47344713  3.82370055  0.75982043  6.75018302  2.76877678  0.24512936
  5.67201153  0.12230252  0.40737664 -0.1985073   0.62876619  4.35433002
  3.70403681  6.26848449  5.93538316  2.41433614  0.22051953  2.30329681
  5.49713743  1.85827569] 3.951609840457287e-05 True
basinhopping step 30: f 1.53895e-05 trial_f 1.53895e-05 accepted 1  lowest_f 1.17657e-05
[ 0.05180017  3.66501007 -0.34611161  6.09861774  3.03621751  0.49738108
  6.81602798  1.10008069  0.44201683  0.38809621  0.87047166  3.60710744
  2.47769948  5.59700589  5.64398766  2.40503518 -0.10233933  2.55067547
  5.56605369  2.10044644] 1.5389517591228495e-05 True
basinhopping step 31: f 4.04079e-05 trial_f 4.04079e-05 accepted 1  lowest_f 1.17657e-05
[ 0.33947453  4.00735545  0.71963198  6.60772664  3.30073036 -0.65491363
  6.49598577 -0.16151611  0.14756779  0.39474886  1.35708841  3.68714023
  3.82551729  5.79966381  6.26263011  2.47223846 -0.02910158  2.45999134
  4.91621909  2.19422727] 4.04079258794435e-05 True
basinhopping step 32: f 3.20959e-05 trial_f 3.20959e-05 accepted 1  lowest_f 1.17657e-05
[ 1.21843243  3.25536357  0.51476409  6.19390778  3.58502968  0.24244314
  5.88420266  0.17564822 -0.69960575 -0.44980307  0.4978412   3.43486723
  4.06763431  6.6480627   6.0939939   2.53587672 -0.34293371  2.32874723
  4.85701764  2.08541732] 3.209586163529663e-05 True
basinhopping step 33: f 0.000120019 trial_f 0.000120019 accepted 1  lowest_f 1.17657e-05
[ 1.35400963  3.49748205  0.35839064  5.97980469  3.05954737  0.03468384
  6.34645123  2.23257938  0.0258406  -0.39318351  0.63801031  3.17710765
  3.14847535  5.16679725  6.18606545  2.4540973  -0.28814541  1.547441
  5.23392397  1.54087314] 0.00012001920017290041 True
basinhopping step 34: f 0.000388307 trial_f 0.000388307 accepted 1  lowest_f 1.17657e-05
[ 0.89881429  3.22094651  0.9394264   5.94864605  3.01174513 -0.41978656
  6.94605378  2.69576679  0.36571629 -0.09907328  0.82258443  2.71665768
  3.20375488  5.6790996   6.26692657  1.9142844  -0.41366236  1.9545158
  5.23653071  0.92386858] 0.000388306664293563 True
basinhopping step 35: f 2.56122e-05 trial_f 2.56122e-05 accepted 1  lowest_f 1.17657e-05
[ 3.97627259e-01  3.73686431e+00  6.74673129e-01  6.75505486e+00
  2.85515278e+00 -2.83471423e-01  6.20981245e+00  2.81324759e+00
  7.72281546e-01 -4.49346141e-02 -2.27185274e-03  1.08591234e+00
  4.21155183e+00  6.47581812e+00  6.28167891e+00  2.50027488e+00
 -4.62749337e-01  2.54230144e+00  5.31247812e+00  1.76979969e+00] 2.5612242443960356e-05 True
basinhopping step 36: f 2.7124e-05 trial_f 2.7124e-05 accepted 1  lowest_f 1.17657e-05
[ 0.31001232  3.74524551  1.04116913  6.58156221  3.19631835 -0.34643954
  6.56239175  2.82523122 -0.64324079  0.40535494  0.57930277  0.50700663
  4.15584526  6.17516049  6.21241762  2.4998726  -0.5334125   2.34019124
  5.50550537  1.50624968] 2.712400374705632e-05 True
basinhopping step 37: f 3.40543e-05 trial_f 3.40543e-05 accepted 1  lowest_f 1.17657e-05
[ 0.21443832  3.10179069  0.25495442  6.34298853  2.77632209  0.66731596
  7.10126991  4.33372868  0.51195879  0.64087787  0.7761661  -0.31652579
  2.43364636  5.61089377  6.12895843  3.2263752  -0.50595073  1.79803675
  5.58683759  2.51980532] 3.405426716136983e-05 True
basinhopping step 38: f 3.95113e-05 trial_f 3.95113e-05 accepted 1  lowest_f 1.17657e-05
[-0.6001277   3.24771882  0.02982961  6.74493851  3.50860328  0.83921968
  7.29746929  5.14089168  0.76362449  0.23571729 -0.04302907  0.07954002
  2.57258662  6.66567779  5.99807984  3.37557234 -0.30224228  2.02854154
  5.45607111  2.14387166] 3.951127409446793e-05 True
basinhopping step 39: f 0.000120697 trial_f 0.000120697 accepted 1  lowest_f 1.17657e-05
[-0.11532947  3.4216196  -0.13941625  6.45163511  3.54208909  0.54276829
  5.76889569  3.91058141  1.14143085  1.52729462  0.21861781  0.63298868
  2.62471634  6.01341727  5.66343034  3.24206242 -1.13959308  2.37729069
  5.75629331  2.27649503] 0.00012069721943838436 True
basinhopping step 40: f 1.66693e-05 trial_f 1.66693e-05 accepted 1  lowest_f 1.17657e-05
[-0.09570658  3.42371287  0.16662764  6.23759751  2.81043317  0.49052907
  7.14967044  3.60180349  1.3885817   0.89239997  0.17281604  0.09782983
  2.8325095   5.65564799  4.90904005  2.67294358 -0.17214007  2.81692691
  5.47886792  2.03069262] 1.666934876663599e-05 True
basinhopping step 41: f 3.22734e-05 trial_f 3.22734e-05 accepted 1  lowest_f 1.17657e-05
[ 0.12277469  3.55094125  0.40858191  6.97651424  3.92011248  0.30929732
  5.39142648  2.7787382  -0.39857202  0.1139928  -0.19662628  0.25112017
  3.72280522  3.98957473  4.79594215  4.74787406  0.9158892   3.65028389
  4.58347096  1.09870387] 3.227344042210458e-05 True
basinhopping step 42: f 1.17639e-05 trial_f 1.17639e-05 accepted 1  lowest_f 1.17639e-05
found new global minimum on step 42 with function value 1.17639e-05
[ 0.21390212  3.89238491  0.09041023  6.30236131  3.35236441  0.0178653
  5.44390178  2.22381222 -0.22531902  0.04118001  0.24360566  0.26572145
  3.71122987  4.17662766  4.04400789  5.05470551  1.64221813  4.11169582
  3.85334666  0.54957524] 1.176385809209778e-05 True
basinhopping step 43: f 1.17642e-05 trial_f 1.17642e-05 accepted 1  lowest_f 1.17639e-05
[-0.31848904  3.0117154   0.31950501  5.66092033  2.27049736 -0.30587418
  6.12308478  3.56155125  0.76322518  0.73175126  0.7142366   1.49513917
  4.70933638  4.12083183  3.68917194  3.33031721 -0.1176026   3.8894039
  3.68436753  0.638505  ] 1.1764209212011132e-05 True
basinhopping step 44: f 1.58173e-05 trial_f 1.58173e-05 accepted 1  lowest_f 1.17639e-05
[-0.10910145  2.98663177 -0.23575781  5.79328993  2.00489845 -0.11922713
  6.44990672  3.86782209  0.25549242  0.68586313  1.37245401  1.12562986
  4.57278499  4.28567503  3.53418619  3.08027744  0.40608462  3.92197422
  3.38820765  0.844695  ] 1.5817341589192067e-05 True
basinhopping step 45: f 1.17638e-05 trial_f 1.17638e-05 accepted 1  lowest_f 1.17638e-05
found new global minimum on step 45 with function value 1.17638e-05
[-2.69289601e-01  2.68091575e+00 -9.98073975e-02  6.17035642e+00
  2.50159908e+00 -5.55691927e-01  6.25520045e+00  4.01112980e+00
  5.12246542e-01  1.03633258e+00  1.16114295e+00  8.18774439e-01
  4.17103359e+00  4.02771760e+00  3.52921482e+00  2.63693438e+00
  1.63392245e-04  3.79561474e+00  3.50883824e+00  8.81683458e-01] 1.1763837935401217e-05 True
basinhopping step 46: f 1.60059e-05 trial_f 1.60059e-05 accepted 1  lowest_f 1.17638e-05
[-0.44825235  3.02126828 -0.05229883  5.34855745  2.3124803  -0.31432248
  6.22673248  3.65676401  0.54403004  0.61549003  1.04798694  1.71354652
  4.0184008   4.31178693  3.31286298  3.01016349  0.47311961  3.40919892
  3.33054403  0.76299716] 1.6005857698649673e-05 True
basinhopping step 47: f 1.80267e-05 trial_f 1.80267e-05 accepted 1  lowest_f 1.17638e-05
[-0.39084786  2.91697401 -0.26001387  5.23431928  2.3102059  -0.17595069
  6.22896612  3.79958644  0.26723542  0.30651713  1.31992742  1.27516378
  4.01664165  4.17012336  3.43855534  2.89496041 -0.03279228  3.9090148
  3.38239791  0.50326758] 1.8026682564852353e-05 True
warning: basinhopping: local minimization failure
basinhopping step 48: f 3.93054e-05 trial_f 3.93054e-05 accepted 1  lowest_f 1.17638e-05
[-0.73686249  2.52703565 -0.40781315  6.51201634  2.32026042 -0.52536555
  5.45019698  3.42435534  0.09478174  0.68245097  1.05509518  1.76180323
  3.74508471  3.92469036  3.22994126  3.04527527  0.73818685  3.61228917
  3.25592456  0.04050426] 3.930535220641641e-05 True
basinhopping step 49: f 1.17639e-05 trial_f 1.17639e-05 accepted 1  lowest_f 1.17638e-05
[-0.648005    2.23418674 -1.25522471  5.94528443  2.77924136  0.04031927
  6.83696108  3.86174211  0.7197187   0.59201759 -0.23256357 -0.25273183
  3.39687682  3.4472494   3.05340243  3.77879864  1.18926883  3.9989021
  4.02804022  0.09356361] 1.1763894683165102e-05 True
adaptive stepsize: acceptance rate 0.980000 target 0.500000 new stepsize 0.555556 old stepsize 0.5
basinhopping step 50: f 3.23456e-05 trial_f 3.23456e-05 accepted 1  lowest_f 1.17638e-05
[-0.05327681  2.81628462 -0.13053666  5.66660251  2.11343377 -0.36783127
  6.26125837  4.00885428  0.56514809  0.91407595  0.29325335  0.81567022
  3.79982538  4.65368032  2.01585482  3.90947962  0.55204096  3.58063484
  3.60727138  0.05689463] 3.2345604629848274e-05 True
basinhopping step 51: f 1.87053e-05 trial_f 1.87053e-05 accepted 1  lowest_f 1.17638e-05
[-0.21101035  2.37251451 -0.50138689  6.04252337  2.93563196  0.06908809
  5.72435599  3.2124644   0.86866155  0.90146877  1.72570729  1.54633166
  3.73843627  3.3464162   1.01236478  3.75754592  0.47025428  3.45746997
  3.20796695  0.49969823] 1.8705253047011687e-05 True
basinhopping step 52: f 3.85811e-05 trial_f 3.85811e-05 accepted 1  lowest_f 1.17638e-05
[-0.53591209  2.11604512 -0.34241038  6.37249805  3.46551432  0.35985522
  5.90392083  3.70130099  0.09654555  0.7330212   1.16880831  0.83340244
  4.26540704  5.00971624  1.01838944  3.56956432 -0.06848436  3.71108923
  2.84388104  0.61371752] 3.8581123486851606e-05 True
basinhopping step 53: f 2.94857e-05 trial_f 2.94857e-05 accepted 1  lowest_f 1.17638e-05
[-0.35381265  2.69383554  0.17195713  6.46034598  3.18676467 -0.37890793
  5.78233536  3.69913403  0.97205281  0.6042223   1.68831179  1.12755661
  4.34473239  4.29133347  0.96080452  3.01367294  0.2343298   4.0421204
  3.52290851  0.73457745] 2.9485735357612154e-05 True
basinhopping step 54: f 2.32862e-05 trial_f 2.32862e-05 accepted 1  lowest_f 1.17638e-05
[ 0.23156522  3.4161773   0.39119586  6.44877794  3.93938424 -0.15266166
  5.68048554  2.8296141  -0.53731067 -0.40957394  0.33232914  0.92486232
  3.97517758  3.77776147  1.16220668  4.03845393  0.16948627  4.40700745
  4.08287711  1.93544908] 2.328623730159591e-05 True
basinhopping step 55: f 0.000116315 trial_f 0.000116315 accepted 1  lowest_f 1.17638e-05
[ 0.75611954  4.02779262  1.06413211  6.30819867  3.96508577 -0.36898138
  5.69583584  3.34825566  0.20825431 -0.01097399 -1.89491415  0.51556334
  4.05878474  3.91720124  0.45956329  4.91660326  1.16000875  4.38222636
  4.57376185  2.29982983] 0.00011631513268000782 True
basinhopping step 56: f 2.52509e-05 trial_f 2.52509e-05 accepted 1  lowest_f 1.17638e-05
[ 0.9135826   3.929272    0.47554161  6.25161034  2.78874832 -0.13525478
  5.71622041  3.59213619  0.9214529   0.09053206 -0.01601467  0.5574328
  3.58582207  4.39312544  0.9212924   4.0321461   0.72819646  4.73647419
  4.56022226  2.35337634] 2.525086382330225e-05 True
basinhopping step 57: f 2.82132e-05 trial_f 2.82132e-05 accepted 1  lowest_f 1.17638e-05
[-0.30792636  2.83980173 -0.02176318  6.48637427  3.06725562  0.14310091
  6.17970087  2.2702947  -0.7381876   0.52124927  0.19799996  0.64009388
  3.87078292  6.49353468  0.56457786  4.10284178  0.24867081  4.46537216
  4.75845623  2.08695394] 2.8213168547453276e-05 True
basinhopping step 58: f 2.96387e-05 trial_f 2.96387e-05 accepted 1  lowest_f 1.17638e-05
[ 0.01203533  2.48444582 -0.01292595  6.41383739  3.1222749   0.46490189
  6.34337975  2.77021032 -1.32300902 -0.30880787  0.36782084  0.25109043
  3.81294454  6.89318374  0.81257609  3.54225306  0.52102718  4.64920607
  4.70422842  2.10781505] 2.963871170370941e-05 True
basinhopping step 59: f 1.50695e-05 trial_f 1.50695e-05 accepted 1  lowest_f 1.17638e-05
[-0.00961559  3.35998295  1.2282266   6.83099964  3.26511611 -0.17079587
  5.7571481   2.12615358 -0.48031526 -0.19938485 -0.06457178  0.56527418
  3.68606205  6.27145406  0.3982101   3.81928648  0.99026966  3.58840776
  4.49186559  1.62249964] 1.5069515698209202e-05 True
basinhopping step 60: f 3.5247e-05 trial_f 3.5247e-05 accepted 1  lowest_f 1.17638e-05
[ 0.40762006  2.97252195 -0.32508465  5.72852263  3.2341066   0.34298775
  5.62899872  2.97857076  0.23591629  0.79301723  0.99321839  0.16290043
  3.36839578  6.00830872  0.22996676  4.20000641  1.04170468  3.8572104
  4.79108486  1.89027603] 3.5246974145615804e-05 True
basinhopping step 61: f 7.44546e-05 trial_f 7.44546e-05 accepted 1  lowest_f 1.17638e-05
[-0.32684123  2.89838543 -0.02306553  5.65212122  3.52470771  0.13803348
  5.31816802  2.38871744 -0.38098852  0.30063153  0.63810383  0.85645632
  3.04773107  6.32607061 -0.03874122  3.63080227  1.14030291  3.79087441
  4.47645347  1.9852604 ] 7.445458966000163e-05 True
basinhopping step 62: f 2.64485e-05 trial_f 2.64485e-05 accepted 1  lowest_f 1.17638e-05
[-0.52763491  2.4627736   1.76258826  5.82731661  3.30341809  0.2249225
  6.37782396  3.18496142  0.36512911 -0.91173402 -0.76435935 -0.24954807
  3.08048065  6.33132849  0.20969398  3.64872503  0.39053968  3.8209009
  4.82234197  1.36853961] 2.6448462005831624e-05 True
basinhopping step 63: f 1.61679e-05 trial_f 1.61679e-05 accepted 1  lowest_f 1.17638e-05
[-0.204521    2.35850496  2.38593467  5.03154278  2.60521227 -0.08433043
  5.73884664  2.58918976 -0.1212571  -0.56989653 -0.16433251 -0.10149064
  3.42859735  6.66297881 -0.22253155  3.89997123  1.03176845  3.96339237
  4.64126241  2.3556657 ] 1.61678614598511e-05 True
basinhopping step 64: f 1.95225e-05 trial_f 1.95225e-05 accepted 1  lowest_f 1.17638e-05
[ 0.63724339  3.0377958   3.24817224  5.9709983   3.43755962  0.27917386
  5.96970749  2.70831416 -0.70832548 -1.50939333 -0.54182444  0.18084833
  3.31459229  6.74730113  1.02482385  4.31289846  0.58718193  3.58142698
  4.23644605  1.15163395] 1.952250905115805e-05 True
basinhopping step 65: f 2.92675e-05 trial_f 2.92675e-05 accepted 1  lowest_f 1.17638e-05
[ 1.70077464  3.920707    3.61129578  6.05682421  3.43876948  0.50704148
  5.74211496  2.50370729 -0.11008384 -0.14150334 -0.38826661 -0.11800672
  3.47768152  5.87708216  0.53542744  3.80463753  0.96878045  3.93445567
  3.93508359  1.55547518] 2.9267520201709114e-05 True
basinhopping step 66: f 1.64137e-05 trial_f 1.64137e-05 accepted 1  lowest_f 1.17638e-05
[ 1.10973826e+00  3.96663213e+00  3.56603680e+00  5.65036733e+00
  3.08052340e+00  1.02285695e-01  6.32290432e+00  2.60083734e+00
  4.54482083e-03 -3.04238889e-01  2.46358321e-01  3.25892588e-01
  3.44662994e+00  5.82655213e+00  4.67625278e-01  4.19974170e+00
  1.23742710e+00  4.66192988e+00  4.10909408e+00  9.47737198e-01] 1.6413727764522362e-05 True
basinhopping step 67: f 1.1764e-05 trial_f 1.1764e-05 accepted 1  lowest_f 1.17638e-05
[-2.25760681e-02  3.27998465e+00  2.77242970e+00  5.60375004e+00
  3.01116361e+00  8.03510040e-01  6.73310250e+00  3.65992456e+00
  7.18657762e-01  1.29597658e-01  2.90835982e-01  3.51267061e-03
  2.83729695e+00  5.89495478e+00  7.04104463e-01  4.00606032e+00
  9.74550288e-01  4.53907432e+00  4.28442241e+00  1.64507429e+00] 1.1763963988612875e-05 True
basinhopping step 68: f 3.0407e-05 trial_f 3.0407e-05 accepted 1  lowest_f 1.17638e-05
[-0.20549129  2.84317663  3.2460402   6.38938204  3.34975218  1.49620218
  7.14915662  3.47255157  0.14248992  0.07984649  0.07190604  0.27874083
  3.0507512   3.74863263  0.42768201  4.78915951  1.71192768  4.59006332
  4.00130235  1.39264462] 3.04069663306636e-05 True
basinhopping step 69: f 2.45732e-05 trial_f 2.45732e-05 accepted 1  lowest_f 1.17638e-05
[-0.25014234  2.9003941   3.42698804  6.80217688  4.13331207  0.3403119
  6.09552205  3.4762334   1.10088902  0.39829444 -0.06971156  0.85567354
  3.16194809  3.08343087  0.26545393  4.24718255  1.60520903  4.60331038
  4.37726195  1.55445173] 2.457324595352618e-05 True
basinhopping step 70: f 2.46547e-05 trial_f 2.46547e-05 accepted 1  lowest_f 1.17638e-05
[-0.3032498   3.02301218  3.19747761  5.76811865  5.60604736  0.31802567
  7.1867892   3.63746198  0.63933496 -0.16249374  0.17834009  0.16121398
  2.60316558  2.95405582  0.3391676   4.06390865  1.18710289  4.20032299
  4.03697638  1.78468031] 2.465465427852859e-05 True
basinhopping step 71: f 5.86478e-05 trial_f 5.86478e-05 accepted 1  lowest_f 1.17638e-05
[0.04176099 3.11011115 3.28654695 5.94840182 5.76637753 0.14097623
 6.56817036 4.54384087 0.78319134 0.46948662 0.62513477 0.13692214
 2.37408371 2.92731264 0.34782068 3.9251778  1.00766907 4.01113928
 4.6350903  1.89741423] 5.864778603347628e-05 True
basinhopping step 72: f 2.07455e-05 trial_f 2.07455e-05 accepted 1  lowest_f 1.17638e-05
[-0.12509868  3.06589816  3.37270247  5.78288832  6.37246054  0.92364531
  7.05307346  3.68151084  0.53599774  0.03064962  0.04396781 -0.56834839
  2.79296875  3.88398407  0.93577097  3.78679175  0.79873837  4.59451329
  4.38363098  1.84316518] 2.0745542427948202e-05 True
basinhopping step 73: f 2.34431e-05 trial_f 2.34431e-05 accepted 1  lowest_f 1.17638e-05
[ 0.11559517  3.24565776  2.65262736  6.41385264  6.04164043 -0.25480978
  5.6661757   3.37329626  1.02069943  0.38644904  0.91551867  0.44355538
  2.78603311  3.41286639  0.64502025  3.65997762  0.47139759  4.64851608
  4.76352177  1.73608174] 2.344307784178532e-05 True
basinhopping step 74: f 2.70397e-05 trial_f 2.70397e-05 accepted 1  lowest_f 1.17638e-05
[ 0.33585171  3.07441884  3.20900365  6.18922348  6.34584895 -0.429453
  6.01007817  3.90096558  0.90747401  0.42477244  1.3989081   0.44977833
  3.10682792  3.44596484  0.95447853  3.63033973  0.61288265  4.71032176
  4.85444608  1.86967663] 2.7039694230947004e-05 True
basinhopping step 75: f 5.10284e-05 trial_f 5.10284e-05 accepted 1  lowest_f 1.17638e-05
[-3.29503253e-03  3.31847135e+00  3.14312078e+00  5.67251738e+00
  6.33410354e+00  4.44144901e-01  3.84293596e+00  3.31994283e+00
 -9.31945831e-01  1.87757432e-01  3.50399948e+00  4.62280259e-01
  3.32632754e+00  4.29554649e+00  1.04103254e+00  4.08737023e+00
  6.82661962e-01  4.54087312e+00  5.49911404e+00  2.10223358e+00] 5.1028388701790285e-05 True
basinhopping step 76: f 2.75137e-05 trial_f 2.75137e-05 accepted 1  lowest_f 1.17638e-05
[ 9.25129095e-01  3.93037713e+00  4.03032153e+00  6.41829037e+00
  5.68763097e+00 -1.09223933e-01  3.78000446e+00  2.74817152e+00
  4.67533630e-03  4.84277144e-01  3.58420106e+00  5.07920137e-01
  3.62420115e+00  4.50517408e+00  1.25564869e+00  3.85804285e+00
  9.14220892e-01  4.29901406e+00  5.34586070e+00  1.91368475e+00] 2.7513710729053812e-05 True
basinhopping step 77: f 2.06601e-05 trial_f 2.06601e-05 accepted 1  lowest_f 1.17638e-05
[ 1.35413111  4.60917629  3.69863696  6.10472793  6.68978794  0.35752903
  3.25069028  3.44731416 -0.49340483  0.06676349  3.56988059  0.19176462
  3.28898191  4.06025146  1.37701819  4.13906379  0.75270981  4.09781576
  4.97578183  1.64131936] 2.066012442741265e-05 True
basinhopping step 78: f 3.9004e-05 trial_f 3.9004e-05 accepted 1  lowest_f 1.17638e-05
[ 0.29407832  5.83729995  3.12202131  5.99590663  5.4074374   1.45017065
  2.13387552  4.62431335  2.32254712 -1.14074701  1.93769249  1.5186994
  2.15046978  4.55436002  2.24047783  5.42393997  2.29205507  4.20146555
  4.39529518 -2.0736276 ] 3.9003963693193604e-05 True
basinhopping step 79: f 1.68407e-05 trial_f 1.68407e-05 accepted 1  lowest_f 1.17638e-05
[-0.1746841   6.32290925  3.73231486  6.88424694  6.2153447  -0.20904136
  0.46400551  2.59118511  2.36742884 -1.03902163  1.88987637  1.89138321
  1.36863868  5.22230885  2.90091377  6.05993439  2.56441875  5.41543002
  2.89197594 -0.93661915] 1.6840735416940986e-05 True
basinhopping step 80: f 1.68006e-05 trial_f 1.68006e-05 accepted 1  lowest_f 1.17638e-05
[ 5.84270954e-03  5.94179970e+00  3.51908010e+00  6.19223646e+00
  6.46161728e+00  7.97370990e-01  5.91570290e-01  2.72664553e+00
  2.18079354e+00 -4.17628775e-01  1.94449057e+00  2.07495476e+00
  2.19084256e+00  5.16134299e+00  1.92277414e+00  5.43934045e+00
  2.32481888e+00  5.00506956e+00  2.81846058e+00 -8.09602736e-02] 1.6800560676150627e-05 True
basinhopping step 81: f 3.21365e-05 trial_f 3.21365e-05 accepted 1  lowest_f 1.17638e-05
[ 0.93855293  7.00606521  3.35440425  6.05664633  5.91383888  0.79261477
  0.01182871  2.96161403  2.38154536 -0.22657372  2.59107698  2.18517118
  2.23242523  4.33485358  1.76464081  5.58247125  2.77751593  3.16576003
  2.53595998  0.04670178] 3.213646399961827e-05 True
basinhopping step 82: f 2.91249e-05 trial_f 2.91249e-05 accepted 1  lowest_f 1.17638e-05
[ 1.45021069  6.77794912  3.49436136  6.51019914  6.15755688  0.35045318
 -0.63770586  2.88485024  2.80301091  0.10769202  2.0995089   2.22528077
  2.38851592  4.90031047  1.54911893  5.4535736   2.80939954  3.27660997
  2.58959982 -0.14210527] 2.9124905930827708e-05 True
basinhopping step 83: f 1.98009e-05 trial_f 1.98009e-05 accepted 1  lowest_f 1.17638e-05
[ 0.6772804   6.15093128  2.67829052  5.81676291  6.00776523  0.08904538
 -0.26580838  3.67716153  3.77235953  0.59859033  3.18463582  2.89870344
  2.93001423  4.88654093  2.06795151  5.80956493  2.1089272   1.79077037
  2.04775529 -0.45899064] 1.9800905249494045e-05 True
basinhopping step 84: f 0.000115919 trial_f 0.000115919 accepted 1  lowest_f 1.17638e-05
[ 0.87364467  6.2888205   3.4958452   6.68523598  6.31015306  0.68627239
 -0.40308575  3.68331477  4.1227242   1.49398804  4.13267885  3.00517584
  4.11550484  3.66397865  0.58190733  4.59944727  0.82447313  1.95379911
  1.637954   -0.79027856] 0.00011591861643138496 True
basinhopping step 85: f 2.90207e-05 trial_f 2.90207e-05 accepted 1  lowest_f 1.17638e-05
[ 1.00993952  6.62346408  3.74470955  6.80318699  6.49837608  0.67687111
  0.82341148  3.17667071  2.15477251 -0.23649863  3.05024261  3.28882914
  4.02853006  4.08917283 -1.35595384  4.42407995  1.14352879  4.16814474
  1.78757891 -1.72091689] 2.9020730650225615e-05 True
basinhopping step 86: f 2.67181e-05 trial_f 2.67181e-05 accepted 1  lowest_f 1.17638e-05
[ 1.21737483  6.73613166  3.78069142  6.14329797  6.23933743  0.3545967
  0.43128146  3.26118862  2.62717818 -0.08525589  3.5295622   4.46157363
  3.51970117  3.59740888 -1.699463    4.632927    1.58618889  4.49260189
  1.27597279  0.56247917] 2.6718096622285548e-05 True
basinhopping step 87: f 3.94488e-05 trial_f 3.94488e-05 accepted 1  lowest_f 1.17638e-05
[ 0.65747337  6.21842687  3.94750167  6.74637217  6.6976755  -0.37602595
  0.38403632  3.33056414  2.794689   -1.02650672  2.87274237  3.42687932
  4.05082528  4.2175617   0.73825997  4.56563185  0.53395412  4.69382619
  1.45292358  1.06354301] 3.9448762414819556e-05 True
basinhopping step 88: f 2.60426e-05 trial_f 2.60426e-05 accepted 1  lowest_f 1.17638e-05
[ 1.21349914  6.69828835  3.49266552  6.45556913  5.66998298 -0.16700226
  0.20684759  2.74494277  3.1639175  -0.4216077   3.02263268  4.21611217
  3.87141346  3.88902349  0.31579905  3.99726598  0.62709489  3.98096939
  1.80270192  1.60483889] 2.6042555273726e-05 True
basinhopping step 89: f 2.06346e-05 trial_f 2.06346e-05 accepted 1  lowest_f 1.17638e-05
[ 1.00937863  6.77949378  4.02075793  6.28866505  6.04274417  0.37927381
 -0.04730288  2.22926245  2.69696787  0.19226314  3.68690147  4.09783935
  3.84958257  3.32518543  0.44924844  4.03118123  1.45456186  4.03419813
  1.39625211  1.86831802] 2.0634553168746363e-05 True
basinhopping step 90: f 3.7494e-05 trial_f 3.7494e-05 accepted 1  lowest_f 1.17638e-05
[ 2.49009268  6.43676969  3.02912869  5.81573208  6.49242192  0.52788599
 -0.30469338  2.84546278  2.69962142  0.21887709  3.34010079  4.25341258
  4.23743813  3.04282213  0.25999006  3.58472861  0.81540838  4.1847341
  1.5275439   2.1674052 ] 3.7494034090867116e-05 True
basinhopping step 91: f 2.04759e-05 trial_f 2.04759e-05 accepted 1  lowest_f 1.17638e-05
[ 1.74750377  5.40395637  3.0001406   5.99988768  6.01614679 -0.44945398
  0.29643121  3.78763645  2.70558586 -0.52093178  2.82288605  5.96810394
  2.96986054  3.15683215  0.70574965  3.3037679   0.5788668   4.05711595
  1.06978693  1.99877586] 2.0475949241911054e-05 True
basinhopping step 92: f 6.40837e-05 trial_f 6.40837e-05 accepted 1  lowest_f 1.17638e-05
[1.99492187 5.3040285  2.64043826 5.85016039 5.74911391 0.42845243
 0.57614889 3.93850067 3.27974301 0.06953418 2.64928178 5.23854695
 3.33272082 3.59277936 0.22808357 3.36559744 0.40944127 3.96096235
 0.78108426 2.37294869] 6.408371326870036e-05 True
basinhopping step 93: f 3.98779e-05 trial_f 3.98779e-05 accepted 1  lowest_f 1.17638e-05
[1.70516269 5.38651271 2.58742341 5.47954009 6.44783308 0.49369798
 0.17603635 3.5442767  2.46096118 0.08711797 2.89088646 6.71723273
 3.42560546 4.47664436 0.69561287 3.95091828 0.21181369 3.53076346
 0.12281423 1.1355578 ] 3.9877913643881557e-05 True
basinhopping step 94: f 3.92488e-05 trial_f 3.92488e-05 accepted 1  lowest_f 1.17638e-05
[2.04785265 5.10206416 2.24843504 6.50147032 6.07300596 0.09597477
 0.31474936 3.94409382 2.91472483 0.24935115 2.63122766 6.1525909
 3.75220968 4.51967248 0.37466521 4.08195213 0.52838019 4.1008031
 0.38175223 0.49931264] 3.924882326501208e-05 True
basinhopping step 95: f 2.22931e-05 trial_f 2.22931e-05 accepted 1  lowest_f 1.17638e-05
[ 1.46392538  5.30598065  2.18008026  6.17065809  6.04621335 -0.27693632
  0.29417171  3.94474281  3.07161962 -0.41254707  3.17925734  6.70472325
  3.84170967  3.96496735  0.20339871  3.8359991   1.21182404  3.85909701
  0.41143435 -0.29158179] 2.229305543323182e-05 True
basinhopping step 96: f 2.94397e-05 trial_f 2.94397e-05 accepted 1  lowest_f 1.17638e-05
[-0.05890262  6.8918535   3.77119229  7.1064088   4.24045891  0.03156768
 -2.98584046  3.92754229  1.32493067  1.77795531  1.08218232  8.31551721
  5.48942218  5.24360748  1.36401309  4.17407012  1.43624534  4.29400112
 -2.25020882 -1.60892245] 2.943971379656179e-05 True
basinhopping step 97: f 2.67941e-05 trial_f 2.67941e-05 accepted 1  lowest_f 1.17638e-05
[-0.21352518  6.17620612  3.83979331  7.07022133  4.35834425  0.89319875
  0.15261273  3.17996859  1.15375462  0.8116669   1.03223694  6.82990195
  3.91284471  7.17471358  0.69835293  3.94320564  2.0477455   1.82471454
 -1.19874844 -1.15138994] 2.6794145393148846e-05 True
warning: basinhopping: local minimization failure
basinhopping step 98: f 2.75252e-05 trial_f 2.75252e-05 accepted 1  lowest_f 1.17638e-05
[-0.7128337   5.33920706  3.35221196  6.80867218  3.51416414  0.3394401
  0.45234584  4.03644827  1.25675272  0.24966037  0.7110081   6.42465193
  3.28241221  6.72498372  0.59529598  2.46556827  2.65709794  2.51262633
 -0.53404455 -0.80164636] 2.752518114735858e-05 True
basinhopping step 99: f 1.96262e-05 trial_f 1.96262e-05 accepted 1  lowest_f 1.17638e-05
[ 0.50996573  3.92502191  3.00959256  6.36612462  3.54203312  0.35207452
  0.69186557  4.68859426  1.65049878  0.64147909  0.89446815  6.503094
  3.75748186  6.21107885  0.01616544  2.25890074  2.39461713  2.55550912
  0.01304696 -0.40732381] 1.9626240819793938e-05 True
adaptive stepsize: acceptance rate 0.990000 target 0.500000 new stepsize 0.617284 old stepsize 0.555556
basinhopping step 100: f 1.66839e-05 trial_f 1.66839e-05 accepted 1  lowest_f 1.17638e-05
[-0.40004871  3.63695554  4.28854914  6.79510258  4.48241996  1.12889159
  1.08746651  4.20965054  0.46282504  0.10018546  0.2103872   5.80335942
  2.54646142  5.99459    -0.28549081  3.05468598  0.5235224   2.84092454
  0.09292044  0.75241747] 1.668393494576145e-05 True
                        fun: 1.1763837935401217e-05
 lowest_optimization_result:       fun: 1.1763837935401217e-05
 hess_inv: array([[  70.94895352,  -25.63658013,   13.33471373,   31.10863138,
           2.90866267,  -63.25873015,   49.88295569,  -13.03902018,
         -30.98004638,   11.14840808,   44.25188247,    3.97612881,
         -13.9401582 ,    5.11043771,  -71.00618266,  -58.59799164,
          53.04331249,   41.25745931,  -14.18153548,   21.05642548],
       [ -25.63658013,   84.29729675,    9.89459287,  -15.51930237,
          64.01439543,  -82.35532723,  -42.06258895,  -50.5484855 ,
          81.74943923,   44.08613794, -104.31367088,  100.81227059,
           8.08528766,  -88.26348789,   47.33053223,  -25.10058723,
        -115.65111947,  -42.36957951,  137.24795385,  -32.16675862],
       [  13.33471373,    9.89459287,   99.47229334,   64.18259277,
         -31.69751764,  -87.82303743,   18.50194667,   35.38298853,
          -5.50931603,  -12.60299567,   10.91808123,  -26.70772833,
          29.94341699,   44.80710172,  -90.41592854,  -86.33958714,
          26.77534853,   42.1849618 ,  -21.34573827,   53.16313172],
       [  31.10863138,  -15.51930237,   64.18259277,  141.15699887,
        -118.80588698,  -65.29487708,   27.2236457 ,  113.41706367,
         -81.63463134,  -71.18473984,   83.59829952,  -56.53177817,
         -16.07883765,   57.39292312,  -88.13697372, -134.43518127,
          -4.72510229,   59.46890091,  -49.80071466,   57.34974717],
       [   2.90866267,   64.01439543,  -31.69751764, -118.80588698,
         558.67847725, -396.64010389,  102.18856089, -492.65740768,
         314.46113828,  374.50198021, -404.98108604,  355.14537695,
          32.64861205, -165.85352713,  128.33625718,    5.47295675,
         -69.56445801, -214.54531735,  365.4402469 , -115.91668881],
       [ -63.25873015,  -82.35532723,  -87.82303743,  -65.29487708,
        -396.64010389,  586.0579437 ,  -89.58261535,  360.54545645,
        -276.43685579, -355.53674159,  306.24214803, -286.88663223,
           4.92148777,  136.91412862,   33.36886268,  234.17309962,
         137.95846941,  158.82224163, -358.68594529,  -29.22850422],
       [  49.88295569,  -42.06258895,   18.50194667,   27.2236457 ,
         102.18856089,  -89.58261535,  158.27859597,  -64.02399167,
         -24.38652426,   16.0903881 ,   -6.64209274,  106.72316142,
          51.11663721,   12.17411918,  -93.98205917,  -66.18916671,
         139.42870438,   79.20974509,    4.51988984,  -75.8659943 ],
       [ -13.03902018,  -50.5484855 ,   35.38298853,  113.41706367,
        -492.65740768,  360.54545645,  -64.02399167,  513.99648933,
        -280.03866643, -376.67063765,  367.32735621, -270.29972623,
         -35.57723933,   96.02831065, -111.95144925,  -48.3003623 ,
          -3.92570118,  228.66953761, -280.48489127,   70.72520148],
       [ -30.98004638,   81.74943923,   -5.50931603,  -81.63463134,
         314.46113828, -276.43685579,  -24.38652426, -280.03866643,
         301.7251284 ,  301.97260138, -276.83291592,  151.26506005,
         -31.70220644, -139.78035816,   77.52338637,  -27.23474522,
        -165.48362084, -209.90854921,  268.90083329,   44.33794714],
       [  11.14840808,   44.08613794,  -12.60299567,  -71.18473984,
         374.50198022, -355.53674159,   16.0903881 , -376.67063765,
         301.97260138,  384.12532441, -280.20342033,  163.46371574,
         -29.16190298, -110.08145519,   54.80820432,  -37.87707577,
         -96.67138683, -240.52535669,  253.04329212,   52.18265468],
       [  44.25188247, -104.31367088,   10.91808123,   83.59829952,
        -404.98108604,  306.24214803,   -6.64209274,  367.32735621,
        -276.83291592, -280.20342033,  385.5645693 , -231.5847741 ,
          -2.84198224,  139.20814745, -167.30798232,  -19.05169521,
         155.0685395 ,  221.47962257, -338.10106565,   38.4492462 ],
       [   3.97612881,  100.81227059,  -26.70772833,  -56.53177817,
         355.14537695, -286.88663222,  106.72316142, -270.29972623,
         151.26506005,  163.46371574, -231.5847741 ,  475.51435329,
         106.09329255, -214.50400148,   54.0307713 ,  -75.37083952,
         -73.52110244,  -19.10050397,  325.61382573, -290.77784404],
       [ -13.9401582 ,    8.08528766,   29.94341699,  -16.07883765,
          32.64861205,    4.92148777,   51.11663721,  -35.57723933,
         -31.70220644,  -29.16190298,   -2.84198224,  106.09329255,
         111.81418741,   24.70949499,  -42.34489211,   18.20096649,
         119.27632367,   71.57444683,  -29.3659918 , -127.0061556 ],
       [   5.11043771,  -88.26348789,   44.80710172,   57.39292312,
        -165.85352713,  136.91412862,   12.17411918,   96.02831065,
        -139.78035816, -110.08145519,  139.20814745, -214.50400148,
          24.70949499,  200.80086599,  -78.96166007,   49.57055917,
         193.16266501,   62.44156839, -250.9147997 ,   81.56575859],
       [ -71.00618266,   47.33053223,  -90.41592854,  -88.13697372,
         128.33625718,   33.36886268,  -93.98205917, -111.95144925,
          77.52338637,   54.80820432, -167.30798232,   54.0307713 ,
         -42.34489211,  -78.96166007,  248.90622367,  141.44766595,
        -173.60781975, -157.06385284,  144.30254602,  -50.1626029 ],
       [ -58.59799164,  -25.10058723,  -86.33958714, -134.43518127,
           5.47295675,  234.17309962,  -66.18916671,  -48.3003623 ,
         -27.23474522,  -37.87707577,  -19.05169521,  -75.37083953,
          18.20096649,   49.57055917,  141.44766595,  242.9433493 ,
          73.73219627,  -49.18917346,  -89.32980273,  -47.82511245],
       [  53.04331249, -115.65111947,   26.77534853,   -4.72510229,
         -69.56445801,  137.95846941,  139.42870438,   -3.92570118,
        -165.48362084,  -96.67138683,  155.0685395 ,  -73.52110244,
         119.27632367,  193.16266501, -173.60781975,   73.73219627,
         403.71530899,  167.88579525, -277.72735725,  -59.17322968],
       [  41.25745931,  -42.36957951,   42.1849618 ,   59.46890091,
        -214.54531735,  158.82224163,   79.20974509,  228.66953761,
        -209.90854921, -240.52535669,  221.47962257,  -19.10050397,
          71.57444683,   62.44156839, -157.06385284,  -49.18917346,
         167.88579525,  249.52337086, -170.87764334,  -83.92553329],
       [ -14.18153548,  137.24795385,  -21.34573828,  -49.80071466,
         365.4402469 , -358.68594528,    4.51988984, -280.48489127,
         268.90083329,  253.04329212, -338.10106565,  325.61382573,
         -29.3659918 , -250.9147997 ,  144.30254602,  -89.32980273,
        -277.72735725, -170.87764334,  431.70533899,  -73.42655209],
       [  21.05642548,  -32.16675862,   53.16313172,   57.34974717,
        -115.91668881,  -29.22850422,  -75.8659943 ,   70.72520148,
          44.33794714,   52.18265468,   38.4492462 , -290.77784404,
        -127.0061556 ,   81.56575859,  -50.1626029 ,  -47.82511245,
         -59.17322968,  -83.92553329,  -73.42655209,  305.128073  ]])
      jac: array([-7.23465519e-07,  2.23702693e-06, -9.44044814e-07, -4.16386570e-07,
        2.60748607e-06, -1.94637903e-06, -6.35596507e-07,  2.51831557e-06,
       -1.05664947e-06, -7.34729383e-07,  1.68715178e-06, -1.90667265e-06,
       -4.17731940e-07,  4.32565002e-07, -1.42964461e-06,  1.19487743e-06,
        1.57318357e-06, -1.98654004e-06,  1.88269826e-06, -1.32038429e-06])
  message: 'Optimization terminated successfully.'
     nfev: 15876
      nit: 701
     njev: 756
   status: 0
  success: True
        x: array([-2.69289601e-01,  2.68091575e+00, -9.98073975e-02,  6.17035642e+00,
        2.50159908e+00, -5.55691927e-01,  6.25520045e+00,  4.01112980e+00,
        5.12246542e-01,  1.03633258e+00,  1.16114295e+00,  8.18774439e-01,
        4.17103359e+00,  4.02771760e+00,  3.52921482e+00,  2.63693438e+00,
        1.63392245e-04,  3.79561474e+00,  3.50883824e+00,  8.81683458e-01])
                    message: ['requested number of basinhopping iterations completed successfully']
      minimization_failures: 2
                       nfev: 1657509
                        nit: 100
                       njev: 78928
                          x: array([-2.69289601e-01,  2.68091575e+00, -9.98073975e-02,  6.17035642e+00,
        2.50159908e+00, -5.55691927e-01,  6.25520045e+00,  4.01112980e+00,
        5.12246542e-01,  1.03633258e+00,  1.16114295e+00,  8.18774439e-01,
        4.17103359e+00,  4.02771760e+00,  3.52921482e+00,  2.63693438e+00,
        1.63392245e-04,  3.79561474e+00,  3.50883824e+00,  8.81683458e-01])
0.15204574103096075

Process finished with exit code 0
