/home/alex/Desktop/Projects/SimsV3/venv/bin/python /home/alex/Desktop/Projects/SimsV3/Simple_ManyWP_reproducability_test1.py
basinhopping step 0: f 1.35126e-05
[ 4.60384653  3.97957812  1.86431265  0.72790546  3.34310653  3.04439404
 -0.13277327  1.41613851 -0.19207297  0.17937574  4.37320834  0.47264878
  6.31329515  2.58529076  2.61919226  3.19439842  2.80455141  2.75776652
  2.32112887  0.05978148] 1.3512607200631242e-05 True
basinhopping step 1: f 6.84738e-06 trial_f 6.84738e-06 accepted 1  lowest_f 6.84738e-06
found new global minimum on step 1 with function value 6.84738e-06
[4.51820457 4.65506252 1.58684809 1.2186814  3.00045472 3.14585176
 0.17288029 1.4267631  0.16395551 0.18873853 3.95296921 0.17788532
 6.04098038 3.10222583 3.06538221 3.05786225 3.10660071 2.2044591
 2.79442314 0.01769449] 6.847384831903144e-06 True
basinhopping step 2: f 4.67e-06 trial_f 4.67e-06 accepted 1  lowest_f 4.67e-06
found new global minimum on step 2 with function value 4.67e-06
[ 4.47942544  5.1004951   1.25498275  0.87209482  3.33308555  3.3016589
 -0.03405156  1.2161332   0.32507795  0.14313726  3.89088934  0.42228199
  6.04200381  2.44082378  2.73767935  3.43922534  3.25971365  2.16994436
  3.26251983 -0.0202914 ] 4.670000951652508e-06 True
basinhopping step 3: f 1.51169e-05 trial_f 1.51169e-05 accepted 1  lowest_f 4.67e-06
[4.69514636 4.70679461 1.00414832 1.02567098 2.92127592 3.03344026
 0.38928242 1.37005089 0.26406566 0.31023344 3.72933684 0.18557229
 6.21705076 2.86923195 2.18571912 3.50227778 2.97002631 1.68118801
 3.51845587 0.22783645] 1.511693785284688e-05 True
basinhopping step 4: f 7.66582e-06 trial_f 7.66582e-06 accepted 1  lowest_f 4.67e-06
[4.83348372 4.69637031 0.85736212 1.12469638 3.16940355 3.03272561
 0.37435496 1.50395022 0.27946913 0.45144637 3.61629494 0.64227712
 5.99312111 2.48159036 2.92986725 3.64193044 3.26729927 2.14367914
 3.16393168 0.13067722] 7.665818195404493e-06 True
basinhopping step 5: f 9.63736e-06 trial_f 9.63736e-06 accepted 1  lowest_f 4.67e-06
[4.8617606  4.92642183 0.98782284 0.94640451 3.15247707 3.40384685
 0.55914165 1.84325854 0.63207104 0.37502969 3.82288626 0.61134758
 5.81085127 2.68830191 3.25764724 3.60699383 3.18244876 1.93169346
 3.13068613 0.32652828] 9.637363802879062e-06 True
basinhopping step 6: f 3.47203e-05 trial_f 3.47203e-05 accepted 1  lowest_f 4.67e-06
[4.05080091 4.86281105 1.53686926 1.34694618 2.88309019 3.76926082
 1.505182   1.35336013 0.4497281  0.18826664 3.29649636 0.27045295
 5.24635377 3.00849356 3.63163674 4.54473506 3.5415317  0.99844566
 3.05616444 0.61685147] 3.472029595312364e-05 True
basinhopping step 7: f 9.39102e-06 trial_f 9.39102e-06 accepted 1  lowest_f 4.67e-06
[ 4.50848478  5.31069251  1.78546623  1.65598168  3.13876397  3.61477378
  2.04863231  1.44724494  0.73763417  0.8533851   3.43245236  0.09214406
  4.08624643  3.99116971  3.9473407   4.56190533  3.64985324 -0.01387511
  3.42763624  0.45917989] 9.3910224227702e-06 True
basinhopping step 8: f 7.07241e-06 trial_f 7.07241e-06 accepted 1  lowest_f 4.67e-06
[4.52159916 5.27065548 1.78797303 1.46289326 3.58041066 3.24563322
 1.94943547 1.58811961 0.62374428 0.56652418 3.55653653 0.08671837
 4.21622008 4.47429246 3.71936984 4.24615164 3.62841623 0.10804852
 3.16652345 0.69437238] 7.072412750824594e-06 True
basinhopping step 9: f 4.38975e-06 trial_f 4.38975e-06 accepted 1  lowest_f 4.38975e-06
found new global minimum on step 9 with function value 4.38975e-06
[4.36674906 4.98849854 2.05509947 2.24575894 4.16386161 4.11496071
 2.26131575 0.94376543 0.5463867  0.71854236 3.10284641 0.1874005
 4.09465067 4.25678207 3.62768029 3.9343588  3.89426975 0.56652203
 2.78452998 0.27337673] 4.389745156978907e-06 True
basinhopping step 10: f 5.39907e-06 trial_f 5.39907e-06 accepted 1  lowest_f 4.38975e-06
[4.85250263 5.4268892  1.87499958 2.04869698 3.80719419 3.79457273
 2.01701217 0.65245354 0.6611282  0.96989795 3.81864998 0.34814952
 4.6909889  4.36732398 3.65923733 3.36262011 3.32744277 0.3421559
 3.4140271  0.7904525 ] 5.3990728764934644e-06 True
basinhopping step 11: f 1.32347e-05 trial_f 1.32347e-05 accepted 1  lowest_f 4.38975e-06
[5.04019956 5.33033973 2.00346388 2.2577984  4.23301638 3.51396487
 2.16764039 0.68597247 0.64487345 1.40296857 4.03875477 0.46500222
 4.66758055 4.35106706 3.96908101 3.78793512 3.37524314 0.60569557
 3.58944306 1.42740541] 1.3234670346949938e-05 True
basinhopping step 12: f 6.61277e-06 trial_f 6.61277e-06 accepted 1  lowest_f 4.38975e-06
[5.4380281  5.15266986 2.64556037 2.46694079 4.5758205  3.78862782
 1.62131833 0.60421743 1.13772947 1.69482708 4.24512183 1.04785413
 4.35744976 4.33667591 3.74524567 3.03287196 3.90164001 0.9539975
 3.64327877 1.52720375] 6.612765392065588e-06 True
basinhopping step 13: f 1.41459e-05 trial_f 1.41459e-05 accepted 1  lowest_f 4.38975e-06
[4.90311651 4.9625788  2.40670074 2.16352044 4.81335156 3.55513765
 2.00299581 0.44696997 0.86097479 1.35225279 4.09289361 1.06780594
 4.12491173 3.65301694 3.06820973 3.93820652 3.93951617 1.3611917
 4.07802966 2.13435514] 1.4145885583794484e-05 True
basinhopping step 14: f 3.39281e-06 trial_f 3.39281e-06 accepted 1  lowest_f 3.39281e-06
found new global minimum on step 14 with function value 3.39281e-06
[ 3.99755842  4.58909646  1.7843621   2.2660253   5.03811931  3.95603663
  1.70196874 -1.01459661  1.71730115  2.6469049   4.79317049  1.91054331
  4.28375945  4.22212669  3.53856943  3.77798631  3.67056254  0.80187287
  4.04065409  1.99760134] 3.39280791049504e-06 True
basinhopping step 15: f 2.56574e-05 trial_f 2.56574e-05 accepted 1  lowest_f 3.39281e-06
[ 4.08797527  4.86147108  1.72028098  2.16363574  4.6539153   3.97825823
  1.54136212 -0.50953096  1.64216563  2.78370562  4.77957324  2.22571355
  4.63398911  3.70101218  4.15547156  3.69457888  4.00059225  0.29887683
  3.83909053  1.78323083] 2.565735101092637e-05 True
basinhopping step 16: f 1.65978e-05 trial_f 1.65978e-05 accepted 1  lowest_f 3.39281e-06
[4.69094707 4.56696162 1.72796471 2.68964342 5.3203674  4.67589874
 1.04972086 0.22479835 1.81915611 3.37757796 4.71955746 1.00078099
 4.38008913 3.21515651 3.40702922 3.58228745 4.27572047 0.47285263
 4.27023539 1.19369617] 1.659777775848172e-05 True
basinhopping step 17: f 1.48124e-05 trial_f 1.48124e-05 accepted 1  lowest_f 3.39281e-06
[4.66125373 4.99989332 1.76581764 2.2168003  5.8566519  4.74613978
 1.14784763 0.43694985 1.78184481 3.14170083 4.44283312 0.85319316
 4.52665642 3.43981598 3.52132022 3.74647077 4.54739373 0.45808824
 4.22660835 1.38654474] 1.48123857012436e-05 True
basinhopping step 18: f 2.27883e-05 trial_f 2.27883e-05 accepted 1  lowest_f 3.39281e-06
[4.55985614 4.7857307  1.8012469  1.68517347 5.99890382 4.78885085
 1.1306421  0.07367741 1.36019075 3.14648139 4.42675785 0.35449566
 3.89558133 3.74924794 3.39607184 3.66373612 4.75048178 0.206331
 4.63217707 0.95668522] 2.2788347539731425e-05 True
basinhopping step 19: f 4.91766e-05 trial_f 4.91766e-05 accepted 1  lowest_f 3.39281e-06
[5.11661643 4.43246258 1.65346784 1.88875426 6.07467428 4.91102269
 1.40312663 0.26324691 1.86099658 2.82837333 4.42783772 0.47212645
 3.87439693 4.33976313 3.50951445 3.40261458 4.46123653 0.40714001
 4.4321158  1.13119044] 4.917660195866362e-05 True
basinhopping step 20: f 2.94208e-05 trial_f 2.94208e-05 accepted 1  lowest_f 3.39281e-06
[5.26174299 4.64676379 1.35816525 1.83999584 6.19996175 5.15307552
 1.80378729 0.23092068 1.89130208 2.60584985 4.51378666 0.44061028
 4.19396294 4.31455036 3.51289168 3.81332591 4.08705241 0.60082624
 4.53281061 1.26501858] 2.9420776415450554e-05 True
basinhopping step 21: f 1.40047e-05 trial_f 1.40047e-05 accepted 1  lowest_f 3.39281e-06
[5.48660632 4.97770248 1.02254098 1.78845212 5.79217277 5.03877671
 1.86718289 0.69642263 1.26907825 2.5982196  4.17450594 0.68634046
 4.09921207 4.39314276 3.47686807 3.98043128 4.068022   0.59425574
 4.74500733 1.89023513] 1.4004744381144145e-05 True
basinhopping step 22: f 5.34214e-06 trial_f 5.34214e-06 accepted 1  lowest_f 3.39281e-06
[5.95068447 5.22842411 0.69889786 2.18608812 5.42677235 4.44570698
 1.69586409 1.36494405 1.80341119 1.83128077 4.04318163 0.54543877
 4.09269663 4.35325236 3.35834556 4.00382862 4.18463982 0.7439286
 4.83080176 1.84781283] 5.342143847453812e-06 True
basinhopping step 23: f 4.01471e-06 trial_f 4.01471e-06 accepted 1  lowest_f 3.39281e-06
[6.21969469 5.38425663 1.60440317 1.81839097 6.0360381  4.6924781
 1.53806326 1.14161946 1.55075289 1.40950131 4.04809858 0.36775682
 4.07372357 4.70567136 3.37654686 3.61845755 3.53818463 1.1326983
 4.44985516 1.6708933 ] 4.0147134939569986e-06 True
basinhopping step 24: f 7.39188e-06 trial_f 7.39188e-06 accepted 1  lowest_f 3.39281e-06
[6.17377704 5.56196585 1.8770144  1.66206727 5.21582922 4.24854162
 1.07478182 1.44648201 1.79703442 1.82298276 4.20473174 0.80116898
 3.44770537 3.96451403 3.15260722 3.35668915 4.50824649 1.49434334
 4.66563539 1.18455115] 7.391876043613165e-06 True
basinhopping step 25: f 3.49953e-06 trial_f 3.49953e-06 accepted 1  lowest_f 3.39281e-06
[5.56824231 5.56317962 1.76106429 1.87935716 5.28541237 4.05726446
 0.76984644 1.60744526 1.38786794 2.13044677 4.50942699 0.68605152
 3.78591784 3.92258226 3.71761784 3.32269843 4.55250195 1.72750924
 4.46729628 1.65850059] 3.4995340407521017e-06 True
basinhopping step 26: f 6.26527e-06 trial_f 6.26527e-06 accepted 1  lowest_f 3.39281e-06
[5.75575524 5.74964672 1.69650694 2.04849879 4.90629027 4.28264351
 0.76214652 1.80406936 1.97052862 1.69334559 4.68122112 0.40135869
 3.8418924  3.95242299 3.91869909 3.48814588 4.45942438 2.0485037
 4.54288733 1.72816218] 6.2652704331698544e-06 True
basinhopping step 27: f 1.51002e-05 trial_f 1.51002e-05 accepted 1  lowest_f 3.39281e-06
[7.59081605 5.95105455 1.40293783 2.37259816 4.57558806 3.74137416
 0.49861848 0.80002933 2.067946   0.80363667 3.96202581 0.25217548
 3.85767764 4.45707594 4.53564879 3.74807727 4.70267767 1.97892428
 4.96814962 2.08373805] 1.5100242355798746e-05 True
basinhopping step 28: f 6.23685e-06 trial_f 6.23685e-06 accepted 1  lowest_f 3.39281e-06
[7.35567293 4.36085642 0.71636251 3.19885968 3.71499004 3.78649416
 0.44112344 0.85873913 1.93796702 0.55129598 3.30936724 0.6450286
 4.73262257 5.06174645 5.54689131 3.9538083  4.89838342 1.69039056
 4.98226508 1.16348854] 6.236847597063481e-06 True
basinhopping step 29: f 9.96596e-06 trial_f 9.96596e-06 accepted 1  lowest_f 3.39281e-06
[ 6.280032    3.89173967  0.60161925  3.78968969  3.64481497  3.20880742
  0.39728858 -0.24317736  2.7411688   0.70612125  3.26823547  0.63936794
  4.95256955  4.94233209  5.0364325   3.88613082  4.31425967  1.46318664
  4.31051602  1.32413878] 9.965960869107635e-06 True
basinhopping step 30: f 8.85141e-06 trial_f 8.85141e-06 accepted 1  lowest_f 3.39281e-06
[ 6.41689095  4.09982264  0.63193097  3.51812816  2.9154211   2.65932209
  0.46839467 -0.11409685  3.36010819  0.78249283  3.50682681  0.57893336
  4.93473881  4.93385809  4.57029036  4.30774892  3.6275615   1.10855526
  4.48611907  2.72427389] 8.851410543406801e-06 True
basinhopping step 31: f 1.7013e-05 trial_f 1.7013e-05 accepted 1  lowest_f 3.39281e-06
[6.43099911 3.67225858 0.57197697 3.0652505  2.88887673 2.1550172
 0.01477736 1.08551956 3.58283844 1.46244444 4.30167907 2.19866553
 4.52333751 4.39953406 3.77550978 4.28938336 4.56138726 1.26793439
 3.91417487 1.63482759] 1.7013013379252958e-05 True
basinhopping step 32: f 1.42709e-05 trial_f 1.42709e-05 accepted 1  lowest_f 3.39281e-06
[6.66750866 3.59923693 0.31035633 2.9122367  2.89366727 2.44793373
 0.4925305  1.45426991 3.71257894 1.56335796 4.17823715 2.05169799
 4.22221513 4.49311526 4.11198664 4.5516946  4.50309557 0.67657945
 4.37634528 1.76883041] 1.4270901280825895e-05 True
basinhopping step 33: f 1.49811e-05 trial_f 1.49811e-05 accepted 1  lowest_f 3.39281e-06
[6.2612025  3.7063464  0.54984736 2.71749104 2.9479704  2.47031224
 0.79165101 0.85151073 3.57058287 1.31996344 4.01310083 1.98725364
 4.50314454 4.77349632 3.85426052 5.10152249 3.82881766 0.36653197
 4.0704987  1.16280238] 1.4981120698706366e-05 True
basinhopping step 34: f 1.43849e-05 trial_f 1.43849e-05 accepted 1  lowest_f 3.39281e-06
[6.35790321 4.00904068 0.40798797 2.39941756 3.00058518 2.61194357
 0.58031924 0.72318148 3.60739427 1.03049474 4.71585725 1.83601945
 4.2097131  4.29880637 3.78059234 5.33037939 3.98493561 0.11025016
 3.93096998 1.35435594] 1.4384927584796101e-05 True
basinhopping step 35: f 1.50701e-05 trial_f 1.50701e-05 accepted 1  lowest_f 3.39281e-06
[5.61394998 3.05229932 0.76900657 2.25077374 2.86132434 3.27530357
 0.95158244 0.92559976 3.72914227 0.19913103 4.00703197 1.64648128
 3.68682286 3.91406882 3.64003144 5.39229958 3.74689734 0.82822561
 4.17505913 1.81381146] 1.50701474948001e-05 True
basinhopping step 36: f 4.22057e-06 trial_f 4.22057e-06 accepted 1  lowest_f 3.39281e-06
[5.9563492  4.09890176 1.3533154  2.07908136 2.12120683 2.53668683
 1.39326672 1.32048112 3.90203573 0.20092667 4.01380506 0.89266714
 4.19403713 3.91591316 3.68613781 6.46965386 3.17710843 0.24227758
 4.11242929 0.40615128] 4.220572380857765e-06 True
basinhopping step 37: f 1.0507e-05 trial_f 1.0507e-05 accepted 1  lowest_f 3.39281e-06
[ 5.89482714  4.03053142  1.07364685  2.43418233  1.73461087  2.26022518
  1.4774211   0.94238623  3.89775623  0.07623861  4.0507117   0.76784729
  4.32353268  3.49979327  3.40341275  6.08535714  3.44898346  0.41935866
  3.91705717 -0.13843486] 1.0506958620990506e-05 True
basinhopping step 38: f 4.27602e-05 trial_f 4.27602e-05 accepted 1  lowest_f 3.39281e-06
[ 5.73341001  4.20252599  1.21165927  2.26333355  1.49765692  2.5395394
  1.5731898   0.91680456  3.75599501 -0.14718283  3.80679744  1.15938617
  4.45202179  3.66240428  3.58458257  5.79601608  3.74791585  0.97848869
  3.82511873  0.09126988] 4.2760175912237194e-05 True
basinhopping step 39: f 9.12757e-06 trial_f 9.12757e-06 accepted 1  lowest_f 3.39281e-06
[6.29473544 4.38869027 1.05879557 1.92870804 1.8333084  2.37417935
 1.79299111 1.14344594 3.6114339  0.34275499 3.87497951 0.65440583
 4.44554061 3.72357097 3.45526901 5.92654037 3.65731245 0.25933409
 3.96473537 0.16939473] 9.127570805071814e-06 True
basinhopping step 40: f 1.72723e-05 trial_f 1.72723e-05 accepted 1  lowest_f 3.39281e-06
[6.0793957  4.64161294 1.30976398 2.02018952 1.2493602  2.35036149
 2.09144584 1.01171987 3.41984682 0.630001   3.70003148 1.06089746
 3.64858363 3.91199432 3.2610273  6.02724713 3.96005736 0.60240073
 3.57426976 0.02896163] 1.7272297999345743e-05 True
basinhopping step 41: f 6.35414e-06 trial_f 6.35414e-06 accepted 1  lowest_f 3.39281e-06
[5.74219883 5.14632568 0.67328716 1.96273671 1.46991669 1.9892958
 0.69634338 0.63815798 3.428611   1.51584787 4.32926908 1.05029399
 3.69546689 3.40402712 3.60032664 6.41901973 4.12365724 0.72081798
 3.24508253 0.27459862] 6.354135634983152e-06 True
basinhopping step 42: f 9.34417e-06 trial_f 9.34417e-06 accepted 1  lowest_f 3.39281e-06
[5.23367457 5.37664434 1.13537331 1.24251617 0.95132027 2.3561201
 0.96077564 0.78142549 3.53093991 1.34045961 3.49379895 0.2392768
 2.83827173 3.99760073 4.39499321 7.12024576 3.81485068 0.76305838
 2.89335768 0.07514186] 9.344174303887705e-06 True
basinhopping step 43: f 1.25964e-05 trial_f 1.25964e-05 accepted 1  lowest_f 3.39281e-06
[4.98661114 5.40841909 1.36408106 0.85741113 0.79311532 1.84118061
 0.58872554 0.77467285 3.51300679 1.89074528 3.59773165 0.19970145
 2.99003603 4.22287882 4.22489434 6.95500714 3.8526148  0.44868471
 2.50037641 0.1774262 ] 1.2596403437089918e-05 True
basinhopping step 44: f 9.57757e-06 trial_f 9.57757e-06 accepted 1  lowest_f 3.39281e-06
[ 4.16262637  4.95919964  1.72148832  1.12649421  1.32669229  1.45999239
  0.58211201  0.99259245  3.12525644  2.14863776  3.19293236 -0.02512132
  3.06170736  4.24664474  4.31038852  6.49810024  3.28255858  0.90943045
  3.55049855  0.9287792 ] 9.577570346599608e-06 True
basinhopping step 45: f 4.95314e-06 trial_f 4.95314e-06 accepted 1  lowest_f 3.39281e-06
[ 4.34465893  4.34190351  2.13452897  1.84191463  1.11818752  1.18149844
  1.1881118   0.78026178  2.99155784  3.49129614  3.06954758 -0.72176262
  3.14191749  4.1052119   4.16276316  6.85746816  3.0070894   1.00421615
  3.99268581  0.53949257] 4.953142786591877e-06 True
basinhopping step 46: f 1.03278e-05 trial_f 1.03278e-05 accepted 1  lowest_f 3.39281e-06
[3.8051038  4.11242156 1.82671408 1.82660902 0.97532223 1.0770257
 1.12476931 0.98484018 2.84918123 3.41443982 2.93126443 0.17883183
 3.01074059 4.6148768  3.73005832 5.74250258 3.06886609 0.74773128
 3.57436484 0.69468149] 1.0327841253725555e-05 True
basinhopping step 47: f 1.26964e-05 trial_f 1.26964e-05 accepted 1  lowest_f 3.39281e-06
[4.8673651  4.33632346 1.84544182 1.82797556 1.06185708 1.06778122
 0.95725739 1.61009679 3.39832983 3.08009856 2.45748396 0.38730068
 3.44278852 3.99305456 3.73655779 4.57125766 3.37762264 1.4386518
 3.30529294 1.007594  ] 1.2696374129682779e-05 True
basinhopping step 48: f 6.70994e-05 trial_f 6.70994e-05 accepted 1  lowest_f 3.39281e-06
[4.5023126  3.75478901 2.06645915 1.55002961 0.93015811 1.3453778
 0.83864594 1.24116433 2.89485848 3.09023555 2.53449288 0.74308567
 3.06371216 3.86066078 3.37507719 4.45765067 3.20461761 1.11241933
 2.88953573 0.86838645] 6.70994316051494e-05 True
basinhopping step 49: f 2.0322e-05 trial_f 2.0322e-05 accepted 1  lowest_f 3.39281e-06
[4.60994152 4.46092034 1.97531901 1.80856604 0.94830704 1.16292157
 0.45712804 1.17950449 2.95296038 3.55214436 2.32194283 0.36644275
 3.08925288 4.23430366 3.82917307 4.72560294 3.57667086 1.18113473
 3.05940226 0.88437373] 2.0321995147614904e-05 True
adaptive stepsize: acceptance rate 0.980000 target 0.500000 new stepsize 0.555556 old stepsize 0.5
basinhopping step 50: f 7.62288e-06 trial_f 7.62288e-06 accepted 1  lowest_f 3.39281e-06
[4.88478387 4.74132292 2.46352691 1.9699769  1.28744345 0.64249742
 0.81478101 0.80062792 3.46698848 3.76531177 1.57044257 0.90724459
 2.3105783  3.96155355 3.95763747 4.50596078 3.22073176 0.83092661
 2.94768335 0.56661131] 7.6228814572466936e-06 True
basinhopping step 51: f 1.85698e-06 trial_f 1.85698e-06 accepted 1  lowest_f 1.85698e-06
found new global minimum on step 51 with function value 1.85698e-06
[4.83958375 5.46695672 2.70029202 1.59720805 1.38049486 0.67858639
 0.47854223 1.06206799 4.40208982 3.92385128 0.89218459 0.38393526
 3.01364689 3.41504969 3.57882995 4.2264747  3.54250995 0.30855872
 2.85858943 0.48572504] 1.856977600503098e-06 True
basinhopping step 52: f 4.49249e-06 trial_f 4.49249e-06 accepted 1  lowest_f 1.85698e-06
[4.67689301 5.62559398 2.06808274 1.80053156 0.85448957 0.81097193
 0.59076018 0.73201543 4.57998383 4.00435954 1.00309217 0.40876214
 3.10758974 3.13644288 3.81170661 4.30770988 3.40189359 0.47217895
 2.51198952 0.79138865] 4.492489695943533e-06 True
basinhopping step 53: f 3.55801e-06 trial_f 3.55801e-06 accepted 1  lowest_f 1.85698e-06
[4.73008701 5.76567466 2.06882443 1.86084784 0.93149056 0.88654172
 0.63270188 0.86818083 4.19652778 4.38819019 0.98591437 0.23451147
 2.47434189 3.61697243 3.35633069 4.0837357  3.33773707 0.37397707
 3.22920494 1.10801823] 3.5580104281604088e-06 True
basinhopping step 54: f 4.10605e-06 trial_f 4.10605e-06 accepted 1  lowest_f 1.85698e-06
[4.56627172 5.64399363 1.9761002  1.62042734 0.91691064 0.49715138
 0.66661063 0.86102056 3.83809598 4.35679365 0.70888811 0.32929356
 2.26841117 3.26454516 3.11352259 3.95134516 3.32318678 0.34378081
 2.95290257 1.00735886] 4.1060489164525385e-06 True
basinhopping step 55: f 1.86267e-05 trial_f 1.86267e-05 accepted 1  lowest_f 1.85698e-06
[4.76013913 4.80183619 2.26626605 1.75735253 0.73837808 0.29619843
 0.40698778 1.23794837 3.7572783  4.32022813 0.42958274 0.25200552
 2.07225786 3.42960508 2.55211103 3.94203482 4.08308412 0.55576703
 3.33694058 0.30669394] 1.8626725583170286e-05 True
basinhopping step 56: f 1.28043e-05 trial_f 1.28043e-05 accepted 1  lowest_f 1.85698e-06
[4.5825143  5.2615243  2.58973684 1.46633271 1.15053603 0.6255089
 0.74085558 1.40885393 3.55739256 3.53441566 0.35674151 0.59529491
 1.49454052 4.13652958 2.86308644 3.81995169 4.42801725 0.24638165
 2.75578804 0.27493804] 1.2804308958699234e-05 True
basinhopping step 57: f 1.32519e-05 trial_f 1.32519e-05 accepted 1  lowest_f 1.85698e-06
[ 4.89216897  4.58613597  3.19581309  1.71682377  0.45131518  0.75509823
  0.76033477  1.1965845   3.40553435  4.14879138  0.28553597  0.90308976
  1.51196932  3.97857409  3.33124916  3.19237154  4.28569233  0.03049028
  2.85608877 -0.65800034] 1.3251912153885717e-05 True
basinhopping step 58: f 1.01708e-05 trial_f 1.01708e-05 accepted 1  lowest_f 1.85698e-06
[ 4.88350235  4.75888971  3.42714464  1.452483    0.7567444   1.00090627
  1.37091543  0.87407075  2.86888384  4.10018892  1.07445016  1.33623096
  1.53369893  4.57169731  3.32502915  3.27970076  3.86888292 -0.04832021
  2.61445769  0.28892994] 1.0170774572221884e-05 True
basinhopping step 59: f 8.16408e-06 trial_f 8.16408e-06 accepted 1  lowest_f 1.85698e-06
[ 4.84512772  4.73900321  3.79728313  1.21818555  0.57291363  1.32070494
  1.49387708  0.74010885  3.22394299  4.14020723  1.28404596  1.36084062
  1.61918218  4.03379421  3.08523373  2.89031786  4.258457    0.26862413
  3.07830228 -0.10980661] 8.164077414440725e-06 True
basinhopping step 60: f 9.48759e-06 trial_f 9.48759e-06 accepted 1  lowest_f 1.85698e-06
[4.82834634 4.57188581 3.61886662 1.32521366 0.67456596 0.84086466
 1.44404174 0.8020947  2.94101973 3.96958225 1.27017186 1.07952352
 1.51628874 4.20014912 3.14083757 2.84273037 3.95545201 0.04603665
 2.64853674 0.0573083 ] 9.487594824021988e-06 True
basinhopping step 61: f 1.17491e-05 trial_f 1.17491e-05 accepted 1  lowest_f 1.85698e-06
[5.31199047 4.32298987 4.93933569 1.41729586 0.18750462 1.28256693
 1.24943274 0.44631238 2.89749439 3.50072263 0.58024959 0.69193959
 1.48013956 3.96807894 3.22401846 3.25555617 4.3968965  0.55987847
 2.81148032 0.32221657] 1.1749109863911882e-05 True
basinhopping step 62: f 1.65876e-05 trial_f 1.65876e-05 accepted 1  lowest_f 1.85698e-06
[5.28639442 4.09532792 5.35622523 1.43209632 0.7314899  1.36827028
 1.6494325  0.73840863 3.07264439 3.32576719 0.43883782 0.68906137
 1.743367   3.89574652 3.22218869 3.85710947 4.41333754 0.44066677
 2.97312085 0.28503715] 1.6587579667544775e-05 True
basinhopping step 63: f 9.3147e-06 trial_f 9.3147e-06 accepted 1  lowest_f 1.85698e-06
[4.9904208  3.53487364 5.21553109 2.00267602 1.215677   1.39303191
 1.16923289 0.85795297 2.91158445 3.3143888  0.59990336 0.73444022
 1.62672281 4.08193146 3.66783723 3.65740612 4.27484466 0.45666174
 2.75925443 0.47201875] 9.314695246833909e-06 True
basinhopping step 64: f 1.18598e-05 trial_f 1.18598e-05 accepted 1  lowest_f 1.85698e-06
[4.80132974 3.79996537 4.8591133  0.97635935 1.24445994 0.90352134
 1.54739215 1.01665739 3.1032076  2.89443702 0.18194793 0.28628938
 2.74812751 3.2097878  4.29423498 3.53181894 3.97150018 0.59129538
 2.47390528 0.65504284] 1.1859787772965582e-05 True
basinhopping step 65: f 6.67583e-06 trial_f 6.67583e-06 accepted 1  lowest_f 1.85698e-06
[4.72650454 3.90275758 4.71212008 1.07131125 0.30876968 1.18128784
 1.44194625 1.13929139 3.41625187 2.65740641 0.34440826 0.04282509
 2.48497794 3.08716392 3.72329315 3.37955574 4.18965485 0.43093395
 2.86734468 0.78861675] 6.675826801266269e-06 True
basinhopping step 66: f 9.59087e-06 trial_f 9.59087e-06 accepted 1  lowest_f 1.85698e-06
[ 5.02653554  3.89043078  4.86085543  0.87145003  0.25932273  1.33754626
  1.52323548  0.99771674  3.19547088  2.48333281  0.43293862  0.10231526
  2.88556228  3.55739543  3.93888719  3.30701926  3.62961837  0.44317384
  2.76510764 -0.16021492] 9.590866692217005e-06 True
basinhopping step 67: f 1.60002e-05 trial_f 1.60002e-05 accepted 1  lowest_f 1.85698e-06
[ 4.59258239  3.7214488   4.57682442  1.19869184  0.55643307  1.38136546
  1.58308426  0.73690336  2.7986102   2.61540774  0.57809324 -0.19878133
  2.48500389  3.24543947  3.54754683  3.85948319  3.25804872  0.29220283
  3.09805355  0.07000429] 1.6000242193651347e-05 True
basinhopping step 68: f 1.0581e-05 trial_f 1.0581e-05 accepted 1  lowest_f 1.85698e-06
[ 4.37412614  3.81373199  4.43105182  0.98907674  1.38153351  0.75383247
  1.81635283  0.93752884  3.0123377   3.24607724  0.51923341  0.42950584
  1.55550662  3.82287007  4.38337361  3.84087557  3.11389657 -0.27842476
  2.2878056  -0.09929983] 1.058099672228092e-05 True
basinhopping step 69: f 3.70727e-06 trial_f 3.70727e-06 accepted 1  lowest_f 1.85698e-06
[ 4.93918308  3.92753044  4.92682076  0.99651222  1.27453002  0.15352544
  3.25123027  2.7977186   3.56886914  3.98507709  0.18286581  0.48249268
 -0.26831082  3.15941887  3.59193137  2.54721126  2.39373358 -0.12268972
  2.90920341  0.24166265] 3.707265511318379e-06 True
basinhopping step 70: f 3.63498e-06 trial_f 3.63498e-06 accepted 1  lowest_f 1.85698e-06
[4.9207009  3.9355321  4.96866322 1.50029931 1.02088626 0.83766701
 3.13234933 3.19045134 3.57005836 2.98587454 0.75196356 1.1775714
 0.56035422 3.36521467 3.97209705 3.15121822 2.56167713 0.16408269
 2.84562107 0.78110475] 3.634977675066585e-06 True
basinhopping step 71: f 2.50449e-06 trial_f 2.50449e-06 accepted 1  lowest_f 1.85698e-06
[ 4.31905193e+00  4.04869644e+00  4.63863535e+00  1.46747691e+00
  5.88783986e-01  4.76203865e-01  3.26519482e+00  3.39287071e+00
  3.06174475e+00  2.79660635e+00  4.98730154e-01  1.24518595e+00
 -1.91831851e-03  3.04842084e+00  5.55349123e+00  2.84991657e+00
  2.97569304e+00  9.30001155e-01  3.63100820e+00  9.37957840e-01] 2.5044921710518854e-06 True
basinhopping step 72: f 1.56903e-05 trial_f 1.56903e-05 accepted 1  lowest_f 1.85698e-06
[ 3.95976781  4.00846193  4.64994533  1.75823933  0.61280451  1.34508402
  3.49902669  3.4265246   2.93043884  3.03785729  0.76688368  1.44396814
 -0.13635881  3.13286155  5.67188434  3.00401769  3.17788408  1.34359388
  3.76486287  0.35687013] 1.56903198439905e-05 True
basinhopping step 73: f 3.00045e-05 trial_f 3.00045e-05 accepted 1  lowest_f 1.85698e-06
[4.12926885 4.759018   4.59963529 1.69168813 0.26934542 1.39275915
 3.28041099 3.22397277 3.25760118 3.15595087 0.58498902 1.42861027
 0.82828214 3.04701909 6.35071577 3.38886862 2.87392451 1.34656367
 2.89456074 0.31237058] 3.0004520333060892e-05 True
basinhopping step 74: f 6.72733e-06 trial_f 6.72733e-06 accepted 1  lowest_f 1.85698e-06
[3.83808836 5.02726822 4.63962669 1.3997843  0.27378846 0.96914005
 3.11842197 2.91434049 3.37178967 3.71833795 0.33494026 1.68760724
 0.42287301 2.70593519 6.25559858 3.27312687 2.61663866 2.6785329
 2.90430735 0.20514797] 6.72733174844047e-06 True
basinhopping step 75: f 5.92348e-06 trial_f 5.92348e-06 accepted 1  lowest_f 1.85698e-06
[3.94811308 5.29003827 4.86256064 1.1425393  0.57349387 0.7841576
 3.04520648 3.03015603 3.3645744  3.3962049  0.72205107 1.49010126
 0.48610376 2.80790838 6.15015425 2.65384756 2.67417196 3.07339088
 2.72333678 0.18309406] 5.923481517726687e-06 True
basinhopping step 76: f 1.1224e-05 trial_f 1.1224e-05 accepted 1  lowest_f 1.85698e-06
[4.37947635 6.13880554 4.52661716 0.88628915 0.76628966 0.82272707
 2.68534247 3.35060116 3.23215202 3.10156369 0.49771084 1.44354607
 0.22026323 2.750354   5.37880929 2.50066409 2.60008278 3.11371611
 3.56191715 0.36167052] 1.1223963765300397e-05 True
basinhopping step 77: f 1.58852e-05 trial_f 1.58852e-05 accepted 1  lowest_f 1.85698e-06
[ 4.3225083   6.96582378  3.73432769  0.91982517  0.05517346  0.88472644
  3.20374866  3.58472492  2.80282533  4.06472503  1.63462193  1.19391616
  1.1422318   3.87875818  5.95765113  2.9996962   0.38659301  2.50025243
  2.34377512 -0.11921593] 1.5885173478530136e-05 True
basinhopping step 78: f 3.19002e-06 trial_f 3.19002e-06 accepted 1  lowest_f 1.85698e-06
[4.35351543 7.38102905 3.42565459 0.31089995 0.72452698 0.98732121
 4.20901721 3.43949825 1.3017907  4.93683914 0.99359936 1.07974861
 1.16004939 3.97014707 5.34066309 1.9593066  1.50783924 2.12337577
 2.36725824 0.10619443] 3.190023127288496e-06 True
basinhopping step 79: f 7.37943e-06 trial_f 7.37943e-06 accepted 1  lowest_f 1.85698e-06
[4.58971285 6.71884049 3.53369233 0.86097861 0.8214148  0.97412022
 3.86068868 3.57948219 1.63882801 5.11180472 0.76068849 1.45243911
 0.6731667  4.10687199 4.95126089 1.98741913 1.56463542 1.96868773
 2.52602642 0.17447671] 7.37943402369256e-06 True
basinhopping step 80: f 9.19275e-06 trial_f 9.19275e-06 accepted 1  lowest_f 1.85698e-06
[ 3.86274953  6.61458456  3.68379973  1.02846044  1.47844985  1.24404853
  4.33298936  3.21558933  0.77775946  5.34653255  0.46138777  1.02786558
  0.3597292   3.86257965  4.96653856  2.06192542  1.23267599  1.4094969
  1.95738463 -0.6985316 ] 9.192750970833066e-06 True
basinhopping step 81: f 7.96778e-06 trial_f 7.96778e-06 accepted 1  lowest_f 1.85698e-06
[ 3.79479508  6.19143654  3.87816586  0.81066979  1.18592893  1.38009234
  3.92972832  3.4089193   0.7383469   4.96448282  0.64758944  0.87715119
  0.31582795  4.46065499  4.75766579  2.40364265  2.03365393  1.49062
  1.48663365 -0.31462621] 7.96778344781034e-06 True
basinhopping step 82: f 6.55133e-06 trial_f 6.55133e-06 accepted 1  lowest_f 1.85698e-06
[ 4.14640753  6.71601948  4.02204197  0.37082365  0.91737867  1.3587473
  3.71175575  4.22087331  1.54517825  4.84553483  1.25648887  0.19611527
  0.47960671  4.04720906  4.6664071   1.75682288  2.79037049  2.28852796
  1.50417891 -0.64254602] 6.551330400221928e-06 True
basinhopping step 83: f 5.96643e-06 trial_f 5.96643e-06 accepted 1  lowest_f 1.85698e-06
[3.63583014 6.09141058 3.80816323 0.25712452 1.32234122 1.25134228
 4.01374791 5.11002594 1.91406595 5.0684987  1.28358979 0.63387352
 1.11740293 4.68523118 4.71866473 1.44467581 2.22765674 1.93674343
 1.61236322 0.25541681] 5.966427342811595e-06 True
basinhopping step 84: f 5.6937e-06 trial_f 5.6937e-06 accepted 1  lowest_f 1.85698e-06
[ 3.80598663  6.47417581  3.32003731  0.34123919  1.34852101  1.44805268
  4.38522582  5.542442    1.40364794  5.42661387  1.12244254  0.95918112
  1.54480279  4.62386269  4.55491046  1.10569759  1.92800017  1.71205576
  1.96322006 -0.01331181] 5.693702650244931e-06 True
basinhopping step 85: f 8.98743e-06 trial_f 8.98743e-06 accepted 1  lowest_f 1.85698e-06
[4.13373195 6.18097976 3.71288171 0.27170059 1.21486475 1.78489987
 4.2494074  5.34967319 1.20365845 5.20257399 1.61804831 1.12123579
 1.93935155 5.20123474 4.31386249 1.56855459 1.73842048 2.26229437
 2.14418167 0.21918392] 8.98742594102374e-06 True
basinhopping step 86: f 1.06058e-05 trial_f 1.06058e-05 accepted 1  lowest_f 1.85698e-06
[4.01763792 6.33851513 3.682814   0.39900599 1.16029325 1.94490223
 4.51184719 5.13456372 1.50763805 5.42439912 0.91925206 0.88920113
 1.6830114  4.89658474 4.57726148 1.14207501 2.11638766 2.19501089
 2.30317156 0.70937746] 1.0605828452102783e-05 True
basinhopping step 87: f 1.20121e-05 trial_f 1.20121e-05 accepted 1  lowest_f 1.85698e-06
[ 4.08675895  6.0582981   4.15151465  0.62519077  1.63304465  2.0016255
  4.27872408  5.2958177   1.58214175  5.04937389 -0.08281348  1.89433182
  2.44564241  5.4160579   4.56482921  1.39845525  2.41591009  1.95061376
  2.31421651 -0.28322563] 1.2012104686978254e-05 True
basinhopping step 88: f 7.17027e-06 trial_f 7.17027e-06 accepted 1  lowest_f 1.85698e-06
[ 4.08121171  6.02628674  4.21083542  1.11728498  1.81071053  1.30807792
  5.02242208  5.08381096  1.54357487  5.21232817 -0.38867863  2.61096291
  2.72634243  5.59407714  4.88864666  0.99750087  2.04322822  1.81317325
  1.80535939  0.13537292] 7.1702663595629875e-06 True
basinhopping step 89: f 1.77668e-05 trial_f 1.77668e-05 accepted 1  lowest_f 1.85698e-06
[4.37436284 6.54696299 3.97845218 0.75839693 1.73021587 1.60840869
 4.95543284 4.3236674  1.75950495 4.96858354 0.05552074 2.12870441
 2.96888837 5.77548144 4.91828619 1.50089083 1.89845547 1.43919574
 1.58340468 0.08286689] 1.7766762990789543e-05 True
basinhopping step 90: f 2.56539e-05 trial_f 2.56539e-05 accepted 1  lowest_f 1.85698e-06
[ 4.58775249e+00  6.16624243e+00  3.79302269e+00  1.62429372e+00
  1.44025753e+00  1.30596200e+00  4.71416933e+00  4.14078600e+00
  2.11528836e+00  5.29643155e+00  5.32606237e-01  2.27922003e+00
  2.94097878e+00  5.60827506e+00  5.46552175e+00  1.67916225e+00
  2.15955494e+00  1.78779459e+00  1.78689015e+00 -5.33900025e-03] 2.5653874699240186e-05 True
basinhopping step 91: f 8.79824e-06 trial_f 8.79824e-06 accepted 1  lowest_f 1.85698e-06
[ 3.86730075  6.84611576  4.50081685  1.59528012  1.60420766  1.21821507
  5.49817643  4.31870063  1.65531353  5.21195171 -0.01691884  1.89689118
  3.21217232  6.13815897  4.91639415  2.10406917  2.13498602  2.06424065
  1.80371548  1.08939035] 8.798237856977574e-06 True
basinhopping step 92: f 3.11079e-05 trial_f 3.11079e-05 accepted 1  lowest_f 1.85698e-06
[ 4.31294759  6.39867159  4.87532511  1.37095879  1.93688876  0.68217153
  5.26576243  4.40439486  1.35246462  5.18522273 -0.1805963   2.29855439
  2.88140219  5.65272308  5.29723559  1.65114695  2.50154086  2.29918298
  1.87532481  0.56367039] 3.110787675653159e-05 True
basinhopping step 93: f 1.61457e-05 trial_f 1.61457e-05 accepted 1  lowest_f 1.85698e-06
[ 5.42687327  5.45993303  5.3068103   1.19787721  1.92211926  1.07858006
  5.16796645  3.91806635  1.06816051  4.934676   -0.20836382  2.03397061
  3.05862469  5.00882684  5.65419439  1.89701419  2.51439558  2.70392956
  2.79014136  0.2887587 ] 1.614570317207572e-05 True
basinhopping step 94: f 6.28763e-06 trial_f 6.28763e-06 accepted 1  lowest_f 1.85698e-06
[ 4.78460327  4.86914955  5.57346754  0.07040743  2.46860297  2.06840621
  5.38580554  2.71679134  1.43870622  5.76417383 -0.21776356  2.53825472
  1.98073687  4.5697614   5.80121615  2.42940787  3.01569094  3.74133606
  3.50459523  0.30054671] 6.2876325393433915e-06 True
basinhopping step 95: f 1.53924e-05 trial_f 1.53924e-05 accepted 1  lowest_f 1.85698e-06
[ 4.95631598  5.01026704  5.68719769 -0.14640361  2.48826579  2.06557623
  5.24323619  2.35144583  1.47418778  5.74004129  0.11770666  2.84398844
  2.89330172  4.43060439  5.9762803   2.26285968  2.95737705  3.90061251
  3.30539802  1.10734595] 1.5392436825858696e-05 True
basinhopping step 96: f 1.79416e-05 trial_f 1.79416e-05 accepted 1  lowest_f 1.85698e-06
[ 5.18839027  4.748044    5.48320931  0.72309068  2.35082321  1.16075615
  5.00482171  2.29319763  1.91616838  6.16526436 -0.02517976  3.60709044
  2.73859119  3.3074279   5.50469622  1.78478461  2.67928222  3.28154334
  2.85920739  2.33157686] 1.7941645807618266e-05 True
basinhopping step 97: f 9.11298e-06 trial_f 9.11298e-06 accepted 1  lowest_f 1.85698e-06
[5.67199416 4.88629082 5.00566814 1.08989783 1.83422321 1.49816974
 4.62470581 2.64116896 2.55406497 5.72008023 0.15616808 3.69354493
 3.13349002 2.66756656 5.41027245 2.12352412 2.34773906 3.40901391
 2.8288931  2.60070788] 9.112976361938952e-06 True
basinhopping step 98: f 1.55046e-05 trial_f 1.55046e-05 accepted 1  lowest_f 1.85698e-06
[5.41539314 4.47929504 5.01509919 0.96073331 2.37842387 1.69064648
 4.66609485 2.56805962 2.70621204 5.63812061 0.08705881 3.84846357
 2.66930322 3.31852857 5.56615891 2.09894047 2.12743533 3.56854244
 2.57672589 2.63174344] 1.550464458210278e-05 True
basinhopping step 99: f 2.42777e-06 trial_f 2.42777e-06 accepted 1  lowest_f 1.85698e-06
[ 5.02219313  4.97152648  5.68333964  1.26224353  1.81880531  1.18050291
  4.91183703  2.71865219  2.48254884  5.69822062 -0.07538784  3.37985569
  3.30454458  3.43152507  5.56195877  2.03299032  2.43634843  2.95377335
  2.25291924  2.85886264] 2.427773956873734e-06 True
adaptive stepsize: acceptance rate 0.990000 target 0.500000 new stepsize 0.617284 old stepsize 0.555556
basinhopping step 100: f 5.21274e-06 trial_f 5.21274e-06 accepted 1  lowest_f 1.85698e-06
[ 5.86068483  5.15712682  5.75797282  2.3145425   1.98476738  1.37317016
  4.88860306  2.2476032   2.46162836  5.20459592 -0.49229992  3.41218209
  3.45845805  3.50223556  6.21606093  2.10189678  2.34633226  3.6544808
  2.50390155  3.64124657] 5.212738411755472e-06 True
                        fun: 1.856977600503098e-06
 lowest_optimization_result:       fun: 1.856977600503098e-06
 hess_inv: array([[ 1556.03607332,   340.98781597,   394.48051429,   249.14468962,
         -570.78342251,   426.46562836,  1088.52272314,   368.65847047,
          315.95523181,  -305.11361338,  -740.38648568,   709.22185265,
          434.68161445,  -493.37241975, -1236.88542963, -1461.63426666,
          396.04659935,  -426.07421098,    -2.90562439, -1051.19641605],
       [  340.98781597,   633.29259286,  -134.84622459,  -253.52015872,
          101.37729568,    89.54124592,   -40.21262919,    80.37685916,
          614.4360798 ,    94.16199069,  -276.09413324,   417.60244117,
          -22.24943311,  -406.35854094,   -83.23070434,  -687.10486276,
          557.02151932, -1081.52301592,  -208.647597  ,   257.42277614],
       [  394.48051429,  -134.84622459,   600.90520371,   717.96266444,
         -253.06172076,  -267.85464146,   214.9314926 ,   163.54704386,
          -50.77567667,   160.00661959,   -23.00778694,  -258.39446366,
         -238.41458416,  -302.6860387 ,  -408.75945846,    81.7583043 ,
           57.39028979,   493.63278222,   -36.04587659,  -907.9936773 ],
       [  249.14468962,  -253.52015872,   717.96266444,   986.34681658,
         -296.13825565,  -486.98149656,   137.1879882 ,   144.35373411,
         -123.58596106,   380.15395697,    24.46479983,  -552.48651224,
         -452.72526405,  -329.10643444,  -263.70712139,   429.98416842,
           14.67122478,   719.61037297,     5.76256314, -1046.40335503],
       [ -570.78342251,   101.37729568,  -253.06172076,  -296.13825565,
          393.68889534,  -110.37678824,  -617.28122234,  -149.19868341,
           40.70060064,   114.5047708 ,   367.39175489,  -157.3123796 ,
         -173.96602709,   143.27392718,   483.11947596,   453.48693214,
          -96.74162677,  -174.17651842,  -159.38751399,   663.74984857],
       [  426.46562836,    89.54124592,  -267.85464146,  -486.98149656,
         -110.37678824,   545.06070393,   480.46974202,    34.3242497 ,
           15.73742943,  -478.37880168,  -307.92586349,   592.95216792,
          539.82498398,   107.47507687,  -357.76607602,  -752.86620895,
           26.9408586 ,  -291.06280547,    91.03814265,   100.08442323],
       [ 1088.52272314,   -40.21262919,   214.9314926 ,   137.1879882 ,
         -617.28122234,   480.46974202,  1216.22367985,   177.58359875,
           48.69295838,  -381.14205124,  -827.00370837,   556.79366475,
          519.96014668,  -232.00613109,  -863.3944157 , -1086.44552051,
          261.76639469,   -37.63484713,   305.79926563,  -927.96758124],
       [  368.65847047,    80.37685916,   163.54704386,   144.35373411,
         -149.19868341,    34.3242497 ,   177.58359875,   226.56287737,
           71.21214135,  -140.01240238,     2.6351643 ,   239.12671515,
           67.04542214,  -154.79190631,  -369.88287519,  -463.35000885,
          133.45321013,   -49.55724318,   -96.71861278,  -286.58730663],
       [  315.95523181,   614.4360798 ,   -50.77567667,  -123.58596106,
           40.70060064,    15.73742943,    48.69295838,    71.21214135,
          716.81377683,   184.92813568,  -423.89513111,   364.65731964,
          -99.90965138,  -533.55082182,   -33.9048068 ,  -675.54865738,
          729.2179646 , -1113.59201093,  -150.50966765,    94.52876647],
       [ -305.11361338,    94.16199069,   160.00661959,   380.15395697,
          114.5047708 ,  -478.37880168,  -381.14205124,  -140.01240238,
          184.92813568,   674.61254897,   -10.43932779,  -616.65441689,
         -548.03259257,  -197.01341473,   431.6651641 ,   726.77838808,
           83.57911582,   -88.72455258,   -39.75555339,   -42.20194332],
       [ -740.38648568,  -276.09413324,   -23.00778694,    24.46479983,
          367.39175489,  -307.92586349,  -827.00370837,     2.6351643 ,
         -423.89513111,   -10.43932779,   976.47010819,  -393.18132109,
         -294.73310253,   364.60005981,   375.31252446,   826.40003853,
         -523.88209046,   676.18392672,  -246.1803377 ,   462.82797369],
       [  709.22185265,   417.60244117,  -258.39446366,  -552.48651224,
         -157.3123796 ,   592.95216792,   556.79366475,   239.12671515,
          364.65731964,  -616.65441689,  -393.18132109,  1047.61191714,
          597.03158614,  -182.4268758 ,  -579.82016832, -1482.63445589,
          470.01663373,  -861.70077744,   -48.41539865,   128.62923444],
       [  434.68161445,   -22.24943311,  -238.41458416,  -452.72526405,
         -173.96602709,   539.82498398,   519.96014668,    67.04542214,
          -99.90965138,  -548.03259257,  -294.73310253,   597.03158614,
          683.98447891,   276.40991403,  -454.79559756,  -771.23633523,
         -129.17431871,  -133.49199596,   133.21477736,    64.60108621],
       [ -493.37241975,  -406.35854094,  -302.6860387 ,  -329.10643444,
          143.27392718,   107.47507687,  -232.00613109,  -154.79190631,
         -533.55082182,  -197.01341473,   364.60005981,  -182.4268758 ,
          276.40991403,   716.85252032,   232.73100359,   532.54800332,
         -726.35940669,   574.11225399,   116.41166867,   501.4601507 ],
       [-1236.88542963,   -83.23070434,  -408.75945846,  -263.70712139,
          483.11947596,  -357.76607602,  -863.3944157 ,  -369.88287519,
          -33.9048068 ,   431.6651641 ,   375.31252446,  -579.82016832,
         -454.79559756,   232.73100359,  1159.51256836,  1144.35810445,
          -97.16350914,   -46.14577399,    24.11970161,   950.28929073],
       [-1461.63426666,  -687.10486276,    81.7583043 ,   429.98416842,
          453.48693214,  -752.86620895, -1086.44552051,  -463.35000885,
         -675.54865738,   726.77838808,   826.40003853, -1482.63445589,
         -771.23633523,   532.54800332,  1144.35810445,  2376.37388349,
         -862.42445023,  1308.31857449,    52.84976826,   328.40981248],
       [  396.04659935,   557.02151932,    57.39028979,    14.67122478,
          -96.74162677,    26.9408586 ,   261.76639469,   133.45321013,
          729.2179646 ,    83.57911582,  -523.88209046,   470.01663373,
         -129.17431871,  -726.35940669,   -97.16350914,  -862.42445023,
          964.8154206 , -1028.54077752,   -80.33080523,  -160.20402839],
       [ -426.07421098, -1081.52301592,   493.63278222,   719.61037297,
         -174.17651842,  -291.06280547,   -37.63484713,   -49.55724318,
        -1113.59201093,   -88.72455258,   676.18392672,  -861.70077744,
         -133.49199596,   574.11225399,   -46.14577399,  1308.31857449,
        -1028.54077752,  2102.53704863,   214.22275982,  -738.9671622 ],
       [   -2.90562439,  -208.647597  ,   -36.04587659,     5.76256314,
         -159.38751399,    91.03814265,   305.79926563,   -96.71861278,
         -150.50966765,   -39.75555339,  -246.1803377 ,   -48.41539865,
          133.21477736,   116.41166867,    24.11970161,    52.84976826,
          -80.33080523,   214.22275982,   255.43810054,  -128.12291522],
       [-1051.19641605,   257.42277614,  -907.9936773 , -1046.40335503,
          663.74984857,   100.08442323,  -927.96758124,  -286.58730663,
           94.52876647,   -42.20194332,   462.82797369,   128.62923444,
           64.60108622,   501.4601507 ,   950.28929072,   328.40981248,
         -160.20402839,  -738.9671622 ,  -128.12291522,  1738.60263248]])
      jac: array([-3.42339661e-06, -1.74452124e-06,  4.03018227e-06, -4.26188643e-06,
        6.37185053e-07, -8.65508326e-07,  5.36155642e-06,  1.30899571e-06,
       -5.11878606e-06,  6.99574549e-06,  2.81906551e-07, -5.38013950e-07,
        3.47467309e-06, -3.28937314e-06, -3.61026828e-06,  5.94767400e-07,
        2.45742366e-06,  4.86952842e-08, -5.79931442e-06,  3.49246056e-06])
  message: 'Optimization terminated successfully.'
     nfev: 11802
      nit: 523
     njev: 562
   status: 0
  success: True
        x: array([4.83958375, 5.46695672, 2.70029202, 1.59720805, 1.38049486,
       0.67858639, 0.47854223, 1.06206799, 4.40208982, 3.92385128,
       0.89218459, 0.38393526, 3.01364689, 3.41504969, 3.57882995,
       4.2264747 , 3.54250995, 0.30855872, 2.85858943, 0.48572504])
                    message: ['requested number of basinhopping iterations completed successfully']
      minimization_failures: 0
                       nfev: 510363
                        nit: 100
                       njev: 24303
                          x: array([4.83958375, 5.46695672, 2.70029202, 1.59720805, 1.38049486,
       0.67858639, 0.47854223, 1.06206799, 4.40208982, 3.92385128,
       0.89218459, 0.38393526, 3.01364689, 3.41504969, 3.57882995,
       4.2264747 , 3.54250995, 0.30855872, 2.85858943, 0.48572504])
0.026070049396864574

Process finished with exit code 0
