E:\CURPROJECT\SimsV3\venv\Scripts\python.exe E:/CURPROJECT/SimsV3/Simple_ManyWP_reproducability_test1.py
basinhopping step 0: f 2.12627e-05
[ 0.72212409 -0.01985987  1.3894085   2.52876931  2.99955796  4.29248021
  4.24667234  1.34816383  1.68449235  5.2255949   1.30008758  2.36749288
  1.63026945  5.27589614  1.71246846  2.66411759  5.61016397  2.74780849
  1.56526369  1.99048991] 2.1262720374128707e-05 True
basinhopping step 1: f 4.25e-05 trial_f 4.25e-05 accepted 1  lowest_f 2.12627e-05
[1.03056083 0.1256297  1.54529071 3.20893456 3.71595328 4.78385678
 4.6033848  2.01127064 2.30111165 5.30670972 0.75804815 1.9998842
 0.57070445 4.50197897 1.49232213 2.30209847 5.34484798 2.37694417
 1.68355113 2.23462518] 4.250001438067519e-05 True
basinhopping step 2: f 1.41371e-05 trial_f 1.41371e-05 accepted 1  lowest_f 1.41371e-05
found new global minimum on step 2 with function value 1.41371e-05
[1.18432121 0.08507326 0.81372998 3.18142773 3.89041865 4.81457298
 4.49330219 2.09600972 1.93333643 5.07079165 0.734323   1.50466767
 1.50122411 4.62408243 2.2933437  2.30160216 5.7671106  2.2601486
 1.24774918 1.50759379] 1.4137146638679222e-05 True
basinhopping step 3: f 5.51534e-06 trial_f 5.51534e-06 accepted 1  lowest_f 5.51534e-06
found new global minimum on step 3 with function value 5.51534e-06
[0.40274788 0.29252152 1.11964398 2.79231414 3.90366319 4.85585148
 4.12337451 2.08224403 2.04665103 4.46928204 0.91020787 1.71254783
 1.68842301 4.75552836 2.1984256  1.86708083 5.76098307 2.1989294
 1.3280216  1.908395  ] 5.515338383431891e-06 True
basinhopping step 4: f 1.38579e-05 trial_f 1.38579e-05 accepted 1  lowest_f 5.51534e-06
[0.11226847 0.67491276 1.0142471  2.88175553 3.93703649 5.06798231
 3.85143962 2.25024992 1.63197186 4.57445664 1.17945467 1.91374823
 1.47406863 4.98216723 2.08007706 1.84862061 5.74765463 2.4433654
 1.28126171 1.62070681] 1.3857882470405343e-05 True
basinhopping step 5: f 8.52588e-06 trial_f 8.52588e-06 accepted 1  lowest_f 5.51534e-06
[0.01765326 0.4714255  0.89800246 3.36661413 4.45450536 5.21074722
 4.39011832 2.60214592 1.40513833 4.45580053 0.82900437 1.70775742
 1.16443242 5.28918369 1.67659077 1.54034475 5.64036893 2.26927232
 1.41945862 1.61933569] 8.52587526278512e-06 True
basinhopping step 6: f 1.1171e-05 trial_f 1.1171e-05 accepted 1  lowest_f 5.51534e-06
[0.13477996 0.49007002 0.51480267 3.48679688 4.7312179  4.82299039
 4.9248029  2.60498379 1.60701889 3.82653448 0.98560743 1.42808632
 1.10422098 5.02796794 1.71885961 1.31086412 5.42778063 2.32542217
 1.22574621 1.69163309] 1.11710422943697e-05 True
basinhopping step 7: f 1.29274e-05 trial_f 1.29274e-05 accepted 1  lowest_f 5.51534e-06
[ 5.15694104e-01 -4.48656475e-03  8.78677902e-01  3.08427703e+00
  4.37241113e+00  4.25051708e+00  5.05454918e+00  2.38525420e+00
  1.46567277e+00  4.26444924e+00  1.13889811e+00  1.78321497e+00
  1.10114569e+00  4.85068166e+00  2.30458351e+00  1.63589020e+00
  5.73287395e+00  2.24878221e+00  1.16581419e+00  1.46648853e+00] 1.2927384694460877e-05 True
basinhopping step 8: f 8.96032e-06 trial_f 8.96032e-06 accepted 1  lowest_f 5.51534e-06
[0.02108121 0.61438785 0.83533907 2.83561275 3.99589702 4.57247877
 5.11087436 2.55113803 1.18248115 4.31650985 1.5210715  1.08778034
 1.52836711 5.08222884 1.8490785  1.76610202 5.80137319 2.10482661
 1.1658225  1.74093771] 8.960317319082904e-06 True
basinhopping step 9: f 1.6576e-05 trial_f 1.6576e-05 accepted 1  lowest_f 5.51534e-06
[0.78513553 0.37675476 0.52572393 2.39429996 3.91488427 4.53404189
 5.07718101 2.45010242 1.01190295 4.20861411 1.58828423 0.86279545
 1.74370407 5.54011402 1.66775833 2.08856763 5.64246935 1.82257917
 1.4129831  1.1523176 ] 1.657600992715876e-05 True
basinhopping step 10: f 1.56704e-05 trial_f 1.56704e-05 accepted 1  lowest_f 5.51534e-06
[0.90806047 0.21862782 0.79715302 2.84505844 4.1523137  4.34171467
 5.36318175 1.63389157 1.0493946  4.29333539 1.91465265 0.5280117
 2.0457309  5.15598842 1.47688276 2.49990291 5.45527667 1.80196109
 1.40018575 1.11111572] 1.5670387883537268e-05 True
basinhopping step 11: f 9.99942e-06 trial_f 9.99942e-06 accepted 1  lowest_f 5.51534e-06
[0.84328735 0.81099908 0.3607966  2.88888414 4.01461497 4.09854908
 5.0291101  1.47692142 1.764417   4.36747387 1.80056351 0.49628043
 2.19497105 4.78527082 1.97302662 2.86931449 5.33673614 1.43802622
 1.22741875 1.0899083 ] 9.99941819839998e-06 True
basinhopping step 12: f 1.59068e-05 trial_f 1.59068e-05 accepted 1  lowest_f 5.51534e-06
[0.17802038 0.67736974 1.1193215  3.3148986  4.20913502 3.79528394
 4.91427917 1.63717802 1.69020065 4.24222028 1.7838994  0.25853645
 2.09810532 4.41401722 2.01173473 2.85723351 5.19814222 1.36803056
 0.96843989 0.98784489] 1.5906838827039496e-05 True
basinhopping step 13: f 2.28784e-05 trial_f 2.28784e-05 accepted 1  lowest_f 5.51534e-06
[0.8060316  0.52982493 0.97766966 3.16206551 3.51115633 3.42588168
 4.90406412 1.17554857 2.11477473 4.0494953  2.00372785 1.06552564
 2.15966175 4.72826892 1.83860211 3.49458521 4.97015426 1.56178507
 1.55725635 0.82890546] 2.2878420574609265e-05 True
basinhopping step 14: f 7.39759e-05 trial_f 7.39759e-05 accepted 1  lowest_f 5.51534e-06
[0.83808777 0.03556177 1.0526036  3.18204351 3.57905179 3.82384119
 5.08712928 0.71007513 2.16670544 3.96158377 2.32569349 1.32913584
 1.67580016 3.93341388 1.94155622 3.45938367 5.04824887 1.68783832
 1.25968263 0.96908956] 7.397589578811442e-05 True
basinhopping step 15: f 2.42728e-05 trial_f 2.42728e-05 accepted 1  lowest_f 5.51534e-06
[ 0.36770838  0.2917913   1.87866559  3.77473175  3.44688538  2.73682667
  6.65246564  0.6593653   1.74439762  4.12541073  1.5999711   1.08096829
  1.98757704  4.17179396  1.59892996  4.19095402  4.7515314  -0.04153586
  1.29304065  0.38614793] 2.427278523855249e-05 True
basinhopping step 16: f 7.06816e-05 trial_f 7.06816e-05 accepted 1  lowest_f 5.51534e-06
[0.12119662 0.22268714 2.08954591 3.2873917  3.66735816 3.15930591
 7.09898952 0.50128001 1.8978343  4.71748289 1.90357267 0.49796531
 1.24525791 3.81083593 1.85397102 3.50853828 4.15791172 0.6820915
 2.21150228 0.67187538] 7.068159252534347e-05 True
basinhopping step 17: f 4.21011e-05 trial_f 4.21011e-05 accepted 1  lowest_f 5.51534e-06
[ 0.73081116  1.22956597  3.37885618  3.22530527  3.56825575  3.5662126
  6.39678611  0.46761865  0.88292515  3.003656    1.32978199 -1.10126
  1.62353179  3.95594524  1.81303341  3.86342008  5.47445888  1.1048244
  1.98958013  0.8116953 ] 4.2101141831962837e-05 True
basinhopping step 18: f 4.79807e-06 trial_f 4.79807e-06 accepted 1  lowest_f 4.79807e-06
found new global minimum on step 18 with function value 4.79807e-06
[ 1.48977039  1.86649904  3.87184154  3.62161691  3.51111436  3.71139793
  6.85979099  0.83130399  0.13378223  3.19114258  0.58250061 -1.73964108
  1.62044511  3.87086864  1.6804404   3.75530464  4.60375412  1.76197902
  2.41183518  1.47956413] 4.798069938269088e-06 True
basinhopping step 19: f 1.73162e-05 trial_f 1.73162e-05 accepted 1  lowest_f 4.79807e-06
[ 1.62969235  1.67269022  3.42150781  3.91506585  3.48415662  3.78372092
  6.47327983  0.62146425  0.08496516  3.70194476  0.68832167 -0.78040955
  1.22485481  4.05033836  1.67361795  4.1288296   3.93336634  1.95752864
  2.24668574  1.49847409] 1.73161780545186e-05 True
basinhopping step 20: f 1.37993e-05 trial_f 1.37993e-05 accepted 1  lowest_f 4.79807e-06
[1.57272178 1.31192313 3.03451379 3.88216548 3.7096232  3.70707377
 5.92434818 0.68404295 0.07337761 3.32956116 1.25473898 0.27341053
 1.30903265 3.96657104 1.39011639 4.33221903 3.58344583 1.43790899
 2.21229555 1.86448663] 1.379933928294814e-05 True
basinhopping step 21: f 2.07265e-05 trial_f 2.07265e-05 accepted 1  lowest_f 4.79807e-06
[0.73869466 1.48613686 3.19947105 3.09420516 3.05071798 3.88473839
 5.903689   0.41336161 0.56467015 3.76060425 0.701541   0.59774804
 1.82105462 3.85599314 2.36661226 3.9275269  3.56152425 1.20805293
 1.90629423 1.95341639] 2.0726533141184386e-05 True
basinhopping step 22: f 1.93186e-05 trial_f 1.93186e-05 accepted 1  lowest_f 4.79807e-06
[0.06810579 1.43059193 3.54216659 3.41764697 2.72543361 3.59543913
 6.07862071 1.09867219 0.30824097 3.63714265 1.22227943 0.29255738
 1.36454918 3.70234314 2.93845444 4.05471199 3.66125644 1.67675983
 1.6504613  1.89818791] 1.9318590871084198e-05 True
basinhopping step 23: f 1.40059e-05 trial_f 1.40059e-05 accepted 1  lowest_f 4.79807e-06
[0.34318165 1.53624492 3.48854436 3.22429385 2.68486359 3.85043267
 6.21918198 0.95991465 0.01113449 3.53122517 1.14466759 0.80447836
 0.64570217 3.89070596 2.94354832 4.19088575 3.93458772 2.04211465
 1.73880994 1.8610681 ] 1.4005914319206708e-05 True
basinhopping step 24: f 1.86423e-05 trial_f 1.86423e-05 accepted 1  lowest_f 4.79807e-06
[0.4557542  1.40898142 4.16344847 2.91707586 3.21094004 3.47624892
 5.54000538 0.36281861 0.12901165 3.41428607 0.88208468 1.30761803
 0.99368617 3.61610817 3.5625285  4.08221489 3.83886586 1.97024282
 2.01589186 1.79160191] 1.8642333072682152e-05 True
basinhopping step 25: f 1.71328e-05 trial_f 1.71328e-05 accepted 1  lowest_f 4.79807e-06
[ 0.52874241  1.3895866   3.5396115   2.97605248  2.94582491  3.87871877
  5.9362761  -0.30705691  0.38434294  4.05061353  0.96665565  0.95834115
  0.09188394  4.06277506  3.24361712  3.89806132  4.05228984  2.06699085
  1.89769502  1.53188321] 1.7132760653807317e-05 True
basinhopping step 26: f 8.58099e-06 trial_f 8.58099e-06 accepted 1  lowest_f 4.79807e-06
[ 0.05284114  0.9381285   3.33983667  3.17517489  2.88068316  4.25727395
  6.04207433 -0.13373172  0.93045117  3.91642535  0.62091043  0.66937025
  0.44156604  4.13751204  3.13738949  3.83188124  4.68053722  2.25442957
  1.42365258  1.77263835] 8.58099130082449e-06 True
basinhopping step 27: f 1.40391e-05 trial_f 1.40391e-05 accepted 1  lowest_f 4.79807e-06
[-0.09090309  1.36373019  3.11408663  2.77387211  2.93993607  4.48836208
  6.08452539  0.25270181  1.18368365  4.18395399  1.07970022  0.79375786
  0.91394147  4.13766617  3.62116267  3.56460153  4.58194333  2.23160814
  1.20075939  1.27032758] 1.4039117842769179e-05 True
basinhopping step 28: f 4.82868e-05 trial_f 4.82868e-05 accepted 1  lowest_f 4.79807e-06
[ 0.11400588  1.83832214  3.46533085  2.77423378  3.11078641  4.80975715
  5.88062387 -0.10980865  1.23411949  4.20049664  0.74334185  0.7830916
  1.17889407  3.97565013  4.00313485  3.54144028  4.86206558  1.71639264
  1.26817563  0.91940877] 4.828681822073901e-05 True
basinhopping step 29: f 1.31086e-05 trial_f 1.31086e-05 accepted 1  lowest_f 4.79807e-06
[0.1884144  1.87072511 3.22485983 3.02951265 2.72707678 4.50525762
 6.17427321 0.18019734 1.20179029 4.26502922 0.85004065 1.07480864
 1.32090516 3.75547011 3.61441738 3.90025533 4.71605301 1.43017036
 1.72858979 0.66659166] 1.3108580156394509e-05 True
basinhopping step 30: f 7.03927e-06 trial_f 7.03927e-06 accepted 1  lowest_f 4.79807e-06
[0.49484054 1.88866246 2.85040334 2.95169879 2.81730756 5.16778018
 6.56331797 0.35508159 0.86529172 4.25912984 0.7921282  0.96208715
 1.69977427 3.63896626 3.3369709  3.50327572 4.08145969 1.28439206
 1.31942788 1.02544603] 7.0392657255157945e-06 True
basinhopping step 31: f 5.17654e-06 trial_f 5.17654e-06 accepted 1  lowest_f 4.79807e-06
[-0.76020797  2.57306664  2.8798034   3.71248766  3.82078449  6.23717866
  6.65341495 -0.94988585  0.56880001  4.17766369  0.6908953   0.79705083
  1.87906281  3.84626176  3.55831244  3.35638257  3.69452428  0.87697848
  1.68125552  1.11898103] 5.1765389810810544e-06 True
basinhopping step 32: f 1.231e-05 trial_f 1.231e-05 accepted 1  lowest_f 4.79807e-06
[-0.03040753  2.62493569  2.85484669  3.63948369  4.3155188   6.16776268
  6.30961874 -0.37257934 -0.05602388  4.01671903  1.21273461  1.47208799
  1.7850355   4.09683705  3.8018766   3.74250733  3.20796757  1.08679271
  0.99569525  0.45304476] 1.2309961007979571e-05 True
basinhopping step 33: f 4.8571e-06 trial_f 4.8571e-06 accepted 1  lowest_f 4.79807e-06
[ 1.00219777  3.31996468  2.99145784  3.39337943  6.03008445  6.42838205
  6.28314861 -0.6361681  -0.41571877  2.67697081  0.5665011   0.55918355
  1.67168534  4.10057566  4.5005092   3.254963    3.46091971  1.00505221
  0.92200496  1.22153321] 4.857098768461986e-06 True
basinhopping step 34: f 1.49611e-05 trial_f 1.49611e-05 accepted 1  lowest_f 4.79807e-06
[ 0.59531065  3.29813465  2.82397437  3.59941848  6.10879554  5.85908212
  5.91107072 -0.04901483  0.05400015  2.48756735  0.8892057   0.65984196
  1.65891136  4.18442616  4.62849498  3.63449218  2.91275409  0.68606204
  0.87578239  1.1952016 ] 1.4961095634307605e-05 True
basinhopping step 35: f 2.30271e-05 trial_f 2.30271e-05 accepted 1  lowest_f 4.79807e-06
[0.38969059 3.63086712 3.06981571 3.08560258 6.03371418 5.94544562
 5.38622762 0.24263819 1.05743236 2.74516114 0.85241524 0.86142497
 1.71191849 3.49143893 4.72859433 3.51847662 3.12954888 0.62657048
 1.31030207 1.2203463 ] 2.3027143374290533e-05 True
basinhopping step 36: f 8.61868e-06 trial_f 8.61868e-06 accepted 1  lowest_f 4.79807e-06
[ 0.71466164  3.3969562   2.68778873  3.02432984  5.78161816  5.89557283
  5.73155052 -0.22474885  0.6217795   3.4227363   0.47122921  0.34510961
  2.07371041  3.32747605  4.77756752  3.32514482  3.04452045  1.22968242
  1.13822226  1.17288427] 8.618675928919406e-06 True
basinhopping step 37: f 8.46814e-06 trial_f 8.46814e-06 accepted 1  lowest_f 4.79807e-06
[ 1.23331627  3.08184843  2.48073477  2.37122433  5.22486788  5.56200013
  6.64718548 -0.06895925  0.38196133  3.9907479   0.52249778  0.38589881
  2.72546924  3.5626093   5.49662858  3.62277849  3.45486139  0.91151418
  1.00142869  0.3774442 ] 8.46813675558523e-06 True
basinhopping step 38: f 1.34755e-05 trial_f 1.34755e-05 accepted 1  lowest_f 4.79807e-06
[ 1.5909104   2.72212345  2.42277262  2.82336588  5.83433599  5.14998833
  6.28764034  0.34326597  0.77529565  4.60833008  0.9660805  -0.0251274
  3.16988716  3.66924504  5.72866849  3.33829799  3.08181859  0.68451121
  0.78827256  0.32513791] 1.3475498269503215e-05 True
basinhopping step 39: f 5.5449e-06 trial_f 5.5449e-06 accepted 1  lowest_f 4.79807e-06
[ 1.27100702  3.75939138  2.96374333  3.14954731  6.3317705   5.94354405
  5.82911795 -0.52564881 -0.29415289  4.17964734  0.22956412  0.03331695
  2.55580392  3.98915033  5.83869795  3.96202398  3.54511704  1.05619112
  1.02812935  1.04017449] 5.5448993512843065e-06 True
basinhopping step 40: f 1.71308e-05 trial_f 1.71308e-05 accepted 1  lowest_f 4.79807e-06
[ 0.85463619  3.61485673  2.60849536  3.20922641  6.39849966  5.59873278
  6.06264611 -0.18003179  0.46713025  3.50291632  0.72692102  0.49596639
  2.13270051  4.0450628   5.88401531  4.35379902  3.04653014  0.63437074
  1.54742026  1.35112997] 1.7130824597892854e-05 True
basinhopping step 41: f 9.77847e-06 trial_f 9.77847e-06 accepted 1  lowest_f 4.79807e-06
[ 0.7067942   3.72831282  2.70533604  3.04945694  5.48252742  5.60289569
  6.02611774 -0.23136061  0.651612    4.7513179   0.7455862   0.7658585
  0.76327862  4.12063804  7.07164735  3.8051893   3.51854886  0.52002409
  1.59034829  1.35998801] 9.778466497118719e-06 True
basinhopping step 42: f 6.34454e-06 trial_f 6.34454e-06 accepted 1  lowest_f 4.79807e-06
[4.99425610e-03 3.72395360e+00 2.76902524e+00 2.34511359e+00
 5.64836079e+00 6.32117297e+00 6.51990182e+00 2.41910948e-01
 7.39044214e-01 4.45734925e+00 1.06901198e+00 1.20237450e+00
 2.82307900e-01 3.92912184e+00 6.87325564e+00 3.42802156e+00
 3.35640413e+00 6.24161033e-01 1.72415460e+00 2.16239319e+00] 6.344538777750576e-06 True
basinhopping step 43: f 1.11785e-05 trial_f 1.11785e-05 accepted 1  lowest_f 4.79807e-06
[-0.20519449  3.20951764  2.32812353  2.22367803  5.51120076  6.55692361
  6.19637403  0.54785073  0.25856822  4.16865963  0.93485583  1.34572766
  0.03298878  3.67093161  6.61668038  2.84985757  3.320221    0.63696307
  1.18338785  2.27894158] 1.1178484442844638e-05 True
basinhopping step 44: f 5.78327e-06 trial_f 5.78327e-06 accepted 1  lowest_f 4.79807e-06
[-0.59682684  2.85561325  2.02215988  2.32789181  5.29615258  6.36371923
  6.10712866  0.17003665  0.29227801  4.31086705  0.98417484  1.72680814
  0.25631063  3.29029728  6.65065385  2.85873821  2.94992392  0.56296836
  0.65110501  2.70829153] 5.783273241418468e-06 True
basinhopping step 45: f 1.08598e-05 trial_f 1.08598e-05 accepted 1  lowest_f 4.79807e-06
[-0.69595449  3.04466017  2.06266708  2.60072033  5.08052556  6.10295912
  6.06845486  0.37354443  0.12889528  4.18739534  1.26872279  1.87508107
  0.51272287  3.29562669  6.47677176  3.26811408  2.9830301   0.71546279
  0.50903437  2.66270969] 1.0859758606486626e-05 True
basinhopping step 46: f 1.83622e-05 trial_f 1.83622e-05 accepted 1  lowest_f 4.79807e-06
[-0.08321083  3.15548805  2.53114213  2.70190092  5.47374388  5.51361663
  5.73043662 -0.30525928 -0.28961085  4.3176448   0.41767142  1.57776534
  0.49509069  4.17494308  6.26431516  2.92967852  2.44074108  0.69720006
  0.71446841  3.73043262] 1.8362217854818706e-05 True
basinhopping step 47: f 2.37954e-05 trial_f 2.37954e-05 accepted 1  lowest_f 4.79807e-06
[ 0.22857655  2.73918657  3.00050657  2.68877149  5.71026087  5.28646087
  5.65067694 -0.01086511  0.13420896  4.58342868  0.76755181  1.91667194
  0.44739537  4.23475714  5.82667796  3.40117864  2.73263293  0.55817499
  0.42750108  4.08135568] 2.379535425061744e-05 True
basinhopping step 48: f 3.10434e-05 trial_f 3.10434e-05 accepted 1  lowest_f 4.79807e-06
[ 0.56387714  2.63724539  3.74493809  3.03890225  5.78291848  5.30679919
  5.51413823 -0.02063152  0.13813649  4.29107404  0.05834457  2.53367596
 -0.08250978  4.41043335  5.81175081  3.70020074  2.97344596  0.83136493
  0.90607691  4.06119258] 3.104337066450513e-05 True
basinhopping step 49: f 2.00291e-05 trial_f 2.00291e-05 accepted 1  lowest_f 4.79807e-06
[ 0.80546384  2.86101268  3.87062056  2.83182028  5.86439264  5.85842825
  5.17974945  0.3045152  -0.03436486  4.98407108 -0.01647905  2.39223947
  0.13048233  3.92203761  6.39675898  3.91832161  2.9304599   0.63734469
  0.80311118  4.55553697] 2.0029099074599935e-05 True
adaptive stepsize: acceptance rate 0.980000 target 0.500000 new stepsize 0.555556 old stepsize 0.5
basinhopping step 50: f 4.24298e-06 trial_f 4.24298e-06 accepted 1  lowest_f 4.24298e-06
found new global minimum on step 50 with function value 4.24298e-06
[ 0.70547882  3.23723591  3.45822161  2.98186788  5.84420532  5.38877593
  5.3716499  -0.05615505  0.38265555  4.5823811   0.23728828  2.94612216
  0.02383401  3.9021433   6.27096128  4.0468675   3.34560352  1.09262355
  0.90567364  4.69231131] 4.242979400247309e-06 True
basinhopping step 51: f 1.32279e-05 trial_f 1.32279e-05 accepted 1  lowest_f 4.24298e-06
[0.37925851 3.77237626 3.05989115 2.91489003 5.55392417 5.85297924
 5.4153202  0.44488961 0.10336258 4.28654021 0.29258993 2.8438273
 0.18503278 4.4712079  6.09570703 4.3133597  3.23199919 0.73342276
 1.06286595 4.45052657] 1.3227877578720909e-05 True
basinhopping step 52: f 5.00374e-06 trial_f 5.00374e-06 accepted 1  lowest_f 4.24298e-06
[ 0.75904993  3.34668663  3.81767172  3.32704999  5.44588473  6.34558331
  5.39421672 -0.13417716 -0.36672048  3.66276428  0.71948515  3.36395839
  0.30040633  3.8587198   6.67520697  4.34293541  2.48440405  1.22850016
  1.624699    4.16042538] 5.003739013277432e-06 True
basinhopping step 53: f 4.57137e-06 trial_f 4.57137e-06 accepted 1  lowest_f 4.24298e-06
[ 0.26559858  3.76265179  3.6795855   3.91480353  5.69452011  5.92348978
  5.48605691 -0.03615921 -0.3480496   2.83911419  0.64294743  3.76603326
  0.10309556  4.08179636  6.45272939  4.25032136  3.11791966  0.99800617
  1.56650511  4.45068981] 4.571370288212686e-06 True
basinhopping step 54: f 1.66258e-05 trial_f 1.66258e-05 accepted 1  lowest_f 4.24298e-06
[ 0.03356956  4.11948267  3.85546382  3.35384715  5.81359086  5.58983863
  5.2568209   0.22190608 -0.00816031  3.66290404  0.63644683  4.28929706
 -0.04795229  3.69206016  6.32861247  4.24650472  3.5920209   0.9100418
  1.69126819  4.86933026] 1.66258008477451e-05 True
basinhopping step 55: f 9.08318e-06 trial_f 9.08318e-06 accepted 1  lowest_f 4.24298e-06
[-3.72415088e-01  3.75949766e+00  3.28519279e+00  3.40443006e+00
  6.36074383e+00  5.40477634e+00  5.17049341e+00  1.30949087e-01
  1.68431028e-01  3.66377631e+00  5.27964966e-01  4.32738961e+00
  3.49282182e-04  3.53705503e+00  6.41279695e+00  4.19441944e+00
  4.33531422e+00  6.96133875e-01  1.66471712e+00  5.27093481e+00] 9.083179671283047e-06 True
basinhopping step 56: f 8.11396e-06 trial_f 8.11396e-06 accepted 1  lowest_f 4.24298e-06
[-0.08355307  3.26266137  2.60787364  3.4514632   6.42695168  5.5222303
  5.4245177  -0.06121343  0.6260734   3.7391971   0.01007922  4.32263482
  0.13168008  3.30960341  5.94724884  4.07501687  4.0351183   0.64859237
  1.49518613  5.02086303] 8.113961050246583e-06 True
basinhopping step 57: f 8.3053e-06 trial_f 8.3053e-06 accepted 1  lowest_f 4.24298e-06
[0.39225031 3.51215185 2.61295941 2.49278323 5.67197409 5.12256804
 5.90704617 0.25659192 0.76219714 3.66545221 1.02017108 4.17843144
 0.29800553 3.6415288  6.82277076 3.77330067 3.65779692 0.40661103
 1.76255155 4.67934686] 8.30530399493101e-06 True
basinhopping step 58: f 6.59579e-06 trial_f 6.59579e-06 accepted 1  lowest_f 4.24298e-06
[-0.04332469  3.50300878  2.87655613  2.07170438  4.92530397  5.64124736
  5.55228844  0.39252824  0.43282182  3.325729    0.94569353  3.91668032
  0.88584131  3.62025826  6.33449228  4.0034535   3.70955602  0.24671689
  1.04526417  4.66291759] 6.595789922444739e-06 True
basinhopping step 59: f 1.07927e-05 trial_f 1.07927e-05 accepted 1  lowest_f 4.24298e-06
[ 0.34862887  3.57801704  3.29269513  2.12880794  5.47046602  5.43843997
  6.2122945   0.7083162   0.16262404  3.09137319  0.85263435  3.9220668
 -0.09568863  3.4274005   6.02897241  3.67961726  4.20755451  0.78036486
  1.27259381  5.00419897] 1.0792744394240555e-05 True
basinhopping step 60: f 4.86996e-06 trial_f 4.86996e-06 accepted 1  lowest_f 4.24298e-06
[ 0.23244399  2.70718515  3.55173497  2.34237831  5.51464669  5.83811166
  6.1226658   1.03659498  0.70645028  3.37233806  0.41364171  3.304659
 -0.38827607  3.06930614  6.59905899  4.06683224  3.80876641  0.61666275
  1.46421388  4.90215648] 4.8699567889209666e-06 True
basinhopping step 61: f 1.44507e-05 trial_f 1.44507e-05 accepted 1  lowest_f 4.24298e-06
[-0.1110674   2.65649722  4.94328109  2.44575042  5.30363968  6.1681719
  6.09173023  0.25575919  0.6575279   3.47253877  1.22712508  4.27108904
 -0.11204261  3.23696345  6.18152864  3.61120808  3.15660962 -0.03796951
  1.23074271  5.22489813] 1.4450653053267603e-05 True
basinhopping step 62: f 8.00712e-06 trial_f 8.00712e-06 accepted 1  lowest_f 4.24298e-06
[0.60154103 2.75817121 5.59096987 2.72961432 5.26397694 5.87465591
 6.04790971 0.2129789  0.76766232 3.62313455 0.88051    4.59124421
 0.26579439 3.59854051 6.43559128 3.77858619 2.91746357 0.2904934
 1.30624495 5.48694503] 8.007118571971594e-06 True
basinhopping step 63: f 8.00042e-06 trial_f 8.00042e-06 accepted 1  lowest_f 4.24298e-06
[ 1.40255004  2.34716691  5.54040204  2.82688695  5.55343595  5.76028706
  5.76184044 -0.81170497  0.11906934  3.81181753  0.83349409  4.84940175
  0.77067738  3.07700546  6.21759803  3.65915657  3.23295872  0.24583093
  2.55571796  6.18372672] 8.000417502107735e-06 True
basinhopping step 64: f 2.84173e-06 trial_f 2.84173e-06 accepted 1  lowest_f 2.84173e-06
found new global minimum on step 64 with function value 2.84173e-06
[ 1.66853237  2.64361447  5.381792    2.42830476  5.30402202  5.68105472
  5.32674699 -0.18250365  0.38653761  3.82328938  0.50537179  4.75270544
  0.72722774  2.85382965  5.98845933  3.29879165  3.29128556  0.03148649
  2.63064645  6.19593375] 2.8417336110562014e-06 True
basinhopping step 65: f 1.14103e-05 trial_f 1.14103e-05 accepted 1  lowest_f 2.84173e-06
[1.53129928e+00 2.30738341e+00 5.87023811e+00 2.85532622e+00
 5.88892895e+00 5.68368660e+00 5.31072342e+00 2.65062150e-03
 7.52455122e-01 3.54847428e+00 1.82826520e-01 4.51592033e+00
 4.48765957e-01 3.07547389e+00 6.38169476e+00 3.77586613e+00
 4.05944574e+00 2.32427359e-01 2.49533740e+00 5.74865146e+00] 1.1410282871081877e-05 True
basinhopping step 66: f 1.10882e-05 trial_f 1.10882e-05 accepted 1  lowest_f 2.84173e-06
[ 1.03606442  1.93437701  5.396301    2.71858981  6.04798507  5.64162056
  4.98908397  0.09227119  0.19183708  3.58926564  0.03417197  4.63525081
 -0.02223616  3.2334888   5.74840847  3.51080223  3.99396403  0.63161042
  3.10039264  6.69729597] 1.1088158371072676e-05 True
basinhopping step 67: f 5.35734e-06 trial_f 5.35734e-06 accepted 1  lowest_f 2.84173e-06
[ 0.87418246  2.31733791  5.29424846  2.43212707  6.35185837  6.46169412
  5.82357864 -0.30731452  0.54288819  3.42101093  0.20177945  4.26039659
  0.49370124  3.79068249  4.8300273   3.78886787  4.36868746  0.28194295
  3.11292762  6.283685  ] 5.357343804253862e-06 True
basinhopping step 68: f 1.11831e-05 trial_f 1.11831e-05 accepted 1  lowest_f 2.84173e-06
[ 1.00679405  2.30257183  5.31766329  2.82580557  6.04280226  6.2977077
  5.71104725 -0.14832166  0.96439448  3.42205769 -0.0861506   4.35190198
  0.35256322  3.26567839  4.35035383  4.27065164  3.93246997  0.17135206
  2.77130032  6.43200183] 1.1183062434915727e-05 True
basinhopping step 69: f 1.09596e-05 trial_f 1.09596e-05 accepted 1  lowest_f 2.84173e-06
[1.05341161 2.46068106 5.18032993 3.12677024 5.86182344 6.04869721
 5.97312643 0.18025455 0.4455077  3.8830701  0.4503555  4.40341054
 0.84068306 2.98530386 3.65043072 3.94436231 4.62172383 0.42252366
 2.95599645 5.88568224] 1.0959598466748658e-05 True
basinhopping step 70: f 3.73031e-05 trial_f 3.73031e-05 accepted 1  lowest_f 2.84173e-06
[ 0.02016305  3.24767012  6.86381552  3.50592533  6.46173644  5.70784556
  5.17302783 -0.15737815  0.24925321  3.67240843  0.24377558  4.63326075
  1.30278085  2.43479361  4.4474804   4.25548627  4.34944192  0.31970982
  3.27765613  7.52206293] 3.730305614370428e-05 True
basinhopping step 71: f 1.88422e-05 trial_f 1.88422e-05 accepted 1  lowest_f 2.84173e-06
[-3.11508977e-02  3.30607668e+00  5.97444582e+00  3.55559994e+00
  5.93000328e+00  5.38523398e+00  5.14905494e+00  6.62741216e-02
  2.68052663e-01  4.14398286e+00  1.08568205e+00  4.56907248e+00
  8.24413236e-01  3.46591411e+00  4.51140832e+00  3.77742226e+00
  4.13277063e+00  6.82781440e-03  3.81236788e+00  7.53100931e+00] 1.88421822328237e-05 True
basinhopping step 72: f 4.79513e-05 trial_f 4.79513e-05 accepted 1  lowest_f 2.84173e-06
[0.22813135 2.68408251 6.14016885 3.78496382 5.73567321 5.76401678
 5.13791965 0.30051283 0.71277955 4.49662605 0.99191389 4.82512429
 0.42683242 3.81813156 4.11770026 3.71824244 4.54861148 0.38197121
 4.5426818  7.22538173] 4.795134960547588e-05 True
basinhopping step 73: f 1.12322e-05 trial_f 1.12322e-05 accepted 1  lowest_f 2.84173e-06
[0.02261823 3.44381957 5.73228541 3.32081223 5.38221894 5.89546573
 5.4851173  0.50079644 1.03798989 3.61083627 0.55808733 4.28335208
 0.89661252 4.457194   4.34886584 3.63815338 5.20522973 0.32605336
 3.85914258 6.68684905] 1.1232199807490073e-05 True
basinhopping step 74: f 8.91715e-06 trial_f 8.91715e-06 accepted 1  lowest_f 2.84173e-06
[0.05693634 3.21774083 5.48087582 3.06500697 5.52767166 6.40067947
 5.80695884 0.55084667 1.31245449 4.10929454 0.6122878  3.53641328
 1.12537069 4.55789426 3.6630078  3.95693656 5.18363889 0.66574888
 3.7149081  6.31306563] 8.917149545542385e-06 True
basinhopping step 75: f 9.19692e-06 trial_f 9.19692e-06 accepted 1  lowest_f 2.84173e-06
[0.05219537 2.97493574 5.16961137 3.1120628  5.52468995 6.0113828
 6.05408204 0.58101395 1.43677125 3.76568772 0.66437406 3.23320211
 0.91254499 4.71263557 3.80591724 3.53990982 4.85933599 0.52453377
 3.63352931 6.28999909] 9.196918650020456e-06 True
basinhopping step 76: f 3.03298e-06 trial_f 3.03298e-06 accepted 1  lowest_f 2.84173e-06
[ 0.78544992  3.04551804  6.53167498  3.86238108  6.08191028  6.15301846
  5.54837847 -0.19192058  0.62330849  2.88807978 -0.35525243  3.60946411
  0.65748122  4.33517602  4.36182743  4.2199627   4.66979879  0.7259226
  4.00726674  6.01738951] 3.0329797048910195e-06 True
basinhopping step 77: f 2.97814e-05 trial_f 2.97814e-05 accepted 1  lowest_f 2.84173e-06
[ 0.1561945   3.853017    6.36021764  3.43412326  5.59900977  5.2544643
  5.31176739 -0.42408342  0.78096502  3.205033    0.26978107  4.17498226
  1.22302812  4.19922825  3.88742581  3.65232327  4.34236607  0.71616574
  3.92256469  5.39850011] 2.978140479773286e-05 True
basinhopping step 78: f 1.40378e-05 trial_f 1.40378e-05 accepted 1  lowest_f 2.84173e-06
[0.59521476 2.9034316  6.12069783 3.22495601 5.58515663 4.99679125
 5.73325291 0.17946278 0.92150083 4.22354616 0.5164502  3.63402248
 1.75971633 4.14402512 4.02040132 3.97875011 4.13696656 0.66726752
 3.90689781 4.79116868] 1.403780702742014e-05 True
basinhopping step 79: f 1.44954e-05 trial_f 1.44954e-05 accepted 1  lowest_f 2.84173e-06
[-0.14172044  2.36265382  5.83094469  3.67492049  6.26571018  4.2348332
  6.28229438  0.87955517  1.34126393  4.41914613  0.22007933  3.82098558
  2.20096253  3.9032108   3.07231503  3.52434292  4.36069484  0.8345996
  3.97871705  4.44315274] 1.4495366498646274e-05 True
basinhopping step 80: f 1.54262e-05 trial_f 1.54262e-05 accepted 1  lowest_f 2.84173e-06
[5.56789223e-03 1.70266205e+00 6.41865293e+00 3.24694786e+00
 5.99999499e+00 5.51637079e+00 6.24262847e+00 4.81241011e-01
 9.88603981e-01 4.21918438e+00 3.06287651e-01 4.22285288e+00
 1.33294575e+00 4.19828613e+00 3.64570953e+00 3.28429868e+00
 4.99449703e+00 3.58121236e-01 3.30796155e+00 4.51562010e+00] 1.5426212411763286e-05 True
basinhopping step 81: f 2.20307e-05 trial_f 2.20307e-05 accepted 1  lowest_f 2.84173e-06
[0.08972048 1.77669617 6.11185513 2.88974    6.0598404  5.84818875
 6.00719178 1.02919029 0.43477988 4.40133949 0.36145681 4.46400966
 0.80760953 4.37577245 3.18212673 3.59186948 5.35428773 0.4495596
 3.36127222 4.04703476] 2.2030678939044858e-05 True
basinhopping step 82: f 1.2369e-05 trial_f 1.2369e-05 accepted 1  lowest_f 2.84173e-06
[-0.01910259  2.150205    5.72928128  2.57501931  5.95099431  5.8176173
  5.9214346   1.11367438  0.31112603  4.43544251  0.28008149  4.2850867
  0.29474996  3.99229574  3.66076384  3.25124946  5.227553    0.0190949
  3.29600944  3.76392374] 1.2368966617191946e-05 True
basinhopping step 83: f 3.98394e-06 trial_f 3.98394e-06 accepted 1  lowest_f 2.84173e-06
[0.15150223 2.3272336  5.74085183 2.57206577 5.89693756 6.05672667
 6.13309713 0.93840703 0.13964123 4.47338505 0.82089904 4.36573306
 0.41243756 3.59815106 3.62518641 3.30714962 5.25919777 0.04116112
 3.45835306 4.0394072 ] 3.983938879039977e-06 True
basinhopping step 84: f 4.5952e-06 trial_f 4.5952e-06 accepted 1  lowest_f 2.84173e-06
[-0.04687032  2.38659625  5.45255325  2.65460211  5.70954764  6.35261231
  6.10179493  0.60900898  0.36236764  4.91766202  1.1046126   4.50499428
  0.13996593  3.64932548  3.64873128  3.49499892  5.92866334  0.14579042
  3.23799304  4.23069302] 4.595204454662484e-06 True
basinhopping step 85: f 5.42546e-06 trial_f 5.42546e-06 accepted 1  lowest_f 2.84173e-06
[0.24085855 2.44719031 5.15804076 2.89069535 5.65397339 5.77819905
 5.99103456 0.31403007 0.49242607 4.59676913 0.58448522 4.10474137
 0.44245399 3.41075985 2.95215923 3.45760961 5.90217598 0.75911723
 3.39064164 4.68628691] 5.425459435931731e-06 True
basinhopping step 86: f 5.33639e-05 trial_f 5.33639e-05 accepted 1  lowest_f 2.84173e-06
[ 0.28030665  2.68217607  5.55583901  2.9521091   6.24627782  5.91348384
  5.76919875  0.92484265  0.40311595  5.19302047  0.51910407  3.25451591
 -0.0884787   4.06318368  2.50929801  3.88728064  5.633176    0.72453003
  4.03713939  4.7073594 ] 5.336388545092631e-05 True
basinhopping step 87: f 5.6757e-06 trial_f 5.6757e-06 accepted 1  lowest_f 2.84173e-06
[-0.33249974  2.63459969  5.68387941  3.28679811  6.15114108  5.64831613
  6.1702738   0.86615567  0.81196077  4.74892784  0.772592    3.7498004
  0.46446685  4.31604017  3.37391776  3.32248903  5.60745259  0.56722807
  3.24526827  4.32554477] 5.675700315884954e-06 True
basinhopping step 88: f 1.1156e-05 trial_f 1.1156e-05 accepted 1  lowest_f 2.84173e-06
[-0.34794306  2.72156199  5.51679224  3.17525848  5.84549556  5.64969157
  6.1340801   1.21792021  0.45993488  4.20275313  0.92846145  3.74895834
  0.36735166  4.28710612  3.31306123  3.23195371  5.6971224   0.45928251
  3.49431135  4.39244687] 1.1156041160432321e-05 True
basinhopping step 89: f 4.46567e-06 trial_f 4.46567e-06 accepted 1  lowest_f 2.84173e-06
[-0.24715152  2.61686034  5.16204052  2.97869675  5.811732    5.86129089
  5.97592718  0.85056321  0.55280253  4.16774731  0.66721808  3.86682285
  0.49567315  4.6809118   3.38405218  2.80731756  5.59817686  0.37313185
  3.5418293   3.66810197] 4.465672273353437e-06 True
basinhopping step 90: f 1.46338e-05 trial_f 1.46338e-05 accepted 1  lowest_f 2.84173e-06
[-0.17132663  2.31639484  5.32620006  3.27292992  5.4493414   5.76870612
  6.11654753  0.95923216  0.19615869  3.57811454  1.01115652  4.34164058
  0.51837432  5.31106915  3.49038513  3.2220264   5.51450453  0.52994494
  3.27458954  3.51415729] 1.4633799388713222e-05 True
basinhopping step 91: f 3.38563e-05 trial_f 3.38563e-05 accepted 1  lowest_f 2.84173e-06
[0.05587334 2.4368994  5.5846302  3.40808121 5.3327587  5.4400745
 6.05325825 0.86665596 0.28629025 3.77690078 1.31713778 4.49423733
 0.69949449 5.89526555 3.13169467 3.65760787 6.16778515 0.94595417
 3.62741472 3.71842597] 3.3856324488203596e-05 True
basinhopping step 92: f 3.26818e-06 trial_f 3.26818e-06 accepted 1  lowest_f 2.84173e-06
[-0.10884268  2.49753445  5.52141656  2.82287558  6.16381514  5.47090376
  6.26740657  0.57234724  1.0004167   3.55571022  1.37394338  4.06577252
  0.45359385  6.44407306  3.81095068  2.92359871  6.03123392  0.4722077
  4.58986087  3.59352604] 3.268182427618246e-06 True
basinhopping step 93: f 9.43551e-06 trial_f 9.43551e-06 accepted 1  lowest_f 2.84173e-06
[0.13167252 2.466449   5.48093872 2.49426277 5.35979052 6.3037843
 6.31583957 0.42317043 0.91001793 3.35582598 0.97664318 4.44334672
 1.02034686 5.99907736 3.35131536 2.8362368  6.33228958 0.26698138
 4.55821424 3.3533879 ] 9.43551037354882e-06 True
basinhopping step 94: f 1.53458e-05 trial_f 1.53458e-05 accepted 1  lowest_f 2.84173e-06
[-0.46407498  1.97176761  5.52009021  3.12828873  5.90213901  5.96053446
  5.99228809  0.7375874   1.16431312  3.44937239  1.1437469   4.36802598
  0.54019424  5.61439441  3.50763572  2.48022861  6.29105375  0.27553397
  3.72395235  3.13420629] 1.5345752811141302e-05 True
basinhopping step 95: f 2.1012e-05 trial_f 2.1012e-05 accepted 1  lowest_f 2.84173e-06
[-0.16445597  2.40274451  5.34688453  3.2311062   5.36981239  6.1129458
  6.42410264  0.51236401  1.24753455  3.17201787  1.0909356   4.21541483
  0.89228479  5.59740746  3.99260825  2.53515516  6.33456944  0.01297256
  3.48593255  3.46802122] 2.101196427694982e-05 True
basinhopping step 96: f 8.62296e-06 trial_f 8.62296e-06 accepted 1  lowest_f 2.84173e-06
[0.27859359 2.88336969 5.22176305 2.65761639 5.48454505 6.40792781
 5.69309653 0.02111539 1.08283179 3.0864667  0.80849273 3.38893709
 1.4477702  4.58152754 3.75179941 3.30612164 6.86747289 0.79158644
 3.52224919 3.02006396] 8.62295861123788e-06 True
basinhopping step 97: f 2.0856e-05 trial_f 2.0856e-05 accepted 1  lowest_f 2.84173e-06
[-0.25397612  3.17298776  5.1687483   2.74751955  4.8065989   6.208485
  5.33657321 -0.1130859   0.57697094  3.29549359  0.84307097  3.42159829
  1.69395049  3.9116732   3.17006485  4.25886585  6.4510683   0.79618
  3.52068285  2.77052241] 2.085595043703032e-05 True
basinhopping step 98: f 4.75809e-05 trial_f 4.75809e-05 accepted 1  lowest_f 2.84173e-06
[-0.14074067  3.73698868  5.28636093  2.75028465  4.80313303  6.17250005
  5.17974393  0.12117099  0.60167828  3.74113832  0.98533032  3.35055648
  1.16282317  3.58575656  3.60908677  4.34038197  6.35364045  0.90503257
  3.97582822  1.90148858] 4.758093405018716e-05 True
basinhopping step 99: f 1.07419e-05 trial_f 1.07419e-05 accepted 1  lowest_f 2.84173e-06
[-0.16345963  2.12541554  6.24374999  2.99165467  4.21706209  6.1623028
  5.62498359  0.37872975  1.07733101  4.33066703  1.12630313  3.31315837
  0.65819296  4.09157605  3.02596446  4.20593209  6.78505631  0.83790133
  3.96818132  1.58107504] 1.0741934866543412e-05 True
adaptive stepsize: acceptance rate 0.990000 target 0.500000 new stepsize 0.617284 old stepsize 0.555556
basinhopping step 100: f 2.08716e-05 trial_f 2.08716e-05 accepted 1  lowest_f 2.84173e-06
[ 0.35126204  2.2140433   6.26462891  3.21351949  4.39631955  6.10287049
  5.2740918   0.26803985  1.05366745  3.83066015  0.41973696  3.16232236
 -0.02923131  3.90190024  3.37542823  4.37524777  6.64732604  1.20494481
  4.38654844  1.99130789] 2.087162562624078e-05 True
                        fun: 2.8417336110562014e-06
 lowest_optimization_result:       fun: 2.8417336110562014e-06
 hess_inv: array([[ 592.41156851,   71.41547538,   42.33419471, -175.54222773,
        -137.76810453, -113.21193276,  463.92431039, -229.72794214,
        -327.61410599, -339.15579582,   71.5285862 , -323.81985921,
        -103.05056655,  373.66156826,  399.04979901,   23.88857384,
        -365.91526187, -100.5497149 ,  141.91760599,   37.5689965 ],
       [  71.41547538,  256.48977114,  126.14157396, -183.86233312,
        -144.88143815,   11.98147243,   25.61222429,  117.63086409,
        -115.19132826,   -1.77931887, -172.1998982 ,  267.6818952 ,
          54.53269944,  -97.68486659, -209.35811044,  102.65625005,
        -181.34741542,   24.1907658 ,   29.93074838,   18.53543909],
       [  42.33419471,  126.14157396,  176.14118288,   11.66618292,
          -1.27444596,  -53.22235206, -112.52242278,  -17.77533087,
         -98.24456236,   -2.6489316 ,  -57.76327392,  121.20285464,
         -38.64189772,  -87.72916346, -183.80924673,   53.02909599,
         -49.43397883,  104.85687806,  125.49665564,  -56.60815112],
       [-175.54222773, -183.86233312,   11.66618292,  432.95126227,
         239.37129121, -110.95340597, -319.62894907, -248.44865188,
         158.67214978,  147.40335754,  199.42726163, -203.03222062,
         -82.04894614,   -7.27483609,   39.16992469,  -69.1744317 ,
         268.86139866,   88.07640492,  -51.79065609, -131.61995999],
       [-137.76810453, -144.88143815,   -1.27444596,  239.37129121,
         180.21057287,  -21.08915111, -146.60044384, -106.08497718,
          44.43754383,   40.91617618,   94.02798369, -107.16401309,
         -65.84679249,  -24.4450061 ,   12.83625583,  -56.53893469,
         145.41302914,   69.29337768,   19.68971012,  -32.86718564],
       [-113.21193276,   11.98147243,  -53.22235206, -110.95340597,
         -21.08915111,  129.17988313,   49.52830308,  188.12779591,
          16.52048774,   -4.19783636,  -92.43639802,  143.70973213,
          54.44197249, -108.1787005 , -102.66845029,  -14.73293053,
           3.21125297,  -21.90628461,   -7.1701685 ,   53.39558863],
       [ 463.92431039,   25.61222429, -112.52242278, -319.62894907,
        -146.60044384,   49.52830308,  722.42257651,  -46.78866738,
        -444.51169118, -457.47835508,  -36.29440163, -252.79822704,
         -76.71104701,  377.78036063,  469.93708159,   33.881235  ,
        -443.21038466, -118.2926303 ,  105.90686467,  206.55399993],
       [-229.72794214,  117.63086409,  -17.77533087, -248.44865188,
        -106.08497718,  188.12779591,  -46.78866738,  385.60949134,
          75.90108166,   74.08269229, -213.36763374,  393.08713047,
         125.80609375, -277.33073297, -339.30903423,   25.78718622,
          38.27073049,    7.95228309,    2.59563557,   43.65788012],
       [-327.61410599, -115.19132826,  -98.24456236,  158.67214978,
          44.43754383,   16.52048774, -444.51169118,   75.90108166,
         604.62607492,  448.30101404,  102.97602574,   74.98038764,
         187.45411416, -178.75667814, -145.27238154,  -87.4586941 ,
         395.89706651, -168.95359683, -363.74812516, -179.33402985],
       [-339.15579582,   -1.77931887,   -2.6489316 ,  147.40335754,
          40.91617618,   -4.19783636, -457.47835508,   74.08269229,
         448.30101404,  434.11163915,   -2.4569888 ,  217.8985726 ,
         169.14357769, -226.06917416, -260.44471201,  -14.14468505,
         258.69919396,  -80.44125602, -305.56432951,  -95.37121519],
       [  71.5285862 , -172.1998982 ,  -57.76327392,  199.42726163,
          94.02798369,  -92.43639802,  -36.29440163, -213.36763374,
         102.97602574,   -2.4569888 ,  214.00559549, -320.29149997,
         -68.72743044,  152.44163991,  233.97479701,  -80.26379961,
         147.30975423,  -32.96296561,  -29.35914161, -107.82681836],
       [-323.81985921,  267.6818952 ,  121.20285464, -203.03222062,
        -107.16401309,  143.70973213, -252.79822704,  393.08713047,
          74.98038764,  217.8985726 , -320.29149997,  629.13592799,
         165.21453323, -417.93975307, -580.60217255,  106.22706019,
         -12.86061269,   76.76250908,  -30.46725929,   52.85677049],
       [-103.05056655,   54.53269944,  -38.64189772,  -82.04894614,
         -65.84679249,   54.44197249,  -76.71104701,  125.80609375,
         187.45411416,  169.14357769,  -68.72743044,  165.21453323,
         135.57520956,  -89.81132313, -100.10949792,   12.12695242,
          20.9238271 , -115.39701246, -190.55093343,    6.08073212],
       [ 373.66156826,  -97.68486659,  -87.72916346,   -7.27483609,
         -24.4450061 , -108.1787005 ,  377.78036063, -277.33073297,
        -178.75667814, -226.06917416,  152.44163991, -417.93975307,
         -89.81132313,  405.28551471,  512.61743474,   -1.11014936,
        -197.00713541, -116.99259901,  -34.75479479,   44.9596195 ],
       [ 399.04979901, -209.35811044, -183.80924673,   39.16992469,
          12.83625583, -102.66845029,  469.93708159, -339.30903423,
        -145.27238154, -260.44471201,  233.97479701, -580.60217255,
        -100.10949792,  512.61743474,  700.92483258,  -38.33243299,
        -163.17800612, -181.20841933, -104.32040936,   41.913873  ],
       [  23.88857384,  102.65625005,   53.02909599,  -69.1744317 ,
         -56.53893469,  -14.73293053,   33.881235  ,   25.78718622,
         -87.4586941 ,  -14.14468505,  -80.26379961,  106.22706019,
          12.12695242,   -1.11014936,  -38.33243299,   97.1056506 ,
         -80.05920571,   31.00055877,  -26.88881566,  -16.06644104],
       [-365.91526187, -181.34741542,  -49.43397883,  268.86139866,
         145.41302914,    3.21125297, -443.21038466,   38.27073049,
         395.89706651,  258.69919396,  147.30975423,  -12.86061269,
          20.9238271 , -197.00713541, -163.17800612,  -80.05920571,
         506.15438551,   65.63821394,  -95.73204576, -260.41463455],
       [-100.5497149 ,   24.1907658 ,  104.85687806,   88.07640492,
          69.29337768,  -21.90628461, -118.2926303 ,    7.95228309,
        -168.95359683,  -80.44125602,  -32.96296561,   76.76250908,
        -115.39701246, -116.99259901, -181.20841933,   31.00055877,
          65.63821394,  244.80885972,  247.09859184,  -21.5886575 ],
       [ 141.91760599,   29.93074838,  125.49665564,  -51.79065609,
          19.68971012,   -7.1701685 ,  105.90686467,    2.59563557,
        -363.74812516, -305.56432951,  -29.35914161,  -30.46725929,
        -190.55093343,  -34.75479479, -104.32040936,  -26.88881566,
         -95.73204576,  247.09859184,  496.58079368,   72.37821592],
       [  37.5689965 ,   18.53543909,  -56.60815112, -131.61995999,
         -32.86718564,   53.39558863,  206.55399993,   43.65788012,
        -179.33402985,  -95.37121519, -107.82681836,   52.85677049,
           6.08073212,   44.9596195 ,   41.913873  ,  -16.06644104,
        -260.41463455,  -21.5886575 ,   72.37821592,  324.52460136]])
      jac: array([-2.30638187e-06,  5.01308301e-06,  1.31986408e-06, -4.41846120e-06,
        2.39426467e-06,  4.04392162e-06, -3.66495610e-06, -3.05099942e-06,
        7.58017109e-06, -4.97919820e-06, -1.70733054e-06, -1.15622129e-07,
       -1.37435867e-06, -1.41769291e-06,  6.93287845e-06, -4.27963832e-06,
       -4.51715132e-06,  6.43262121e-06, -1.04286832e-06, -8.04732565e-07])
  message: 'Optimization terminated successfully.'
     nfev: 4389
      nit: 201
     njev: 209
   status: 0
  success: True
        x: array([ 1.66853237,  2.64361447,  5.381792  ,  2.42830476,  5.30402202,
        5.68105472,  5.32674699, -0.18250365,  0.38653761,  3.82328938,
        0.50537179,  4.75270544,  0.72722774,  2.85382965,  5.98845933,
        3.29879165,  3.29128556,  0.03148649,  2.63064645,  6.19593375])
                    message: ['requested number of basinhopping iterations completed successfully']
      minimization_failures: 0
                       nfev: 432789
                        nit: 100
                       njev: 20609
                          x: array([ 1.66853237,  2.64361447,  5.381792  ,  2.42830476,  5.30402202,
        5.68105472,  5.32674699, -0.18250365,  0.38653761,  3.82328938,
        0.50537179,  4.75270544,  0.72722774,  2.85382965,  5.98845933,
        3.29879165,  3.29128556,  0.03148649,  2.63064645,  6.19593375])
0.013889665030127701

Process finished with exit code 0
