E:\CURPROJECT\SimsV3\venv\Scripts\python.exe E:/CURPROJECT/SimsV3/Simple_ManyWP_reproducability_test1.py
basinhopping step 0: f 4.70755e-06
[0.48731393 4.37024567 3.37647026 4.38117974 4.3974127  1.16032614
 3.06712684 1.25192897 0.70213538 3.04508806 6.07572199 3.82894485
 1.1369869  3.55554252 3.28414917 1.20570614 0.58254032 0.38210594
 5.3795535  3.67555599 2.86685589 1.91842072 5.13698718 2.87276656
 6.00079197] 4.707552526771261e-06 True
basinhopping step 1: f 1.74327e-06 trial_f 1.74327e-06 accepted 1  lowest_f 1.74327e-06
found new global minimum on step 1 with function value 1.74327e-06
[-0.05954773  3.62646272  3.1757967   3.99253432  4.49296137  1.1354598
  2.73983758  1.47640366  0.38217612  3.57290916  5.82071206  3.99729249
  1.10474322  3.93853515  3.67354035  1.04320938  0.29250354 -0.33835724
  5.4071869   3.09437445  2.92983786  1.84857803  5.8008998   2.8127532
  6.5484968 ] 1.7432680915510052e-06 True
basinhopping step 2: f 1.68385e-06 trial_f 1.68385e-06 accepted 1  lowest_f 1.68385e-06
found new global minimum on step 2 with function value 1.68385e-06
[-0.15798413  3.69263053  3.22431067  3.82210267  4.79266587  1.26975701
  3.15839909  1.09686607  0.79343346  3.23100547  5.91703346  4.03806021
  1.31408299  3.94849829  3.95909744  1.32484241 -0.04030344  0.42968035
  5.90289948  2.96953808  2.56079274  1.83994723  5.94492588  2.96537942
  6.36846206] 1.6838493451671247e-06 True
basinhopping step 3: f 3.82378e-06 trial_f 3.82378e-06 accepted 1  lowest_f 1.68385e-06
[-0.02481223  3.55038837  3.16690732  3.53618869  4.74473876  1.41360582
  3.71750464  1.29343408  0.97566935  2.5987075   5.61905811  4.41256346
  0.7212143   3.38100193  3.68816787  0.76839766  0.65650543  0.36254292
  5.86777256  3.3235926   2.4782392   1.63934644  5.55117087  3.1934293
  6.04332167] 3.823784708534078e-06 True
basinhopping step 4: f 6.80541e-06 trial_f 6.80541e-06 accepted 1  lowest_f 1.68385e-06
[0.45813186 3.8881176  3.07136446 3.81943031 5.18263517 0.89761515
 3.34514245 1.36011939 0.89154464 3.04817315 6.27980824 4.57141597
 0.17034249 2.82984967 3.26702687 0.77539223 0.57295281 0.40147802
 5.7349669  3.17358086 2.12611157 1.6585163  4.97569663 2.76424478
 5.98663748] 6.805406666287419e-06 True
basinhopping step 5: f 2.0447e-06 trial_f 2.0447e-06 accepted 1  lowest_f 1.68385e-06
[ 0.64224786  4.52605072  3.38158029  3.78752449  5.89537501  0.38592596
  3.49067986  1.2965743   0.56449918  3.3979624   6.46231549  4.65359562
  0.06650463  3.14050015  2.97618194  0.58818897 -0.22596869 -0.15019937
  6.76312369  2.95207818  1.76382724  1.68929441  5.01109908  1.90945839
  5.86803377] 2.0446961941109508e-06 True
basinhopping step 6: f 6.7355e-06 trial_f 6.7355e-06 accepted 1  lowest_f 1.68385e-06
[0.3709701  4.46260598 3.09626592 3.73733714 5.97896863 0.12723095
 3.91374366 1.39252311 1.38559348 4.0783265  5.68769855 4.71714268
 0.36930909 3.27000746 3.84052612 1.13354081 0.28607376 0.94505387
 6.70304871 2.34585961 0.82628776 1.31868743 4.94254762 1.60171501
 5.34387948] 6.735501417284262e-06 True
basinhopping step 7: f 5.14861e-06 trial_f 5.14861e-06 accepted 1  lowest_f 1.68385e-06
[ 0.40416554  4.84102759  3.3618069   3.93074858  6.08028736 -0.02549772
  3.85391521  1.10268909  1.68277344  3.76318226  5.14895756  4.59921356
  0.34047715  3.54568441  3.68417305  1.43280647  0.46769167  0.77536052
  6.49966616  1.76423396  1.10900162  0.98917323  4.99044052  2.23587891
  5.07226364] 5.148605942628359e-06 True
basinhopping step 8: f 4.93074e-06 trial_f 4.93074e-06 accepted 1  lowest_f 1.68385e-06
[0.29507962 4.68868158 3.40935628 3.47531624 5.94644087 0.09101971
 3.84524924 1.1306821  1.58536304 3.708518   5.3506036  4.42426456
 0.31936293 3.37784315 3.39802764 1.39378392 0.6112948  0.9842861
 6.75990023 2.57465556 0.63619304 1.25443235 4.75164657 1.75872405
 5.1597656 ] 4.930735811005093e-06 True
basinhopping step 9: f 5.45622e-06 trial_f 5.45622e-06 accepted 1  lowest_f 1.68385e-06
[0.17520912 4.08590475 3.36420625 3.30520122 6.08492624 0.29149239
 3.68251853 1.08085412 1.98113232 3.9393556  5.53627016 4.05574404
 0.37351055 3.65894223 3.28538564 1.2942602  1.13867976 0.77049451
 6.30802861 2.13691084 0.35678751 1.48020932 4.51756674 1.91325475
 5.3204893 ] 5.456224235370857e-06 True
basinhopping step 10: f 3.82457e-06 trial_f 3.82457e-06 accepted 1  lowest_f 1.68385e-06
[ 0.38826627  4.42185689  3.90772254  3.42218072  6.15794268 -0.09115646
  3.66514863  0.53307327  2.50931102  3.90065925  5.75747465  3.75254595
 -0.03351451  3.49345242  3.35350887  1.68080849  1.06182403  0.54371177
  5.9868998   2.46668415 -0.03126379  1.73504303  5.38252718  2.72901999
  5.2329751 ] 3.82457401815135e-06 True
basinhopping step 11: f 1.5081e-06 trial_f 1.5081e-06 accepted 1  lowest_f 1.5081e-06
found new global minimum on step 11 with function value 1.5081e-06
[0.60797228 4.58970981 4.03437057 3.68391382 6.18047706 0.04181257
 3.80343585 0.75000594 2.7554588  3.79434976 5.86131955 4.12448559
 0.2274997  3.70894117 3.47694675 1.41714413 1.27599599 0.25223509
 6.03986331 2.67617801 0.06309951 1.74862765 5.44575872 2.84326289
 5.45527223] 1.5080993060730632e-06 True
basinhopping step 12: f 1.43881e-06 trial_f 1.43881e-06 accepted 1  lowest_f 1.43881e-06
found new global minimum on step 12 with function value 1.43881e-06
[1.15115482 4.65120021 3.64752283 3.55763309 5.88891942 0.42281058
 4.07963689 1.07998329 3.17958939 3.90165868 5.88910643 3.96204441
 0.08124714 3.05726359 3.7327729  1.28512009 0.79812625 0.42730167
 6.36408978 2.51080951 0.19525515 1.80974507 5.39346983 2.88936528
 5.48211979] 1.4388112366149254e-06 True
basinhopping step 13: f 1.51884e-06 trial_f 1.51884e-06 accepted 1  lowest_f 1.43881e-06
[1.48421956 4.87358346 4.15021932 3.41011918 5.94184913 0.35457956
 4.30523615 0.74875669 3.30800515 3.79508925 6.18710275 3.92649025
 0.64382832 3.02284144 3.51015425 1.00791946 0.3761812  0.56755379
 6.19090369 2.55809378 0.17826641 1.82738413 5.00065119 2.34926635
 5.94827113] 1.5188381538460694e-06 True
basinhopping step 14: f 3.74137e-06 trial_f 3.74137e-06 accepted 1  lowest_f 1.43881e-06
[ 1.60175639  4.79596272  3.8773544   3.51633812  6.1829111  -0.12560677
  4.21360469  0.71192655  4.12569955  4.01402851  6.17398904  3.97914067
  0.69986338  3.13659537  3.5931988   0.53012003  0.68188287  0.26743621
  6.05056579  2.2354058   1.02950231  1.97549028  5.3899632   2.8762158
  5.82436439] 3.741366165192682e-06 True
basinhopping step 15: f 4.87959e-06 trial_f 4.87959e-06 accepted 1  lowest_f 1.43881e-06
[1.49564296 4.43707117 3.57779461 3.47852802 6.28235497 0.38830383
 4.56129203 0.82169794 4.54878369 3.9423919  6.04283487 3.42289249
 0.879174   3.51487767 3.5765717  0.09508026 1.00857157 0.19853191
 6.171964   1.98521237 1.07957339 2.4628056  5.05849083 2.69974659
 5.94169603] 4.879588452124024e-06 True
basinhopping step 16: f 4.17694e-06 trial_f 4.17694e-06 accepted 1  lowest_f 1.43881e-06
[1.80950141 4.55380949 4.0591332  4.04941109 5.89241792 0.54480175
 4.04761065 0.07707762 4.38475493 3.24689397 6.00168991 2.9021108
 0.86345965 2.97924216 3.17095933 0.20055726 1.04417844 0.4649045
 6.35295862 2.22815079 0.56362247 2.69436271 4.66965348 2.78911798
 6.04317566] 4.176942947313234e-06 True
basinhopping step 17: f 2.83981e-06 trial_f 2.83981e-06 accepted 1  lowest_f 1.43881e-06
[ 2.30801601  4.71354592  3.93681144  4.33058175  5.81436654  0.98640604
  3.8716544  -0.02158711  3.90105251  3.43637321  6.24592062  2.50711665
  0.70009865  2.77348713  2.77128073  0.28299312  1.29552603  0.27878995
  5.88752779  2.62579498  0.61993573  2.3584078   5.56974238  3.01741716
  6.06717114] 2.839809442373194e-06 True
basinhopping step 18: f 6.40273e-06 trial_f 6.40273e-06 accepted 1  lowest_f 1.43881e-06
[ 2.51683744  3.88448457  4.24491056  4.47531125  6.78078978  1.46658175
  3.92336135  0.45067627  4.15887183  3.70565366  5.92521042  2.35807023
  0.86398042  2.50592935  2.54963111 -0.27652592  1.02725138  0.19295362
  5.82362581  3.34854118  0.24376792  1.68640286  6.29269587  3.80377351
  6.33038278] 6.40272775041633e-06 True
basinhopping step 19: f 3.21391e-06 trial_f 3.21391e-06 accepted 1  lowest_f 1.43881e-06
[ 3.40804969  3.81249733  4.42346088  3.97275313  6.54802694  1.07145074
  3.05171062 -0.13485487  3.48257252  3.77166248  5.62870058  2.41690073
  1.38970345  2.43875847  2.15449134 -0.43163505  0.04906444 -0.0432129
  5.68236382  3.6114981  -0.5061891   2.28042238  5.67978118  3.74992339
  6.87933912] 3.213906118537113e-06 True
basinhopping step 20: f 9.1633e-06 trial_f 9.1633e-06 accepted 1  lowest_f 1.43881e-06
[ 3.17063426  4.27669869  4.729367    4.08498146  6.3966166   0.45000157
  3.42259319  0.17029914  3.90833924  3.25832165  5.44409141  2.41075821
  1.74075901  2.1958686   1.76618356 -0.03733435  0.42422712  0.12979169
  5.50765517  3.23306322 -0.34151138  2.15856825  6.08291606  3.92928052
  6.32242435] 9.163297458167827e-06 True
basinhopping step 21: f 4.02464e-06 trial_f 4.02464e-06 accepted 1  lowest_f 1.43881e-06
[3.51000389 4.5369309  3.9481219  4.2016048  6.01611688 0.77266158
 3.09268146 0.46829373 3.51818095 3.18444638 5.52596036 2.16170706
 2.14944154 1.77531309 2.09440854 0.25775999 0.04659511 0.45501614
 5.7488782  3.11687246 0.11462694 1.70149995 6.00152437 3.51552016
 5.93995018] 4.0246401681565465e-06 True
basinhopping step 22: f 4.52477e-06 trial_f 4.52477e-06 accepted 1  lowest_f 1.43881e-06
[ 3.96257439  4.93631964  4.44392233  4.05272605  5.92847706  0.41557604
  2.83714887  0.2911717   3.16600229  3.46213117  6.11630931  2.23763796
  2.86718286  1.72086256  2.89091897 -0.287701   -0.25424503  0.69445919
  5.66009326  2.35411753  0.88826699  2.26244671  5.60556313  3.43813553
  5.36993544] 4.524771571272534e-06 True
basinhopping step 23: f 4.89139e-06 trial_f 4.89139e-06 accepted 1  lowest_f 1.43881e-06
[ 3.44122103  5.61289253  4.05075747  3.68509474  6.17870177  0.40190675
  4.30594056  0.61798492  3.43328325  2.85612522  6.23202117  2.2215829
  3.21057742  1.14219682  3.28430914 -0.24157596 -0.24304736  0.73939169
  6.09620634  2.44157386  1.53318732  2.45734028  4.99509352  3.61690326
  5.06043596] 4.891393816329212e-06 True
basinhopping step 24: f 4.03484e-06 trial_f 4.03484e-06 accepted 1  lowest_f 1.43881e-06
[ 3.41703687  4.23708275  3.2517937   4.07891198  6.55427498  0.82849227
  4.84902313  0.95688029  3.29815861  2.81230001  5.90876849  2.36378507
  2.62779714 -0.59000878  2.40056981 -0.41781418  0.52895615  0.93265921
  6.44321722  2.97405562  2.6689353   3.00808795  5.31229282  3.60021013
  4.99809457] 4.034837214975559e-06 True
basinhopping step 25: f 1.66912e-06 trial_f 1.66912e-06 accepted 1  lowest_f 1.43881e-06
[ 4.55409422  3.98040774  3.31728084  3.99191049  6.37757201  1.24820732
  5.26823384  0.61831816  3.24572107  2.92879376  6.02055414  2.10371578
  2.52018084 -0.05951689  2.27349203  0.51657395  0.08707263  0.5659367
  6.14919417  2.23478282  3.01583926  2.52046718  5.73153239  3.00651258
  4.90662308] 1.6691203751891517e-06 True
basinhopping step 26: f 1.87499e-05 trial_f 1.87499e-05 accepted 1  lowest_f 1.43881e-06
[4.51095141 4.55716218 3.00922113 4.57522779 6.05467121 0.7074366
 5.76450676 0.28682619 3.23480554 3.49679165 5.94588743 2.84488848
 3.15304276 0.11828084 2.61400224 0.92248653 0.46765513 0.91082455
 5.99342807 2.19289363 2.96119827 1.98137595 5.82233756 2.31181787
 4.69971665] 1.8749863890602696e-05 True
basinhopping step 27: f 3.91394e-06 trial_f 3.91394e-06 accepted 1  lowest_f 1.43881e-06
[ 4.12523713  4.0200204   2.63619683  4.05990111  5.78903726 -0.36067767
  6.22743081  0.75422041  3.48122003  3.65351054  6.98303189  3.19444047
  2.73079354 -0.29925419  2.49418866  0.46163473  0.37840306  1.29727077
  6.25861232  2.63550895  2.98353926  2.22761556  5.58111835  1.99588044
  4.36278741] 3.9139392005166535e-06 True
basinhopping step 28: f 2.79554e-06 trial_f 2.79554e-06 accepted 1  lowest_f 1.43881e-06
[ 3.72834605  4.10584144  2.31635526  3.97452728  6.67850184  0.4707809
  7.1314968   1.85320635  3.71098585  3.36012467  6.60001286  3.77830179
  3.5240322   0.01244164  2.63302293  0.38001857 -0.72979532  0.94125504
  6.55489362  2.53031276  2.45115347  2.62849516  4.86730594  1.76885826
  3.72107272] 2.7955426530450865e-06 True
basinhopping step 29: f 1.12375e-05 trial_f 1.12375e-05 accepted 1  lowest_f 1.43881e-06
[ 3.50896893  4.57537215  2.5778225   3.64316576  6.24600549  0.98266052
  6.63933946  1.75391479  4.0414638   3.78956594  5.88766912  3.53202856
  3.30121662  0.46213374  2.66323798  0.57822349 -0.22886927  1.33938304
  6.18079243  2.97502199  2.55621375  2.38938101  4.68457855  1.95152357
  3.57767654] 1.1237454592647553e-05 True
basinhopping step 30: f 5.08874e-06 trial_f 5.08874e-06 accepted 1  lowest_f 1.43881e-06
[3.65336539 4.42687321 1.98500758 3.71907546 5.76679403 0.74505932
 6.23585976 1.95114547 4.28522449 3.47496574 6.12268563 3.14640461
 3.45722593 0.47422574 3.2195041  0.50901401 0.0313645  1.77870366
 6.48416023 3.06344177 2.56418215 2.87781456 5.31627248 2.26477389
 4.33056437] 5.088741083804588e-06 True
basinhopping step 31: f 4.97428e-06 trial_f 4.97428e-06 accepted 1  lowest_f 1.43881e-06
[3.57973969 4.23804106 2.2414781  3.94913123 6.00371418 0.87694011
 6.14748807 2.44774126 4.19481607 2.93306641 6.50776219 3.80574779
 3.37842863 0.23983667 2.9224362  0.55343294 0.06579988 2.07423321
 6.21692908 2.49654203 2.82831383 3.04556353 5.082349   1.97210347
 4.3852972 ] 4.974284759319033e-06 True
basinhopping step 32: f 2.14702e-06 trial_f 2.14702e-06 accepted 1  lowest_f 1.43881e-06
[3.64742831 3.86776173 1.94478586 3.8128615  5.96875944 0.56766256
 5.96560261 2.0923345  3.8844951  2.84197937 5.58002269 3.43767973
 3.07964885 0.57969436 2.70931008 0.53138602 0.3482008  2.56176278
 5.79338778 2.97442671 3.01728798 2.50407289 4.69025364 2.17554964
 4.70453462] 2.14702078507794e-06 True
basinhopping step 33: f 6.21379e-06 trial_f 6.21379e-06 accepted 1  lowest_f 1.43881e-06
[3.78510932 4.23714166 1.88869408 3.84856636 6.08564323 0.18559401
 6.21529294 1.98767934 3.67469984 3.03748085 5.65867497 3.95769242
 3.57810539 0.78581101 2.83048529 0.06305422 0.54486539 2.04794761
 6.39494056 3.32596049 3.17917244 2.59995046 4.7874591  2.45809676
 5.17602581] 6.213794752994909e-06 True
basinhopping step 34: f 2.77796e-06 trial_f 2.77796e-06 accepted 1  lowest_f 1.43881e-06
[3.86885168 4.12818605 1.7674558  3.98156925 6.18460678 0.65929789
 5.91863775 1.57657829 3.41251944 2.97732374 6.53886054 3.73823514
 3.89598356 0.95403149 2.89472864 0.43265682 0.62736671 2.64633018
 6.22294162 3.29127921 3.24654914 2.28574014 4.75552406 2.72659526
 5.1124062 ] 2.7779587748240357e-06 True
basinhopping step 35: f 6.11893e-06 trial_f 6.11893e-06 accepted 1  lowest_f 1.43881e-06
[4.03220131 4.41890901 2.08602433 3.69286662 5.90912494 0.94277964
 5.66120239 1.67806991 3.14478883 3.20765828 6.26209602 3.39243092
 3.97954303 0.84194905 3.05814014 0.2479041  0.05571254 2.45540131
 6.07604913 3.51602501 3.2126395  2.94605031 5.2601809  2.2560149
 4.79142495] 6.11892707055549e-06 True
basinhopping step 36: f 4.28128e-06 trial_f 4.28128e-06 accepted 1  lowest_f 1.43881e-06
[3.66113074 3.79714209 1.48114612 3.70677208 5.70738835 0.56587547
 5.05774794 1.73531819 3.19939676 3.76885669 6.25796663 3.4846182
 3.70167672 1.11051508 3.01688126 0.78318108 0.25915257 2.80173777
 5.6439839  3.52843616 3.04755489 3.22422682 5.51436087 2.19248875
 4.67072233] 4.281282257037498e-06 True
basinhopping step 37: f 1.80465e-05 trial_f 1.80465e-05 accepted 1  lowest_f 1.43881e-06
[ 3.54052539  3.78724616  1.79880751  3.84177945  5.84598394 -0.11831998
  5.52770619  2.3303668   3.22247491  4.26661362  5.87142267  3.61289643
  3.76561305  0.9699249   2.93273364  0.70185478  0.37527587  2.44653654
  5.51946629  3.48557141  2.56455365  3.05977576  5.37328638  2.58491112
  4.80138436] 1.80465035669227e-05 True
basinhopping step 38: f 5.12347e-06 trial_f 5.12347e-06 accepted 1  lowest_f 1.43881e-06
[3.41024249 3.49675392 1.02003175 3.19425718 6.06221272 0.22336822
 5.52752635 2.81790785 3.22474721 3.88021179 6.05494783 3.95798022
 3.98722747 1.13110987 2.37722456 1.07987845 0.10424151 2.68705665
 5.98628695 3.11161588 1.55006505 2.55172729 5.519141   2.32945382
 5.03996984] 5.12346937034969e-06 True
basinhopping step 39: f 1.2734e-05 trial_f 1.2734e-05 accepted 1  lowest_f 1.43881e-06
[3.6390475  3.85573044 1.17584568 3.34350055 5.81403462 0.31914792
 5.42027493 3.08561027 3.42188416 3.58211445 6.00403822 4.08405207
 4.57306688 1.00215162 2.22239807 0.70472865 0.31609138 3.07685642
 5.62504041 2.88856333 1.02954701 2.97245339 5.4300882  2.73131555
 5.09712758] 1.2733987452618769e-05 True
basinhopping step 40: f 4.72156e-06 trial_f 4.72156e-06 accepted 1  lowest_f 1.43881e-06
[3.95653045 3.83792297 1.13715419 3.14658129 6.08771977 0.42938339
 4.75987876 3.20740552 3.28219987 3.45453186 5.78175103 3.8615927
 4.05716676 1.06010315 2.60180961 0.90240673 0.53985119 2.81115283
 5.48863535 2.96345745 0.33160933 2.78675747 5.03090954 2.80501983
 5.0180831 ] 4.7215600458935635e-06 True
basinhopping step 41: f 1.92082e-06 trial_f 1.92082e-06 accepted 1  lowest_f 1.43881e-06
[4.49360536 3.81400523 0.55614339 3.11144409 6.08830891 0.57794212
 4.44807674 3.1246545  3.26466177 3.31104498 5.36500244 3.6343752
 3.68074348 1.18445428 2.61330876 0.70471732 0.2431296  2.93453626
 5.91618398 2.77813962 0.19391472 2.45200345 4.76966778 2.51311148
 4.65829936] 1.9208186155791175e-06 True
basinhopping step 42: f 1.14713e-05 trial_f 1.14713e-05 accepted 1  lowest_f 1.43881e-06
[3.69432353 3.97527098 0.80354916 3.1241092  5.62347063 0.26440093
 4.33441824 3.02582332 3.41832346 3.27068965 5.35681261 3.63034332
 3.79199518 0.87741062 2.18684889 0.92025394 0.22259778 2.61672808
 6.17966954 2.37622724 0.48794837 2.37995675 4.68364924 2.92556586
 5.24950984] 1.147130256207866e-05 True
basinhopping step 43: f 9.95597e-06 trial_f 9.95597e-06 accepted 1  lowest_f 1.43881e-06
[2.86956803 4.03747059 0.79585357 3.48378239 6.09678272 0.60095959
 3.99366137 3.01963108 3.51687122 2.8733173  5.45924076 3.14838414
 3.7737828  0.67815973 2.36380041 0.66073499 0.45122545 2.51079396
 5.92841144 2.11024892 0.819723   1.99487526 4.88763649 3.01378595
 5.38776835] 9.95596839423711e-06 True
basinhopping step 44: f 3.00528e-06 trial_f 3.00528e-06 accepted 1  lowest_f 1.43881e-06
[2.96155918 3.83531115 0.6886994  3.61466948 5.7777957  0.26969857
 4.14240192 3.79586413 3.49600971 2.88024643 5.59340073 3.22113214
 3.17056258 0.35146186 2.52012052 0.24445655 0.23477919 2.07306536
 5.93606381 1.73905463 0.58898741 1.95351093 4.90540028 2.839764
 4.84933785] 3.0052832722391023e-06 True
basinhopping step 45: f 3.27714e-06 trial_f 3.27714e-06 accepted 1  lowest_f 1.43881e-06
[2.78073085 3.86520657 0.52829439 3.47813985 5.96708004 0.55685026
 4.12954433 3.53926822 3.5258363  2.72163521 5.42769375 3.31132899
 3.00422223 0.05012014 2.56655212 0.41364842 0.15472455 1.99284508
 6.27674982 1.78825889 0.47282291 2.40910858 4.77415413 2.27497247
 4.76190421] 3.277140216940679e-06 True
basinhopping step 46: f 3.66301e-06 trial_f 3.66301e-06 accepted 1  lowest_f 1.43881e-06
[3.34833459 4.17189942 0.67706972 3.68668628 6.23459952 0.6505139
 4.19999278 3.87575745 3.71166739 2.79991684 5.22869932 3.1980063
 3.02559409 0.57442283 2.85500576 0.42510812 0.06333695 2.2969911
 5.99786293 1.26385331 0.16308487 2.11558881 4.4986021  2.5980594
 4.93038751] 3.6630094031145475e-06 True
basinhopping step 47: f 3.83785e-06 trial_f 3.83785e-06 accepted 1  lowest_f 1.43881e-06
[3.25532084 3.99676219 0.85560323 3.87131757 6.0809066  0.6230607
 4.3508454  3.85857546 3.43522091 2.86688014 5.32012939 3.46985229
 3.25686113 0.58970244 3.00905909 0.3933548  0.07108469 2.14064958
 5.7445637  1.22228326 0.5462253  2.32862406 4.67876266 2.75299348
 5.206051  ] 3.8378494067020325e-06 True
basinhopping step 48: f 6.5467e-06 trial_f 6.5467e-06 accepted 1  lowest_f 1.43881e-06
[2.9145306  3.6887908  0.78290684 3.94631235 5.5416111  0.45753035
 4.27415947 3.18598631 3.44967685 3.33419882 5.49055271 3.40634076
 3.35509384 0.06440332 3.10704717 0.52868296 0.36903883 2.16292268
 5.36069668 1.54414661 0.82935399 2.55460301 4.98378807 2.72792432
 5.30753011] 6.546703607771982e-06 True
basinhopping step 49: f 9.72288e-06 trial_f 9.72288e-06 accepted 1  lowest_f 1.43881e-06
[2.86845384 3.97039494 0.87381232 3.67492745 5.98685927 0.51431634
 4.10216206 3.01202114 3.73076622 3.58263485 5.30652168 2.9974677
 3.57557596 0.16382857 2.85314122 0.44414877 0.3297388  2.31088466
 5.47219864 1.27303327 1.00951018 2.14553195 5.38299541 2.99330217
 5.27367146] 9.722883294348752e-06 True
adaptive stepsize: acceptance rate 0.980000 target 0.500000 new stepsize 0.555556 old stepsize 0.5
basinhopping step 50: f 7.39511e-07 trial_f 7.39511e-07 accepted 1  lowest_f 7.39511e-07
found new global minimum on step 50 with function value 7.39511e-07
[ 2.4382024   4.56963149  1.20043537  4.38107705  6.61598395  0.78174194
  3.77130797  3.34270366  3.99423383  2.95227166  5.41942656  3.01951554
  3.3811167   0.10272664  3.0842453  -0.34920723  0.49444941  2.70364531
  6.41791856  1.2655709   0.65889884  3.08484363  5.73097418  2.74206916
  5.3270143 ] 7.395109744021907e-07 True
basinhopping step 51: f 7.01928e-06 trial_f 7.01928e-06 accepted 1  lowest_f 7.39511e-07
[ 3.07659290e+00  4.28739085e+00  1.30211250e+00  4.35373545e+00
  6.16665662e+00  1.20657709e+00  4.01790701e+00  3.05670399e+00
  4.08310777e+00  3.27039607e+00  5.40625987e+00  2.56313922e+00
  3.14648088e+00 -5.97122779e-03  3.16563287e+00  7.36685992e-02
  2.66176694e-01  2.22755168e+00  6.29792535e+00  1.57450965e+00
  1.16759019e-01  3.45856734e+00  5.36178590e+00  3.08125251e+00
  5.29972762e+00] 7.019277300315446e-06 True
basinhopping step 52: f 8.23397e-06 trial_f 8.23397e-06 accepted 1  lowest_f 7.39511e-07
[3.59186516 2.98538529 1.89664057 4.43763768 6.10761485 2.42724811
 3.32571286 2.7549934  4.15377967 3.03678116 6.62403683 2.65451753
 3.74316805 0.63042343 3.06184145 0.93661276 0.27741092 2.33274357
 5.48314523 2.31685102 0.76816194 2.37655215 5.46462674 2.5167008
 5.20321728] 8.23397035063981e-06 True
basinhopping step 53: f 9.17067e-06 trial_f 9.17067e-06 accepted 1  lowest_f 7.39511e-07
[ 4.45973278  3.51099184  1.86194299  3.61345609  6.28912949  3.12112912
  3.8685183   2.27324679  4.31616388  3.16400055  6.21671442  3.18776608
  3.84656242 -0.27949143  3.58716554  0.5103839   0.14481012  2.02242044
  5.46275398  3.01340119  0.26770465  3.0691318   5.04350062  1.83668952
  5.31010829] 9.170674657149017e-06 True
basinhopping step 54: f 4.26148e-06 trial_f 4.26148e-06 accepted 1  lowest_f 7.39511e-07
[5.14693724 4.25487471 2.12258704 2.64961056 5.53240072 2.52726622
 3.32958606 2.76377427 4.35009829 2.63148472 5.66938818 3.13764139
 3.71653484 0.34581926 4.01145506 0.35930657 0.33789958 2.08518308
 5.62046117 3.06563854 0.06288249 3.065084   5.01231577 1.5546984
 6.1923899 ] 4.261483164225112e-06 True
basinhopping step 55: f 4.22634e-06 trial_f 4.22634e-06 accepted 1  lowest_f 7.39511e-07
[ 5.22582594  3.72812489  2.19714007  2.5433423   5.25602703  2.72056774
  2.93014304  2.58239858  4.74505907  2.35844258  6.40655381  3.46826717
  3.94978031  0.78335952  3.40197578  0.16846862  0.765228    2.66621469
  5.81983249  3.24522802 -0.13725563  2.9239811   4.43053105  1.5928494
  6.43014627] 4.226335257469091e-06 True
basinhopping step 56: f 4.22669e-06 trial_f 4.22669e-06 accepted 1  lowest_f 7.39511e-07
[5.13919396 3.938866   2.26479311 2.96836767 5.38491741 2.38434962
 3.03801149 2.81196806 5.00815657 2.36618636 6.10636518 3.80903662
 3.44236805 1.19739137 3.52887676 0.32003264 0.75961773 3.10290292
 5.87572868 2.92706321 0.25377779 2.52604357 4.00647269 1.2862614
 6.07455974] 4.226691692028602e-06 True
basinhopping step 57: f 3.60865e-06 trial_f 3.60865e-06 accepted 1  lowest_f 7.39511e-07
[4.92735501 3.85835028 2.00020051 2.44185015 4.967429   2.5157175
 2.68984331 3.13400722 5.8106438  2.29073767 5.74592275 3.72433217
 3.38861331 1.48564531 3.13712955 0.23229548 0.89103745 3.25774412
 5.7824738  3.07443822 0.00873331 2.24105868 3.81533209 1.78094246
 5.62820954] 3.6086459180798587e-06 True
basinhopping step 58: f 3.876e-06 trial_f 3.876e-06 accepted 1  lowest_f 7.39511e-07
[4.77264484 3.90415854 1.80266041 2.63560515 5.14834854 2.64656952
 2.82921237 2.96696588 5.58251299 2.33767623 5.49004651 3.08540106
 3.61396723 1.65923368 3.53776285 0.50469203 0.7987553  2.93547316
 5.63875085 3.34632239 0.64681801 3.21373237 3.43774422 2.44018984
 5.44025643] 3.876003889332888e-06 True
basinhopping step 59: f 1.05465e-05 trial_f 1.05465e-05 accepted 1  lowest_f 7.39511e-07
[4.80843834 4.359194   2.23512756 2.3630824  4.58350024 2.05853924
 2.3489383  3.41741614 5.91004336 2.9570839  5.12247176 2.78524064
 3.31442282 1.99684559 3.57159922 0.06980026 0.95484088 2.70668306
 5.61418754 2.74792307 1.36437462 2.70594193 3.13759391 2.11158481
 4.59289548] 1.0546537241261581e-05 True
basinhopping step 60: f 1.10871e-05 trial_f 1.10871e-05 accepted 1  lowest_f 7.39511e-07
[4.7942337  4.7395164  2.1204444  2.57144555 5.39204005 1.68616905
 2.03689019 4.28559213 5.31935024 2.85104533 5.82293231 3.04460688
 3.63680237 1.6163934  3.54491055 0.15778872 1.14337639 3.14919852
 6.2678542  2.42758797 1.87393914 2.66688431 3.13139669 2.22751028
 5.08678229] 1.1087130049630787e-05 True
basinhopping step 61: f 1.67989e-06 trial_f 1.67989e-06 accepted 1  lowest_f 7.39511e-07
[ 5.13832304  4.5489816   1.62005753  1.82655761  5.55335044  2.09590194
  1.60256631  4.02203937  4.77144082  2.52754661  6.04647204  2.86691039
  3.30478376  1.16882985  3.17814646 -0.22032172  1.70364444  3.07587606
  5.64593513  2.92730235  2.12966681  3.18815591  2.89738828  2.39645809
  5.11183867] 1.6798862831633223e-06 True
basinhopping step 62: f 5.47534e-06 trial_f 5.47534e-06 accepted 1  lowest_f 7.39511e-07
[5.41061647 4.65194364 1.93159741 1.47619891 4.94402875 2.13469007
 1.74021462 4.06899876 4.53257734 1.9916716  5.97558882 2.92978465
 3.36087422 0.94896833 2.80290803 0.0776987  1.95947132 2.71673678
 6.08066271 2.72109073 1.72846625 3.35827281 2.87224429 2.28856687
 5.38351375] 5.475335122525828e-06 True
basinhopping step 63: f 8.29036e-06 trial_f 8.29036e-06 accepted 1  lowest_f 7.39511e-07
[5.37637629 4.51517374 1.41123116 1.95856778 5.09657223 2.54775659
 1.86160299 3.54654971 4.48121319 2.03125351 6.08027796 2.59341856
 3.22422572 1.01927847 3.21595447 0.46035332 2.21210337 2.69755473
 5.51002114 2.72291364 1.64504481 3.36351454 2.83268332 1.9587975
 5.79194267] 8.290357374760537e-06 True
basinhopping step 64: f 1.42671e-05 trial_f 1.42671e-05 accepted 1  lowest_f 7.39511e-07
[ 5.20358456  4.60652549  1.11803277  2.01079845  4.82223726  2.8957526
  2.05450984  3.64088428  4.94787859  1.83080041  5.75654422  3.08573067
  3.37686602  1.3267727   3.10439443 -0.08082851  1.77766539  2.69280804
  5.55795079  3.1172475   1.42800767  2.92623601  2.29823433  1.90998693
  5.95775013] 1.4267109799686491e-05 True
basinhopping step 65: f 4.23704e-06 trial_f 4.23704e-06 accepted 1  lowest_f 7.39511e-07
[5.42797884 4.32824441 0.90074562 1.88511513 5.20568661 2.53382755
 1.82527255 3.75972421 4.81743984 2.03301199 5.34792393 2.68814912
 3.04450405 0.81842577 3.12501002 0.1293537  1.7421898  3.07844648
 5.47247112 2.73047801 0.81099069 2.61979438 1.99416974 2.45032527
 5.77847953] 4.2370404815287426e-06 True
basinhopping step 66: f 1.15662e-05 trial_f 1.15662e-05 accepted 1  lowest_f 7.39511e-07
[5.49108176 5.29952208 1.19315136 1.54937053 4.86508464 2.29707699
 1.63161835 3.88070016 4.95276275 1.91944283 5.06703594 2.67761504
 2.98267863 0.83092696 3.21443155 0.34503526 1.25517733 3.24174856
 5.50029106 2.18789799 0.18260491 2.27899508 2.77567249 2.01047262
 5.71687835] 1.156615654141116e-05 True
basinhopping step 67: f 9.05784e-06 trial_f 9.05784e-06 accepted 1  lowest_f 7.39511e-07
[ 5.97915181  5.54996977  0.96268372  1.25950781  4.80453704  2.56354074
  1.57051766  4.00589647  4.59230442  1.767658    5.34776265  2.28423659
  2.48913858 -0.01114411  2.61285003  0.81767586  1.01373837  3.05887291
  5.78114499  2.33193598  0.65157908  2.2792888   2.31954131  2.13006322
  5.72682438] 9.057837019369332e-06 True
basinhopping step 68: f 2.66568e-06 trial_f 2.66568e-06 accepted 1  lowest_f 7.39511e-07
[ 5.88241233e+00  5.40619154e+00 -3.38120673e-03  5.85187968e-01
  3.98783795e+00  3.05807551e+00  1.87460372e+00  3.57021985e+00
  5.27754383e+00  1.62378905e+00  6.09803766e+00  3.35274203e+00
  3.37083076e+00  2.20244810e-02  3.25379934e+00  6.71933371e-01
  2.80963067e-01  2.56540714e+00  5.91692319e+00  2.31030157e+00
  1.59816061e+00  2.28842975e+00  1.87523148e+00  2.19946312e+00
  6.01268053e+00] 2.665682461400972e-06 True
basinhopping step 69: f 5.04891e-06 trial_f 5.04891e-06 accepted 1  lowest_f 7.39511e-07
[ 6.07174818  5.86595237  0.44300971  0.48492735  3.54347656  3.49051649
  2.10873835  3.40080771  5.62937271  1.34453297  5.44158262  2.72373503
  3.5468859  -0.06406824  3.4736519   1.12612013  0.57592652  3.17598874
  5.9365843   1.98443908  2.01362136  2.43646323  1.75903952  2.35880282
  5.68515675] 5.0489144729840965e-06 True
basinhopping step 70: f 8.62117e-06 trial_f 8.62117e-06 accepted 1  lowest_f 7.39511e-07
[ 5.5875151   5.63118473 -0.14926759  0.03779385  4.01841349  4.20491141
  3.18748878  3.36923075  5.34420912  1.31203105  5.6694055   3.7156126
  3.62233224  0.81029086  3.71447092  0.46494956  1.03096664  2.97302271
  6.41324466  0.95784729  1.79968224  3.53067934  2.15582868  0.69616718
  4.56064597] 8.621166859857414e-06 True
basinhopping step 71: f 9.91165e-06 trial_f 9.91165e-06 accepted 1  lowest_f 7.39511e-07
[5.11363482 5.77813252 0.60616374 0.26888221 3.96381814 3.77172378
 3.03764442 3.12889807 5.67802316 1.77078626 5.76868633 3.1843547
 3.05475466 0.88457155 3.34749999 0.47079507 0.53503747 2.47579177
 6.42470924 0.8437826  1.54338893 3.81667069 2.13949337 0.78378721
 4.4697185 ] 9.911653497563493e-06 True
basinhopping step 72: f 1.34617e-05 trial_f 1.34617e-05 accepted 1  lowest_f 7.39511e-07
[5.27584203 5.2036724  0.30876457 0.19419575 4.31709717 3.89524287
 2.70383632 2.79455376 5.4863749  2.14532261 5.57800051 3.2850124
 3.72036932 0.67155107 3.95655904 0.23071985 0.51661276 2.76145663
 6.17144374 0.71680168 1.37223934 3.4887459  1.57291336 0.30217932
 3.79657931] 1.3461691665975696e-05 True
basinhopping step 73: f 5.03297e-06 trial_f 5.03297e-06 accepted 1  lowest_f 7.39511e-07
[ 4.99270286  6.06102265  0.61144285  0.19639443  3.85263594  3.24103491
  2.66323168  2.75946946  5.60526569  1.88082059  5.84552699  3.25481958
  3.80667566  0.16698763  3.97296195  0.22672597 -0.12816634  2.56240762
  6.03929437  1.19897547  0.83336167  3.53332018  1.46159308  0.85409634
  4.45284763] 5.032971517218749e-06 True
basinhopping step 74: f 3.7647e-06 trial_f 3.7647e-06 accepted 1  lowest_f 7.39511e-07
[ 4.76830153e+00  5.93961513e+00  8.14045332e-01 -1.37831335e-01
  3.07350508e+00  3.45773888e+00  2.34609245e+00  3.02441414e+00
  5.95905726e+00  1.63509094e+00  5.88059584e+00  3.51078163e+00
  3.55755854e+00 -4.99114494e-04  3.77917733e+00  3.32766812e-01
  2.14117055e-01  2.94024945e+00  5.93230043e+00  9.22561204e-01
  1.32064186e+00  3.63881833e+00  1.66590515e+00  9.98187776e-01
  4.87660727e+00] 3.7646984498660627e-06 True
basinhopping step 75: f 3.42846e-06 trial_f 3.42846e-06 accepted 1  lowest_f 7.39511e-07
[ 4.63925385  5.79565436  0.83212613 -0.06278739  2.62961132  3.13280481
  2.51071517  3.26339746  5.99082708  1.95607167  5.79346925  3.11886443
  3.76534976  0.26849211  3.24455194  0.17443694  0.08176305  3.1127616
  5.37760853  0.55299228  1.23822206  3.3289351   1.51238495  1.17550297
  4.58336701] 3.4284581076786276e-06 True
basinhopping step 76: f 4.15079e-06 trial_f 4.15079e-06 accepted 1  lowest_f 7.39511e-07
[ 6.05425901  6.20369669  0.31369    -0.40387387  2.89288789  1.89879985
  2.80947268  2.87810688  5.35446086  1.71659883  5.83820577  2.90459153
  4.0041462   0.57876816  3.18589317  0.61854265  0.73456331  3.61769737
  6.22164887 -0.01113878  1.98917614  3.10440169  1.34064867  1.26803136
  4.2562509 ] 4.150792580764731e-06 True
basinhopping step 77: f 4.99863e-06 trial_f 4.99863e-06 accepted 1  lowest_f 7.39511e-07
[ 5.47260866  6.24995537  0.4264927  -0.1311615   3.1586164   2.23140069
  3.23569335  2.47132009  5.00465222  2.34353817  5.7985644   2.68419678
  3.85355071  0.80300931  2.93876614  0.78390868  0.30081245  3.63238695
  5.86976845  0.05218184  1.72018717  2.942874    1.04943852  1.1296703
  4.04803831] 4.9986285068634516e-06 True
basinhopping step 78: f 3.6966e-06 trial_f 3.6966e-06 accepted 1  lowest_f 7.39511e-07
[5.62552066 6.75260706 0.20218178 0.33198108 3.3162062  2.22817407
 2.98733923 2.36215093 5.83464516 1.8939178  5.27637134 2.9212118
 3.91096245 0.30262798 2.67895807 0.90629771 0.47756476 3.52794674
 5.93358395 0.13910838 1.49523542 3.33283175 1.08434967 1.2015631
 3.9243043 ] 3.6966019928390513e-06 True
basinhopping step 79: f 1.18779e-05 trial_f 1.18779e-05 accepted 1  lowest_f 7.39511e-07
[5.49736614 5.50320636 0.24694182 0.62898515 3.0275263  2.53365193
 3.34061154 2.47520721 6.06537607 1.48042373 5.73866841 2.74288241
 4.1698786  0.30367891 3.13673344 0.55702377 0.03387333 3.4295311
 5.37330663 0.24131176 1.07416333 2.98171216 1.08519886 1.69044954
 4.32307974] 1.1877904234610558e-05 True
basinhopping step 80: f 7.27633e-06 trial_f 7.27633e-06 accepted 1  lowest_f 7.39511e-07
[ 5.78281722  5.48393429 -0.06298252  0.02504798  2.60404589  2.31668757
  3.66098406  2.54279098  5.75616406  1.04125239  5.90443365  2.77894113
  4.03940557  0.22120974  2.91697301  0.85626506 -0.06037853  3.51024102
  5.34785778  0.24754305  1.31920236  3.00479343  0.89932683  1.73405153
  4.36161955] 7.2763347496695514e-06 True
basinhopping step 81: f 2.79376e-06 trial_f 2.79376e-06 accepted 1  lowest_f 7.39511e-07
[ 5.51949973  5.74408132  0.2725235  -0.09839416  2.51142391  2.72392135
  2.92270051  2.89245522  5.49166812  0.46342837  5.6053921   2.84838609
  4.16824015  0.95921654  3.31770183  1.00024897 -0.12413568  3.36251181
  5.78410978  0.20381409  1.27298933  3.45105365  1.05023422  1.95623955
  4.46223681] 2.7937603678732018e-06 True
basinhopping step 82: f 1.86237e-06 trial_f 1.86237e-06 accepted 1  lowest_f 7.39511e-07
[ 6.27642183  6.11711563  0.35930232  0.1025818   2.35205768  2.119739
  2.83311041  2.4909914   5.29783863 -0.0993564   5.81844354  3.31051545
  4.00708775  1.34011448  3.38837793  1.22768431  0.32687223  3.14489874
  5.62478509  0.21090073  0.96689695  3.25176695  1.23195122  1.6133958
  3.5965764 ] 1.8623664112590807e-06 True
basinhopping step 83: f 9.49053e-06 trial_f 9.49053e-06 accepted 1  lowest_f 7.39511e-07
[6.17617501 6.00091743 0.23494702 0.27162597 2.72612575 1.95606042
 2.57206566 2.77984086 5.34639681 0.28090278 5.67538988 3.92168783
 3.35836932 1.10286416 3.70680296 1.69851606 0.51450746 2.56873074
 5.71425677 0.48563042 1.10238919 2.70112599 1.12921522 0.99525282
 3.48169306] 9.490529946497916e-06 True
basinhopping step 84: f 1.15178e-05 trial_f 1.15178e-05 accepted 1  lowest_f 7.39511e-07
[5.99318396 6.38600971 0.17296003 0.31856595 2.50398673 2.11360555
 2.80879575 2.65467962 5.78387041 0.61124244 5.88781952 4.06291098
 3.5669931  1.11245963 3.6901744  1.47543644 0.27978718 2.81388258
 5.73093449 0.79591522 1.37086077 2.83456487 1.19668542 1.36044644
 3.1938365 ] 1.1517836115717272e-05 True
basinhopping step 85: f 7.42045e-06 trial_f 7.42045e-06 accepted 1  lowest_f 7.39511e-07
[ 6.25564297  5.86815424  0.32700819  0.46668537  3.17947797  2.11969109
  2.99500222  2.08121621  5.77417086 -0.03328296  5.52157893  3.4397928
  3.62882852  0.74333112  4.06781632  1.06952345  0.59694047  3.02469004
  5.6533043   1.00568573  1.24675586  2.73810676  1.57142048  0.82928997
  2.82557936] 7.420451144128008e-06 True
basinhopping step 86: f 5.82764e-06 trial_f 5.82764e-06 accepted 1  lowest_f 7.39511e-07
[ 6.34859162  5.62899411  0.78084712  0.81483557  3.37845602  2.72570637
  3.44539607  2.45410325  6.00411681 -0.02749756  5.85939721  3.44488683
  3.84670444  0.68516839  4.51251198  0.80428574  0.38667009  2.62921643
  5.13253093  1.00682022  1.20726557  2.35033711  1.4728889   0.67618611
  3.34555601] 5.827635274523746e-06 True
basinhopping step 87: f 4.0698e-06 trial_f 4.0698e-06 accepted 1  lowest_f 7.39511e-07
[6.16235371 6.05661514 1.00376535 0.03711302 3.08713787 3.54033667
 3.38648827 2.34831232 5.3007156  0.61240868 5.61210058 3.37768132
 4.24464794 0.6742599  4.81614379 1.17603404 1.58552188 3.42883759
 4.58430431 0.71541949 1.2349727  1.60414802 0.54103198 0.55674461
 3.73773864] 4.06979952768645e-06 True
basinhopping step 88: f 7.4692e-06 trial_f 7.4692e-06 accepted 1  lowest_f 7.39511e-07
[ 4.95703027  5.13918925  1.66917724  1.07682883  2.64749959  4.21696683
  3.57562749  2.36018855  4.86560166  0.82097616  6.10832389  3.90470055
  4.6020731   1.53038877  5.13048307  1.19598124  1.5276302   2.9243008
  4.66456448  1.18866777  0.7059809   1.37679451  0.68497896 -0.06127489
  3.2840661 ] 7.469204901917604e-06 True
basinhopping step 89: f 2.26137e-06 trial_f 2.26137e-06 accepted 1  lowest_f 7.39511e-07
[4.27428357 4.97273581 0.95636081 1.34765337 3.36622284 4.30349701
 4.3564852  1.83177776 5.27694112 1.25074895 6.11259098 3.81802764
 5.42418677 2.37233154 4.58071989 1.22994047 1.16768622 2.33352944
 4.44654637 0.64409936 0.37573692 0.26920012 0.32686155 0.20705045
 4.02665708] 2.2613731015441867e-06 True
basinhopping step 90: f 7.53591e-06 trial_f 7.53591e-06 accepted 1  lowest_f 7.39511e-07
[ 4.23231079  4.97802207  0.96228102  1.24872787  3.67906576  4.59442678
  4.6726767   2.05143725  5.66606426  0.97783699  5.84654557  3.85022865
  5.43547904  2.50926261  4.64490917  1.09624094  0.76506425  2.07352379
  4.45935877  0.68460146  0.91798591 -0.09419048  0.88083637  0.25244532
  3.50824908] 7.535905864511577e-06 True
basinhopping step 91: f 3.443e-06 trial_f 3.443e-06 accepted 1  lowest_f 7.39511e-07
[4.5067788  4.83199354 0.9951672  1.70263742 4.08684494 5.11652477
 4.92335889 2.06227335 6.16034652 0.9842766  5.75104989 3.99944859
 5.47062562 2.51037324 4.95595795 1.06955416 0.93420246 1.8087025
 4.52029662 0.39955055 0.92367868 0.18276519 0.66053752 1.22715269
 3.45661886] 3.442998371234422e-06 True
basinhopping step 92: f 3.65971e-06 trial_f 3.65971e-06 accepted 1  lowest_f 7.39511e-07
[ 4.4278696   4.87213475  0.92228023  1.69745002  4.3224652   4.94561667
  4.33801913  1.82736894  6.14675809  0.64563832  5.39140369  3.62976064
  5.19870418  2.42162998  5.57204648  1.58290578  1.17926319  1.30877459
  4.50184686  0.26221883  0.75178451 -0.19377121  0.75558067  0.88504984
  3.64950278] 3.6597068869368727e-06 True
basinhopping step 93: f 4.40192e-06 trial_f 4.40192e-06 accepted 1  lowest_f 7.39511e-07
[4.95922402 4.27648275 0.93001659 1.45711735 4.39597085 5.4004364
 4.35592479 1.76707764 5.76977833 0.5634839  5.8449042  3.7435861
 4.96736164 2.13481194 5.02842783 1.18302701 1.27232012 1.01169148
 4.83570182 0.08671853 0.57632649 0.24844065 0.09021125 1.04941893
 3.80714002] 4.401916526812812e-06 True
basinhopping step 94: f 1.38629e-05 trial_f 1.38629e-05 accepted 1  lowest_f 7.39511e-07
[4.85630071 4.02384862 0.9289502  1.17031085 4.37518112 5.69441581
 3.98726455 2.26963159 5.62050154 1.5556418  5.64867836 3.72124493
 5.2261442  1.92433846 5.03766513 0.74395356 0.56497844 0.38797734
 4.42998134 0.18724929 0.53478949 0.38741126 0.69783198 0.79796568
 3.59669858] 1.386293120650877e-05 True
basinhopping step 95: f 4.34598e-06 trial_f 4.34598e-06 accepted 1  lowest_f 7.39511e-07
[5.11260256 4.02224714 1.51800161 0.57392906 4.58509924 5.6572702
 4.05178368 1.97334814 5.94126152 1.60051326 5.39702616 3.97623488
 5.02337931 0.79434357 4.32703959 0.3345392  0.70681393 0.42123212
 5.98236642 0.35447696 0.59532987 0.45239699 1.36168559 1.17394269
 3.60823828] 4.3459832928220806e-06 True
basinhopping step 96: f 1.88643e-05 trial_f 1.88643e-05 accepted 1  lowest_f 7.39511e-07
[ 5.016835    4.07333992  1.01122546  0.96972748  4.00010806  5.58167757
  4.00366928  2.24509885  5.58255417  1.36834621  5.38178008  3.976746
  5.41091192  0.98665988  3.96866066  0.38559167  0.10381599  0.32978866
  5.66473168  0.66647255  0.44883677 -0.7060288   0.67009313  0.71144868
  3.97519977] 1.8864282579424183e-05 True
basinhopping step 97: f 1.81339e-06 trial_f 1.81339e-06 accepted 1  lowest_f 7.39511e-07
[ 5.34725087  4.73956527  1.06200236  0.86168341  3.51543323  5.20489071
  4.29517404  1.90359171  5.52585307  1.3485063   4.04646584  3.81060837
  4.80306251  0.48085283  2.96428985  0.51589048  0.23682337  0.60562047
  6.56985711  0.4971632   0.25863267 -0.24683661  0.97943896  1.18802503
  4.64899604] 1.8133906183961568e-06 True
basinhopping step 98: f 5.04476e-06 trial_f 5.04476e-06 accepted 1  lowest_f 7.39511e-07
[5.44774216 5.05201789 1.5507439  0.34582273 3.97625708 5.1090129
 4.21240327 1.96604325 5.98474762 1.14259547 4.31676813 3.73909426
 4.33946154 0.45428528 2.35478555 0.89583298 0.83839325 0.13265745
 6.35246323 0.49465371 0.36729611 0.10749446 1.30079066 1.5844315
 4.06777073] 5.044762734260005e-06 True
basinhopping step 99: f 7.16145e-06 trial_f 7.16145e-06 accepted 1  lowest_f 7.39511e-07
[5.07624925 5.1605284  1.85769161 1.05779809 3.93046875 5.90904569
 3.98519726 1.2429138  6.26340745 1.25612006 3.9783944  3.28181889
 3.76785463 1.28011249 1.89411421 0.94422721 1.04014716 0.09184855
 6.15355228 0.16273445 0.51435291 0.17728824 1.88830995 1.33239479
 3.53778517] 7.161454931347865e-06 True
adaptive stepsize: acceptance rate 0.990000 target 0.500000 new stepsize 0.617284 old stepsize 0.555556
basinhopping step 100: f 6.39359e-06 trial_f 6.39359e-06 accepted 1  lowest_f 7.39511e-07
[ 4.97128356  5.20978043  2.3811202   0.79985926  4.27579844  6.54001673
  4.63934002  1.00501834  5.39927307  1.4467585   4.57713975  5.24500004
  4.95133055  1.21663863  0.92200929 -0.26048807  0.09780163  0.37402511
  6.56228776  0.41607601  0.74198822  1.07877219  1.05225114  1.13570916
  3.43821937] 6.393590304140631e-06 True
                        fun: 7.395109744021907e-07
 lowest_optimization_result:       fun: 7.395109744021907e-07
 hess_inv: array([[ 5.68345171e+01,  2.79361377e+00,  1.35757562e+02,
        -1.07896089e+02, -3.04650268e+02,  1.90193555e+02,
         2.36318945e+02, -2.42876476e+02, -2.63827618e+01,
         1.02383854e+01, -7.99718082e+01, -4.93016615e+01,
         2.19634964e+02,  1.95917548e+01, -2.54649038e+01,
         4.73174709e+01,  1.33292317e+02, -1.30428638e+02,
        -1.19604213e+02,  7.28616601e+01,  2.72348967e+01,
         6.62080588e+01, -8.84316264e+01,  1.76377873e+02,
        -2.18023167e+02],
       [ 2.79361377e+00,  4.37965545e+01, -2.82564810e+01,
         3.42538404e+00,  9.93235260e+00, -4.37745112e+01,
        -4.77279798e+01,  2.41414328e+00,  1.48575546e+01,
         8.23613868e+00,  4.04830117e+01,  5.12127734e+01,
        -9.00709038e-01, -6.28635590e+00, -1.02760221e+01,
         2.45391160e+01,  1.10345949e+01,  7.64280728e+00,
         2.65167663e+01, -2.10843961e+01, -1.05159908e+01,
         2.23735886e+01,  2.39104380e+01, -7.85440173e+01,
        -4.48016619e+01],
       [ 1.35757562e+02, -2.82564810e+01,  1.03505175e+03,
        -2.55491109e+02, -1.56977110e+03,  9.48927462e+02,
         8.94632447e+02, -1.45086985e+03, -2.20908738e+02,
         1.69062076e+02, -1.00649352e+02,  2.69621306e+01,
         1.06829583e+03, -2.24333289e+02,  1.41209615e+02,
         9.93384981e+02,  1.12980101e+03, -7.27976982e+02,
        -6.82878993e+02,  3.68535996e+02,  2.84600518e+02,
         1.84438893e+02, -1.16357023e+03,  2.45280850e+02,
        -1.19684339e+03],
       [-1.07896089e+02,  3.42538404e+00, -2.55491109e+02,
         2.47850997e+02,  5.67155521e+02, -3.59799859e+02,
        -4.83555219e+02,  4.21655344e+02,  7.43687211e+01,
        -3.22238844e+01,  1.43484856e+02,  1.11440909e+02,
        -3.93502872e+02, -5.20387821e+01,  6.57635627e+01,
        -4.05200741e+01, -1.88320666e+02,  2.19531268e+02,
         2.17689791e+02, -1.33035876e+02, -7.13382774e+01,
        -1.12061876e+02,  1.48902116e+02, -3.79936049e+02,
         3.88216388e+02],
       [-3.04650268e+02,  9.93235260e+00, -1.56977110e+03,
         5.67155521e+02,  2.67971631e+03, -1.65079771e+03,
        -1.69723110e+03,  2.37345156e+03,  2.97207913e+02,
        -2.09897770e+02,  3.67396182e+02,  1.18139764e+02,
        -1.87498164e+03,  2.05921529e+02, -7.78567741e+01,
        -1.28230749e+03, -1.69791995e+03,  1.22250154e+03,
         1.13782911e+03, -6.41403298e+02, -3.95303959e+02,
        -4.08309614e+02,  1.58718271e+03, -7.76862628e+02,
         2.01620259e+03],
       [ 1.90193555e+02, -4.37745112e+01,  9.48927462e+02,
        -3.59799859e+02, -1.65079771e+03,  1.09098292e+03,
         1.13791064e+03, -1.43268706e+03, -1.63965362e+02,
         9.52528207e+01, -3.32962000e+02, -1.87018020e+02,
         1.17021861e+03, -8.63103456e+01,  1.25852597e+01,
         6.52670506e+02,  9.81466965e+02, -7.62732258e+02,
        -7.36600796e+02,  4.35943230e+02,  2.32609952e+02,
         2.41916991e+02, -9.11068383e+02,  6.56617570e+02,
        -1.17516683e+03],
       [ 2.36318945e+02, -4.77279798e+01,  8.94632447e+02,
        -4.83555219e+02, -1.69723110e+03,  1.13791064e+03,
         1.30698286e+03, -1.40148304e+03, -1.61158294e+02,
         7.67356809e+01, -4.37629104e+02, -2.81698042e+02,
         1.21863922e+03,  2.09942194e+01, -7.02559264e+01,
         4.44050002e+02,  8.38654659e+02, -7.46499574e+02,
        -7.34423127e+02,  4.40862646e+02,  2.19140462e+02,
         2.80770912e+02, -7.53440684e+02,  8.93840591e+02,
        -1.18989360e+03],
       [-2.42876476e+02,  2.41414328e+00, -1.45086985e+03,
         4.21655344e+02,  2.37345156e+03, -1.43268706e+03,
        -1.40148304e+03,  2.17293732e+03,  2.60424056e+02,
        -2.18412970e+02,  2.44070530e+02,  3.39236117e+00,
        -1.67342930e+03,  2.62711951e+02, -1.25898262e+02,
        -1.33228166e+03, -1.64691719e+03,  1.11319877e+03,
         1.01611808e+03, -5.58076795e+02, -3.63600391e+02,
        -3.48924450e+02,  1.56188125e+03, -4.93099388e+02,
         1.85227099e+03],
       [-2.63827618e+01,  1.48575546e+01, -2.20908738e+02,
         7.43687211e+01,  2.97207913e+02, -1.63965362e+02,
        -1.61158294e+02,  2.60424056e+02,  9.05216922e+01,
        -4.17142798e+01, -2.03511401e+01, -1.63636254e+01,
        -1.59871264e+02,  4.77169127e+01, -5.91203596e+01,
        -2.16532950e+02, -1.93495371e+02,  1.12284499e+02,
         1.16168978e+02, -5.76909088e+01, -7.76809402e+01,
        -1.49003055e+01,  2.49647063e+02, -2.42663001e+01,
         1.91520084e+02],
       [ 1.02383854e+01,  8.23613868e+00,  1.69062076e+02,
        -3.22238844e+01, -2.09897770e+02,  9.52528207e+01,
         7.67356809e+01, -2.18412970e+02, -4.17142798e+01,
         8.37429790e+01,  8.88431948e+01,  8.03955162e+01,
         1.50468863e+02, -9.52106840e+01,  5.81950119e+00,
         2.11942622e+02,  2.19430832e+02, -1.16057202e+02,
        -9.39590413e+01,  4.50706412e+01,  6.35955421e+01,
         1.97016082e+01, -2.31099337e+02, -6.43115441e+01,
        -2.24070378e+02],
       [-7.99718082e+01,  4.04830117e+01, -1.00649352e+02,
         1.43484856e+02,  3.67396182e+02, -3.32962000e+02,
        -4.37629104e+02,  2.44070530e+02, -2.03511401e+01,
         8.88431948e+01,  3.44064569e+02,  2.48529088e+02,
        -3.01822208e+02, -1.59954723e+02,  6.24968085e+01,
         1.63146283e+02, -1.08286180e+01,  1.39630570e+02,
         1.68588181e+02, -1.18959623e+02,  1.36532556e+01,
        -8.60691568e+01, -4.66332547e+01, -4.92436099e+02,
         1.64338587e+02],
       [-4.93016615e+01,  5.12127734e+01,  2.69621306e+01,
         1.11440909e+02,  1.18139764e+02, -1.87018020e+02,
        -2.81698042e+02,  3.39236117e+00, -1.63636254e+01,
         8.03955162e+01,  2.48529088e+02,  2.53242664e+02,
        -9.15345776e+01, -1.32263592e+02,  9.15271418e+01,
         3.15557323e+02,  1.44994969e+02,  3.77503028e+01,
         7.98652861e+01, -8.44425771e+01,  2.49236603e+01,
        -2.86247733e+01, -1.92320571e+02, -4.56637597e+02,
        -6.68178804e+01],
       [ 2.19634964e+02, -9.00709038e-01,  1.06829583e+03,
        -3.93502872e+02, -1.87498164e+03,  1.17021861e+03,
         1.21863922e+03, -1.67342930e+03, -1.59871264e+02,
         1.50468863e+02, -3.01822208e+02, -9.15345776e+01,
         1.37423592e+03, -1.28280823e+02,  5.47822011e+00,
         8.47793328e+02,  1.19557032e+03, -8.80240974e+02,
        -8.08962856e+02,  4.58762951e+02,  2.54044692e+02,
         3.08790290e+02, -1.07395068e+03,  5.86311895e+02,
        -1.46582657e+03],
       [ 1.95917548e+01, -6.28635590e+00, -2.24333289e+02,
        -5.20387821e+01,  2.05921529e+02, -8.63103456e+01,
         2.09942194e+01,  2.62711951e+02,  4.77169127e+01,
        -9.52106840e+01, -1.59954723e+02, -1.32263592e+02,
        -1.28280823e+02,  1.82917955e+02, -6.23295226e+01,
        -3.55834686e+02, -3.40373448e+02,  1.47517041e+02,
         1.13571952e+02, -5.73535973e+01, -7.72209959e+01,
         4.68542960e+00,  3.51020111e+02,  2.03253401e+02,
         2.18338391e+02],
       [-2.54649038e+01, -1.02760221e+01,  1.41209615e+02,
         6.57635627e+01, -7.78567741e+01,  1.25852597e+01,
        -7.02559264e+01, -1.25898262e+02, -5.91203596e+01,
         5.81950119e+00,  6.24968085e+01,  9.15271418e+01,
         5.47822011e+00, -6.23295226e+01,  1.55015510e+02,
         2.98953412e+02,  1.57039250e+02, -1.74181163e+01,
        -2.03232472e+01, -1.35472011e+01,  4.24378687e+01,
        -3.16445944e+01, -2.52456863e+02, -2.20457094e+02,
        -5.01387837e+01],
       [ 4.73174709e+01,  2.45391160e+01,  9.93384981e+02,
        -4.05200741e+01, -1.28230749e+03,  6.52670506e+02,
         4.44050002e+02, -1.33228166e+03, -2.16532950e+02,
         2.11942622e+02,  1.63146283e+02,  3.15557323e+02,
         8.47793328e+02, -3.55834686e+02,  2.98953412e+02,
         1.35474842e+03,  1.22652019e+03, -6.10602402e+02,
        -5.28999087e+02,  2.31374868e+02,  2.81749542e+02,
         1.17443810e+02, -1.33750286e+03, -3.69718913e+02,
        -1.13303306e+03],
       [ 1.33292317e+02,  1.10345949e+01,  1.12980101e+03,
        -1.88320666e+02, -1.69791995e+03,  9.81466965e+02,
         8.38654659e+02, -1.64691719e+03, -1.93495371e+02,
         2.19430832e+02, -1.08286180e+01,  1.44994969e+02,
         1.19557032e+03, -3.40373448e+02,  1.57039250e+02,
         1.22652019e+03,  1.40297370e+03, -8.53846531e+02,
        -7.49788443e+02,  4.02246208e+02,  2.89122120e+02,
         2.25044644e+02, -1.33958311e+03,  7.18061171e+01,
        -1.40326796e+03],
       [-1.30428638e+02,  7.64280728e+00, -7.27976982e+02,
         2.19531268e+02,  1.22250154e+03, -7.62732258e+02,
        -7.46499574e+02,  1.11319877e+03,  1.12284499e+02,
        -1.16057202e+02,  1.39630570e+02,  3.77503028e+01,
        -8.80240974e+02,  1.47517041e+02, -1.74181163e+01,
        -6.10602402e+02, -8.53846531e+02,  6.05314281e+02,
         5.48000300e+02, -3.18345499e+02, -1.75928104e+02,
        -1.87800805e+02,  7.57674312e+02, -3.31348187e+02,
         9.46601259e+02],
       [-1.19604213e+02,  2.65167663e+01, -6.82878993e+02,
         2.17689791e+02,  1.13782911e+03, -7.36600796e+02,
        -7.34423127e+02,  1.01611808e+03,  1.16168978e+02,
        -9.39590413e+01,  1.68588181e+02,  7.98652861e+01,
        -8.08962856e+02,  1.13571952e+02, -2.03232472e+01,
        -5.28999087e+02, -7.49788443e+02,  5.48000300e+02,
         5.17884498e+02, -3.03781102e+02, -1.71569089e+02,
        -1.59253785e+02,  6.96621050e+02, -3.69194944e+02,
         8.39098104e+02],
       [ 7.28616601e+01, -2.10843961e+01,  3.68535996e+02,
        -1.33035876e+02, -6.41403298e+02,  4.35943230e+02,
         4.40862646e+02, -5.58076795e+02, -5.76909088e+01,
         4.50706412e+01, -1.18959623e+02, -8.44425771e+01,
         4.58762951e+02, -5.73535973e+01, -1.35472011e+01,
         2.31374868e+02,  4.02246208e+02, -3.18345499e+02,
        -3.03781102e+02,  1.91212938e+02,  8.95897587e+01,
         9.23114446e+01, -3.47817111e+02,  2.77568329e+02,
        -4.48479473e+02],
       [ 2.72348967e+01, -1.05159908e+01,  2.84600518e+02,
        -7.13382774e+01, -3.95303959e+02,  2.32609952e+02,
         2.19140462e+02, -3.63600391e+02, -7.76809402e+01,
         6.35955421e+01,  1.36532556e+01,  2.49236603e+01,
         2.54044692e+02, -7.72209959e+01,  4.24378687e+01,
         2.81749542e+02,  2.89122120e+02, -1.75928104e+02,
        -1.71569089e+02,  8.95897587e+01,  9.49125706e+01,
         3.16150056e+01, -3.34247677e+02,  3.24527000e+01,
        -3.02358097e+02],
       [ 6.62080588e+01,  2.23735886e+01,  1.84438893e+02,
        -1.12061876e+02, -4.08309614e+02,  2.41916991e+02,
         2.80770912e+02, -3.48924450e+02, -1.49003055e+01,
         1.97016082e+01, -8.60691568e+01, -2.86247733e+01,
         3.08790290e+02,  4.68542960e+00, -3.16445944e+01,
         1.17443810e+02,  2.25044644e+02, -1.87800805e+02,
        -1.59253785e+02,  9.23114446e+01,  3.16150056e+01,
         9.94046805e+01, -1.46649204e+02,  1.67476558e+02,
        -3.36101385e+02],
       [-8.84316264e+01,  2.39104380e+01, -1.16357023e+03,
         1.48902116e+02,  1.58718271e+03, -9.11068383e+02,
        -7.53440684e+02,  1.56188125e+03,  2.49647063e+02,
        -2.31099337e+02, -4.66332547e+01, -1.92320571e+02,
        -1.07395068e+03,  3.51020111e+02, -2.52456863e+02,
        -1.33750286e+03, -1.33958311e+03,  7.57674312e+02,
         6.96621050e+02, -3.47817111e+02, -3.34247677e+02,
        -1.46649204e+02,  1.45919950e+03,  7.96617288e+01,
         1.30055175e+03],
       [ 1.76377873e+02, -7.85440173e+01,  2.45280850e+02,
        -3.79936049e+02, -7.76862628e+02,  6.56617570e+02,
         8.93840591e+02, -4.93099388e+02, -2.42663001e+01,
        -6.43115441e+01, -4.92436099e+02, -4.56637597e+02,
         5.86311895e+02,  2.03253401e+02, -2.20457094e+02,
        -3.69718913e+02,  7.18061171e+01, -3.31348187e+02,
        -3.69194944e+02,  2.77568329e+02,  3.24527000e+01,
         1.67476558e+02,  7.96617288e+01,  1.03082547e+03,
        -3.62211082e+02],
       [-2.18023167e+02, -4.48016619e+01, -1.19684339e+03,
         3.88216388e+02,  2.01620259e+03, -1.17516683e+03,
        -1.18989360e+03,  1.85227099e+03,  1.91520084e+02,
        -2.24070378e+02,  1.64338587e+02, -6.68178804e+01,
        -1.46582657e+03,  2.18338391e+02, -5.01387837e+01,
        -1.13303306e+03, -1.40326796e+03,  9.46601259e+02,
         8.39098104e+02, -4.48479473e+02, -3.02358097e+02,
        -3.36101385e+02,  1.30055175e+03, -3.62211082e+02,
         1.69650643e+03]])
      jac: array([-3.20287308e-06,  5.66563534e-06,  7.35283635e-07, -4.84078773e-06,
       -3.97518344e-06, -3.42139799e-06,  5.71364532e-06,  3.29619204e-06,
        2.03611563e-06,  1.36047214e-06,  1.02589325e-06, -1.87605896e-06,
        1.43210455e-06,  1.20881685e-06,  2.76978831e-07, -3.64325599e-06,
        4.25492979e-06, -3.08755638e-06,  1.94116403e-06,  2.52898147e-08,
       -3.30185308e-07, -2.91776698e-06, -3.01609001e-06, -4.81476980e-06,
        6.19142399e-06])
  message: 'Optimization terminated successfully.'
     nfev: 9204
      nit: 331
     njev: 354
   status: 0
  success: True
        x: array([ 2.4382024 ,  4.56963149,  1.20043537,  4.38107705,  6.61598395,
        0.78174194,  3.77130797,  3.34270366,  3.99423383,  2.95227166,
        5.41942656,  3.01951554,  3.3811167 ,  0.10272664,  3.0842453 ,
       -0.34920723,  0.49444941,  2.70364531,  6.41791856,  1.2655709 ,
        0.65889884,  3.08484363,  5.73097418,  2.74206916,  5.3270143 ])
                    message: ['requested number of basinhopping iterations completed successfully']
      minimization_failures: 0
                       nfev: 533650
                        nit: 100
                       njev: 20525
                          x: array([ 2.4382024 ,  4.56963149,  1.20043537,  4.38107705,  6.61598395,
        0.78174194,  3.77130797,  3.34270366,  3.99423383,  2.95227166,
        5.41942656,  3.01951554,  3.3811167 ,  0.10272664,  3.0842453 ,
       -0.34920723,  0.49444941,  2.70364531,  6.41791856,  1.2655709 ,
        0.65889884,  3.08484363,  5.73097418,  2.74206916,  5.3270143 ])
0.02046915776849764

Process finished with exit code 0
