E:\CURPROJECT\SimsV3\venv\Scripts\python.exe E:/CURPROJECT/SimsV3/Simple_ManyWP_reproducability_test1.py
basinhopping step 0: f 6.34021e-06
[3.1357386  1.6855624  1.3956858  2.21893203 5.35880824 5.13743666
 5.2233036  4.48352534 1.28811    2.90698467 1.30934373 0.47507808
 1.94884029 3.90772091 0.80514298 5.7731069  6.52783808 4.0768503
 4.3020722  1.58425095 4.22106251 4.29941515 1.97870166 4.29793239
 6.48066881] 6.340214921346753e-06 True
basinhopping step 1: f 2.78448e-06 trial_f 2.78448e-06 accepted 1  lowest_f 2.78448e-06
found new global minimum on step 1 with function value 2.78448e-06
[3.54044508 1.58960337 1.57392368 1.90665242 5.58568925 4.81067353
 5.07176248 4.9659392  1.18474046 3.04521954 1.19374291 0.48118558
 1.37279701 3.76361029 0.66745703 5.78469134 6.69353517 3.68757357
 4.08713093 1.54179058 3.91693867 4.5235776  2.11952116 4.06034252
 6.56997151] 2.784475129454944e-06 True
basinhopping step 2: f 1.10895e-05 trial_f 1.10895e-05 accepted 1  lowest_f 2.78448e-06
[3.7465215  1.74937752 1.93369173 2.02557036 5.17867537 4.58080138
 5.73097005 4.45481814 1.50583663 3.37444335 1.3567321  0.18851782
 1.33281646 3.58681405 0.96766528 5.86344609 6.23544039 3.93906198
 4.24976844 1.35654213 4.10825136 4.29577391 2.24870398 4.14716668
 6.43557268] 1.108954201580862e-05 True
basinhopping step 3: f 5.02953e-06 trial_f 5.02953e-06 accepted 1  lowest_f 2.78448e-06
[4.04178766 1.75547403 2.45928496 2.32014906 4.88864285 4.56209253
 5.38482533 4.66051781 1.41398579 2.75355735 1.48612939 0.24855309
 1.54204599 3.83688989 0.54191215 5.58100637 6.32551883 4.0180403
 4.05664426 0.76929059 4.14199727 4.25013325 2.06116443 4.45801416
 6.91980232] 5.029526992352404e-06 True
basinhopping step 4: f 6.39317e-06 trial_f 6.39317e-06 accepted 1  lowest_f 2.78448e-06
[4.21464633 2.18782793 2.37903566 2.08528881 4.3439255  4.34923923
 5.28202959 4.22473456 1.56457648 2.28244625 1.15031082 0.52402449
 1.78249089 3.69233852 0.31460816 5.51583561 6.19738203 3.81593556
 4.14839158 0.57062162 3.76858821 4.44030228 1.42149862 4.50953716
 6.58145824] 6.393165632542357e-06 True
basinhopping step 5: f 7.93176e-06 trial_f 7.93176e-06 accepted 1  lowest_f 2.78448e-06
[4.77419298 2.42087021 2.63760099 2.16499044 4.12881347 4.23433641
 5.20404287 4.24345016 1.0591619  2.12968002 1.31183918 0.44672785
 1.36992965 4.12132137 0.39254231 5.61340497 6.57854247 3.82660448
 4.25060019 0.83616768 3.44966297 4.42266697 1.47694713 4.69528591
 5.96922581] 7.931758961198299e-06 True
basinhopping step 6: f 3.85882e-06 trial_f 3.85882e-06 accepted 1  lowest_f 2.78448e-06
[4.77695416 2.40129369 2.26891245 1.73323324 4.06765208 4.06668378
 5.69813809 4.14619513 1.15203502 2.01239519 1.43097374 0.572483
 0.96697971 4.04618851 0.3699756  5.5716821  6.40111848 3.81520773
 4.25066741 0.51040621 3.41973398 4.49969518 1.33144225 4.2910388
 5.60761584] 3.858818248703239e-06 True
basinhopping step 7: f 1.15568e-05 trial_f 1.15568e-05 accepted 1  lowest_f 2.78448e-06
[ 4.33700485  1.32196742  1.22456043  1.67978248  4.1604892   4.62768556
  6.79236233  4.77547123  0.9689847   1.85286937  1.81698442  0.47798091
  0.2387159   3.1473069  -0.19088726  6.30901963  6.84583693  3.26071921
  3.42040219  1.08407283  3.9014105   4.58093708  1.70215678  5.09857531
  5.66136865] 1.1556765741424136e-05 True
basinhopping step 8: f 8.81172e-06 trial_f 8.81172e-06 accepted 1  lowest_f 2.78448e-06
[4.80306265 0.88003026 1.07291559 1.31264247 3.9851721  4.71773996
 6.19689543 4.7081119  1.32218031 1.74988258 1.37576842 0.25184989
 0.47062674 2.99898017 0.47798488 6.24816154 6.16640502 3.19524467
 3.80221344 1.15391458 3.60725189 4.3583135  1.59563374 5.00737627
 5.57510635] 8.81172283134673e-06 True
basinhopping step 9: f 3.86888e-06 trial_f 3.86888e-06 accepted 1  lowest_f 2.78448e-06
[4.48843228 0.77400908 0.66354343 1.5275188  5.12797112 4.55118527
 5.57266881 5.14770078 1.32106315 1.61067233 1.59114844 0.56687047
 0.12534501 3.67427466 1.1416739  6.55758338 6.07843447 3.24959162
 3.71536916 0.67777937 3.43247523 4.27172761 1.0895524  4.62694856
 5.61058836] 3.868877545736767e-06 True
basinhopping step 10: f 1.04578e-05 trial_f 1.04578e-05 accepted 1  lowest_f 2.78448e-06
[4.66562554 0.60190472 0.61919458 1.8668552  5.09607597 4.58524382
 5.61877524 4.84581349 1.24495818 1.96730927 1.74508902 0.83738352
 0.41626415 3.82540618 1.30024363 6.10483551 6.14038341 3.30234
 3.7299418  0.78120885 3.71189526 3.91308558 1.38036583 4.49536719
 5.44243174] 1.0457785956081967e-05 True
basinhopping step 11: f 1.82326e-06 trial_f 1.82326e-06 accepted 1  lowest_f 1.82326e-06
found new global minimum on step 11 with function value 1.82326e-06
[4.94730719 0.50574591 0.75613315 1.27172957 5.39266565 4.64604229
 5.66424736 4.77578393 0.8999811  1.4787435  1.49963953 0.79036819
 0.24689779 3.45544922 0.74825892 5.91968457 5.82119816 3.76718047
 3.65659037 0.77790173 3.33003738 3.8825355  1.16500641 4.18788289
 5.73000427] 1.8232563550416392e-06 True
basinhopping step 12: f 7.85674e-06 trial_f 7.85674e-06 accepted 1  lowest_f 1.82326e-06
[4.86986666 0.38358289 0.68456821 0.82084013 5.34504063 4.81176436
 5.95513456 4.94547217 1.54774174 1.26001718 1.75339021 0.5374058
 0.44168164 3.39871926 1.03226348 5.81620053 5.50628641 3.3519372
 3.96875868 0.66124113 3.85266378 3.67565973 0.70713558 3.48148817
 6.07172251] 7.856743791179898e-06 True
basinhopping step 13: f 4.54451e-06 trial_f 4.54451e-06 accepted 1  lowest_f 1.82326e-06
[4.80345845 0.25969106 1.1224519  0.98279823 5.14321755 5.18478285
 6.16442337 4.97421285 1.13844066 1.38326462 1.53158029 0.92165889
 0.41587759 3.32054701 1.03914754 6.15921964 6.28344789 3.37848993
 4.3902302  0.34123218 3.79748259 4.18185677 1.1168192  3.46163651
 5.38429342] 4.544510761061431e-06 True
basinhopping step 14: f 7.91259e-06 trial_f 7.91259e-06 accepted 1  lowest_f 1.82326e-06
[ 4.41510047e+00  6.56267568e-01  1.38271771e+00  7.08472199e-01
  5.47248290e+00  4.91090648e+00  5.72828260e+00  4.91665813e+00
  8.81353661e-01  1.36878692e+00  8.54621475e-01  1.24288299e+00
  1.68468833e+00  3.68920378e+00  1.15665176e+00  6.45023710e+00
  5.89565807e+00  3.94995185e+00  4.72796349e+00  5.21937150e-01
  4.19101567e+00  4.19748489e+00 -4.84845172e-03  2.89356840e+00
  5.82817760e+00] 7.912585670281535e-06 True
basinhopping step 15: f 1.59785e-05 trial_f 1.59785e-05 accepted 1  lowest_f 1.82326e-06
[4.61203572 1.13937462 1.62822915 1.17710979 5.89688743 4.54976564
 5.48266659 4.75363749 0.56151607 1.51092934 0.57001877 0.93374201
 1.75332864 3.60651185 1.48996363 5.82151106 5.45901813 3.80525818
 4.56523714 0.53362865 4.08228233 4.34097852 0.28634121 2.76682667
 6.25478236] 1.5978529288940928e-05 True
basinhopping step 16: f 2.12089e-06 trial_f 2.12089e-06 accepted 1  lowest_f 1.82326e-06
[ 5.26337     1.39185131  1.37403441  1.36592707  6.31387617  4.46379802
  5.6947685   4.61963878  0.91922035  1.18448774  0.711606    0.90274513
  1.50767776  3.17515812  1.47973893  5.44572856  5.43349848  4.34638681
  4.60667871  0.9308315   3.82322084  4.09272337 -0.04437638  2.99950847
  6.51175372] 2.1208924813143564e-06 True
basinhopping step 17: f 2.42456e-06 trial_f 2.42456e-06 accepted 1  lowest_f 1.82326e-06
[4.76535096 1.3231977  1.60063578 1.45865907 5.77048851 4.65836354
 5.49155626 4.43180471 0.91973153 1.09580042 0.32847487 0.73322943
 1.70551246 3.74048229 1.82916843 4.9304697  5.6371383  4.1988939
 4.71625893 0.62313714 3.65409022 4.36240912 0.41170859 3.09657023
 6.0620752 ] 2.4245622170030566e-06 True
basinhopping step 18: f 4.09987e-06 trial_f 4.09987e-06 accepted 1  lowest_f 1.82326e-06
[4.75955581 1.28854453 1.54638456 1.52367928 5.81105506 5.00715856
 5.33699818 3.95888246 1.00697949 1.10639155 0.79619844 0.26810351
 1.4961663  3.25722923 1.52981882 4.63015667 5.52899358 4.55711827
 4.80683532 0.58259725 3.4556302  4.36922732 0.56583514 3.17574802
 6.0490326 ] 4.0998718716298804e-06 True
basinhopping step 19: f 4.52629e-06 trial_f 4.52629e-06 accepted 1  lowest_f 1.82326e-06
[3.91478265 0.82666346 1.20030655 1.59048554 5.62725964 4.709846
 5.20203536 4.1857124  2.04290326 1.28737424 0.32118881 0.62866555
 1.30124888 2.87637714 1.37148283 4.6057862  5.50419495 4.00708716
 4.46233913 0.47813157 3.28394155 4.38149884 0.39066609 2.86030696
 6.60486816] 4.526294386852876e-06 True
basinhopping step 20: f 3.76634e-06 trial_f 3.76634e-06 accepted 1  lowest_f 1.82326e-06
[4.33795757 1.19390136 1.16877762 1.28077851 5.76165844 4.61835013
 5.11017266 3.933687   2.14502836 0.43159392 1.19393043 1.17391806
 0.50383059 3.06094287 0.85464119 4.96142029 6.06941715 4.18112281
 4.13020973 1.04707661 3.66517806 3.78868073 0.043057   2.39054745
 5.97442294] 3.766338387761402e-06 True
basinhopping step 21: f 8.83503e-06 trial_f 8.83503e-06 accepted 1  lowest_f 1.82326e-06
[4.9044964  1.54180629 1.01353698 0.92149884 5.1443566  4.58240321
 5.19620849 4.18837967 2.70940501 0.86494255 1.46977674 0.88876764
 0.84295424 2.95685321 1.05730092 5.16480946 5.68362563 4.39307662
 4.00085725 0.84240232 3.48350185 3.72411856 0.22235475 2.04965724
 5.77303582] 8.835027350034942e-06 True
basinhopping step 22: f 4.52361e-06 trial_f 4.52361e-06 accepted 1  lowest_f 1.82326e-06
[ 4.46244707  1.91737221  1.11700601  0.4987468   4.74520964  3.66353177
  5.51030238  3.65415853  3.81122791  0.72792368  1.27431373  1.55800622
  0.88607476  3.2271084   0.88208112  5.18761809  5.87647136  4.22695578
  3.74139663  0.68760777  3.47137964  3.64706392 -0.30076997  2.12638595
  6.04376309] 4.523609597971099e-06 True
basinhopping step 23: f 8.68664e-06 trial_f 8.68664e-06 accepted 1  lowest_f 1.82326e-06
[4.49809112 1.86005434 0.9755911  0.88169511 4.41895816 3.29439078
 5.41417545 3.41531488 3.70838451 1.09352251 1.34442252 1.68726942
 0.78456509 3.06194226 0.9039427  5.08108499 5.70544455 4.15938612
 3.46516738 0.93587567 3.83795746 3.47855014 0.28495102 2.40454287
 5.92089748] 8.686635863262158e-06 True
basinhopping step 24: f 5.0122e-06 trial_f 5.0122e-06 accepted 1  lowest_f 1.82326e-06
[4.57082242 1.78280597 0.95488772 0.54637256 4.62593208 3.59925309
 5.50194572 3.47003208 4.00821569 0.97303262 1.20073292 1.681682
 0.81926055 2.9903431  0.77553929 4.25111203 6.35215964 3.85244969
 2.99909563 1.40138202 4.38851126 2.98056375 0.29655827 2.61006712
 5.76726927] 5.012197771578765e-06 True
basinhopping step 25: f 6.53966e-06 trial_f 6.53966e-06 accepted 1  lowest_f 1.82326e-06
[4.68770169 1.79628292 0.73058898 0.28017526 4.49697043 3.48584472
 5.15509079 3.27943044 4.22798728 0.61972629 0.77205197 1.55331682
 0.53335169 3.36793413 0.65570257 4.38303372 6.18413259 4.2862784
 2.57141117 1.40287273 3.91747356 3.20092064 0.14704941 2.73534341
 5.70049837] 6.539657830886043e-06 True
basinhopping step 26: f 6.14654e-06 trial_f 6.14654e-06 accepted 1  lowest_f 1.82326e-06
[4.8598688  1.3839064  0.53588701 0.80623281 4.44804143 3.2716459
 5.11305887 3.64767132 3.95221626 0.48001021 1.21662629 1.7192487
 1.00211964 3.45630181 0.77482587 4.67410846 5.81173732 3.90276686
 2.90762896 1.14135583 3.10431791 3.4258046  0.42988102 2.48417264
 5.60976883] 6.14653574959372e-06 True
basinhopping step 27: f 1.15526e-05 trial_f 1.15526e-05 accepted 1  lowest_f 1.82326e-06
[4.81179419 1.55821121 0.53991337 0.7290939  4.54932761 3.06418104
 5.42300634 4.10814389 4.04664946 0.40877444 0.93834439 1.809153
 1.34564427 3.69197731 0.8007076  4.53802741 6.16475871 4.02572677
 2.94320988 1.36820719 3.00852537 3.8022879  0.41617857 2.48565523
 5.81306999] 1.155260524094685e-05 True
basinhopping step 28: f 2.50565e-06 trial_f 2.50565e-06 accepted 1  lowest_f 1.82326e-06
[4.79794003 2.29007828 1.34889438 1.08384802 4.56069075 2.02744849
 4.32650363 3.66070989 4.17334926 0.24038607 1.47837812 1.33712727
 1.89603607 5.10723981 1.13598432 4.3825274  6.66184759 3.92076133
 3.00463436 0.98748947 3.06782068 4.43016098 0.51081395 2.41842628
 6.13417264] 2.505650734695549e-06 True
basinhopping step 29: f 3.06766e-06 trial_f 3.06766e-06 accepted 1  lowest_f 1.82326e-06
[4.79264779 1.8277465  1.37053301 1.28215275 4.76083467 2.27068192
 4.14882022 3.66124838 3.81080631 0.19846353 1.28075927 1.65671046
 1.58849488 5.10616667 1.15153084 4.46299001 6.41226393 4.36813505
 3.36788499 1.01184056 2.93426326 3.70251131 0.74076891 2.39952543
 5.97673172] 3.0676644491835033e-06 True
basinhopping step 30: f 1.71016e-05 trial_f 1.71016e-05 accepted 1  lowest_f 1.82326e-06
[3.9942035  1.02812117 1.2113563  1.62241899 4.49888046 2.21642559
 5.12582941 2.97311505 2.0568442  0.74892227 2.21064855 1.72985686
 2.56836782 6.42527229 2.57481615 4.70292939 5.71875487 4.59917301
 3.90524572 1.22676767 2.68481331 4.51430225 1.0843019  2.47200131
 5.25948115] 1.7101605184964402e-05 True
basinhopping step 31: f 4.03148e-06 trial_f 4.03148e-06 accepted 1  lowest_f 1.82326e-06
[2.9957623  0.44265309 1.45333772 1.24322257 4.37214905 1.58538466
 5.00477231 2.81089458 2.11451384 1.81457351 1.89898518 2.46125616
 2.50860726 5.81729477 2.7377332  5.27227775 6.01564928 4.76947687
 4.03693118 1.33247099 3.00906538 4.91619546 2.205775   2.79780214
 6.20245514] 4.031481545607118e-06 True
basinhopping step 32: f 2.63964e-06 trial_f 2.63964e-06 accepted 1  lowest_f 1.82326e-06
[3.16825522 0.6407036  1.9739466  1.01821851 4.18240443 1.34032694
 5.47425794 2.11884107 1.64903329 1.90631452 1.87203107 2.51226938
 2.90673406 5.42196885 3.01166466 5.38550039 6.06930257 4.98665654
 4.46626954 1.41510867 2.77795481 5.19383993 2.50831872 3.11371204
 5.96042473] 2.6396416993219927e-06 True
basinhopping step 33: f 1.70368e-06 trial_f 1.70368e-06 accepted 1  lowest_f 1.70368e-06
found new global minimum on step 33 with function value 1.70368e-06
[3.02616328 0.92574541 2.40680258 0.87025231 4.40038543 1.27417042
 5.12476579 1.75450755 1.76440575 2.57034535 2.43621691 2.05995462
 2.90581094 5.57736456 2.77370969 5.11622817 5.64724557 5.25118392
 4.29123194 1.19688403 2.7079316  5.50270468 2.84438019 3.30634498
 6.07246643] 1.703679336729973e-06 True
basinhopping step 34: f 2.27579e-06 trial_f 2.27579e-06 accepted 1  lowest_f 1.70368e-06
[2.72443847 1.17107082 3.01879764 0.94744115 4.48213615 0.99951185
 5.11966224 1.80012853 1.75470445 2.39259911 2.88702653 1.47768657
 2.38291021 5.695189   2.68860557 5.72431819 5.49310673 5.29654122
 4.52274266 0.87195147 2.31881551 5.5536349  2.9912715  2.85407695
 6.26154379] 2.2757852887384894e-06 True
basinhopping step 35: f 2.8895e-06 trial_f 2.8895e-06 accepted 1  lowest_f 1.70368e-06
[ 2.69805893  0.90842307  3.1819457   1.17273518  4.74110819  0.71624909
  5.04469046  1.61090972  1.9171149   2.69831492  2.45038827  1.3743193
  2.14290184  5.62200172  2.96346697  5.61117432  5.49065724  5.60897812
  4.11355102 -0.13292675  2.50515176  6.00492728  3.64664491  2.80243851
  5.44214152] 2.8894995623881155e-06 True
basinhopping step 36: f 1.25273e-05 trial_f 1.25273e-05 accepted 1  lowest_f 1.70368e-06
[ 2.62088308  1.16831942  2.44557764  1.36583418  5.96797832  0.0440758
  5.66880554  1.96228435  3.07137218  2.80516662  1.83587326  1.1768125
  1.50777904  5.23957758  1.7341806   6.1259796   5.85797893  6.02207068
  4.82609969 -0.3081071   2.13103282  6.39993274  3.58656584  3.17899405
  6.59025041] 1.2527267237304718e-05 True
basinhopping step 37: f 3.49316e-06 trial_f 3.49316e-06 accepted 1  lowest_f 1.70368e-06
[1.60208597 1.33641055 1.77853986 1.39536476 5.38866191 0.14310985
 5.72853914 1.96224411 2.38247536 1.59364673 1.65177634 3.95198041
 2.36067625 4.61176177 1.86989095 5.93007557 5.38705418 5.8797869
 5.11314395 0.02474333 2.24105056 5.69780758 3.61388256 4.10349172
 6.38254202] 3.493160599799491e-06 True
basinhopping step 38: f 3.99552e-06 trial_f 3.99552e-06 accepted 1  lowest_f 1.70368e-06
[2.69838599 2.0463095  2.16631973 1.72241793 5.92429473 0.64978802
 6.06908893 2.20499966 2.60776642 1.9426307  1.17529268 3.86261957
 1.57709569 4.36929303 2.38378422 5.58816477 4.87377136 5.57462815
 5.68062169 0.19902861 2.67038675 5.82341064 3.13216083 3.96686013
 6.29614211] 3.995517532899009e-06 True
basinhopping step 39: f 8.67106e-06 trial_f 8.67106e-06 accepted 1  lowest_f 1.70368e-06
[2.74746403 1.60577199 2.44171338 1.90044327 5.85365811 0.48988412
 6.21107486 2.06289147 2.89128668 2.16128784 1.23276863 3.89126856
 1.94614729 4.55304615 2.11524701 5.70606045 4.56208145 5.26627893
 5.46561452 0.17921212 2.93839682 5.44867322 3.03105433 3.43146196
 6.47459882] 8.671055936217688e-06 True
basinhopping step 40: f 1.13251e-05 trial_f 1.13251e-05 accepted 1  lowest_f 1.70368e-06
[3.38035479 1.61843427 2.15555439 1.73960093 5.40371832 0.11114188
 5.89786555 2.12187617 3.03606561 2.3928385  1.18739635 4.36457442
 1.85864106 4.41117847 1.9561932  5.67523262 5.03855629 5.18887097
 5.95451639 0.47420075 2.83864275 5.28048669 3.16008967 3.67835122
 5.95339538] 1.132511013419354e-05 True
basinhopping step 41: f 1.51296e-05 trial_f 1.51296e-05 accepted 1  lowest_f 1.70368e-06
[ 3.82521827  1.14929715  2.75758185  2.17192026  5.42856101 -0.16568973
  5.47779034  1.86054     3.25602021  1.98498224  1.30230849  4.26113124
  2.16086336  4.98894189  2.35771474  5.85123864  5.41675619  5.03578075
  5.80595946  0.44615782  2.9880363   4.72156722  2.94308649  3.68209767
  6.12782642] 1.5129552632579125e-05 True
basinhopping step 42: f 7.40611e-06 trial_f 7.40611e-06 accepted 1  lowest_f 1.70368e-06
[ 6.42510989  0.8820338   2.2794233   1.84438646  4.67093654 -0.20255142
  5.46227483  2.30483562  3.04077182  1.75160526  1.30977568  4.5446285
  1.40534434  4.91951399  2.10896948  5.68956897  5.32912458  5.46218061
  5.09247951  0.13167057  3.07377953  4.95325039  3.04007742  3.82361016
  5.9956144 ] 7.406112993143325e-06 True
basinhopping step 43: f 1.25899e-05 trial_f 1.25899e-05 accepted 1  lowest_f 1.70368e-06
[5.92289345 1.0949234  2.74857261 1.83842945 4.52316509 0.09202272
 5.15874506 2.74593007 2.82060802 1.83297842 1.47018916 4.74808789
 0.95075134 5.1652946  2.50519211 5.40354089 5.72347463 5.19547632
 5.33185227 0.14036001 2.87532474 4.46902313 3.05668813 3.59926341
 6.03393975] 1.2589857563155352e-05 True
basinhopping step 44: f 9.68886e-06 trial_f 9.68886e-06 accepted 1  lowest_f 1.70368e-06
[5.84194483 1.42691935 2.05957756 1.49795855 4.54205274 0.42688664
 4.83493165 2.76582478 3.34042069 1.44978515 1.88881911 5.02220745
 1.10939559 5.20136675 2.69711716 4.98951944 5.1181478  5.57997087
 5.00833285 0.16972528 2.35796373 4.9222983  2.82869397 3.46105332
 6.58094058] 9.688860917530238e-06 True
basinhopping step 45: f 5.59244e-06 trial_f 5.59244e-06 accepted 1  lowest_f 1.70368e-06
[ 5.96146597  1.93656709  1.94979889  1.18424325  4.45510138  1.30453036
  4.51886746  2.43465564  2.64452836  1.29654995  1.25001439  4.43773366
  1.00940722  4.77111018  2.76999909  5.31599129  5.06848163  5.93605528
  4.67769781 -0.12039671  2.45603689  4.86206375  2.48051622  3.65943581
  5.97667047] 5.592436221543672e-06 True
basinhopping step 46: f 1.02354e-05 trial_f 1.02354e-05 accepted 1  lowest_f 1.70368e-06
[ 6.07140547  2.15860482  2.61569244  1.21852361  4.91261832  0.60451583
  5.0059151   1.50209993  2.7585261   1.61145139  1.64464019  4.68703941
  1.12087564  5.06520221  2.86145465  5.09201969  4.9535091   5.92343488
  3.87243112 -0.20763377  2.28297418  5.22320834  2.57175398  3.52420115
  6.06324517] 1.0235405193269846e-05 True
basinhopping step 47: f 9.77353e-06 trial_f 9.77353e-06 accepted 1  lowest_f 1.70368e-06
[6.4290824  2.57188242 2.09040145 1.35341922 4.90397882 0.81848631
 5.39256719 1.00200378 3.55498768 1.18367429 1.54170081 5.20726391
 1.77948002 4.66228298 2.89190732 4.80932741 4.67800769 5.43186556
 4.35998034 0.83110117 1.81329282 5.48393366 2.47932656 2.83091743
 6.01653697] 9.773527975456035e-06 True
basinhopping step 48: f 1.33807e-05 trial_f 1.33807e-05 accepted 1  lowest_f 1.70368e-06
[5.34633156 2.31531402 1.80622118 1.09882679 4.95337091 0.35496652
 5.96735756 0.99589976 4.60598343 0.99055099 1.87657621 5.82705872
 1.61160825 4.58920859 2.8537501  4.69726976 4.7307677  5.54953229
 4.11875126 1.40436746 2.68755226 5.95122321 2.28166723 2.73121901
 5.98790345] 1.338072184307477e-05 True
basinhopping step 49: f 4.64986e-06 trial_f 4.64986e-06 accepted 1  lowest_f 1.70368e-06
[4.80447357 2.64047227 1.77369438 1.24298174 4.51358887 0.91107382
 6.51953915 0.8032392  4.83748542 1.26088976 2.2772474  5.46766441
 1.83125672 4.00321957 1.0771961  4.3397457  5.42123221 4.84950933
 4.60971098 2.43282881 2.91074634 6.42858722 2.59119802 2.33863774
 5.05594637] 4.649863643455877e-06 True
adaptive stepsize: acceptance rate 0.980000 target 0.500000 new stepsize 0.555556 old stepsize 0.5
basinhopping step 50: f 6.89189e-06 trial_f 6.89189e-06 accepted 1  lowest_f 1.70368e-06
[4.39282187 2.17294604 1.96543252 1.21097426 4.11126686 0.98939566
 6.11680256 0.5005681  4.40130496 1.35054988 2.33102104 4.95202268
 1.94402051 3.72886393 1.46937796 4.33563258 4.99922859 4.2462442
 4.43879958 2.35989691 2.9898124  6.02057371 2.36777819 2.55155363
 5.13961916] 6.891886227054959e-06 True
basinhopping step 51: f 6.46944e-06 trial_f 6.46944e-06 accepted 1  lowest_f 1.70368e-06
[4.53290108 1.96438402 2.22655542 1.19450983 4.03276454 1.14947527
 6.36653613 0.81617547 4.13779372 1.59134642 2.79107445 4.50580375
 2.32566855 4.024115   1.32709111 4.99404599 4.83674655 4.00631013
 4.36016011 2.07793678 3.45929365 5.45645513 2.36914859 2.60016305
 5.40241565] 6.469441871956476e-06 True
basinhopping step 52: f 5.83456e-06 trial_f 5.83456e-06 accepted 1  lowest_f 1.70368e-06
[5.12880009 1.52213669 2.38511226 1.01926214 4.26866081 1.34833147
 5.75567638 1.0662229  3.86360614 1.32929438 2.14152699 4.24841237
 2.37353096 4.22911094 0.88792697 4.44870756 5.42882297 3.31895599
 4.78031609 2.10192523 3.01193107 5.37839863 2.5982103  2.47582845
 4.98237841] 5.834556624908573e-06 True
basinhopping step 53: f 8.10293e-06 trial_f 8.10293e-06 accepted 1  lowest_f 1.70368e-06
[4.96459018 2.02191728 2.31544686 1.23586947 4.43499915 0.67531068
 6.44111684 0.70320499 4.44320074 1.34990409 1.81520981 3.60990277
 2.58496462 3.81572679 1.42707214 4.68753479 5.23998005 3.01248886
 5.14631794 2.38880939 2.30132707 5.85668795 2.18315102 1.84470342
 4.43828716] 8.10292574564513e-06 True
basinhopping step 54: f 3.14704e-06 trial_f 3.14704e-06 accepted 1  lowest_f 1.70368e-06
[ 6.07246549  2.80821002  2.84536019  0.73162991  3.82408894 -0.03612659
  5.98919856  0.07437355  4.95627563  1.92266013  1.34612287  3.28720062
  2.73126591  3.15016749  0.42948486  5.62823298  5.60486811  2.98782613
  5.33105413  2.31154093  2.9701231   5.60251173  1.38635639  1.62908511
  4.31185293] 3.1470420963501367e-06 True
basinhopping step 55: f 4.29411e-06 trial_f 4.29411e-06 accepted 1  lowest_f 1.70368e-06
[5.72760116 2.77910586 3.29241234 0.07602473 4.1373464  0.58000298
 5.88699016 0.26756802 4.78229688 1.46347369 1.36002811 3.13632141
 3.24570502 2.85419795 0.49176105 6.02226796 5.98092856 3.2840528
 5.45686748 2.08667175 2.80143424 5.84306612 1.83133479 2.05007025
 4.07746198] 4.29411323343466e-06 True
basinhopping step 56: f 3.51827e-06 trial_f 3.51827e-06 accepted 1  lowest_f 1.70368e-06
[5.30971245 3.00917122 3.39976676 0.01895321 4.40931609 0.42086274
 6.04866586 0.53536806 5.07580502 0.814468   0.97049125 3.30736542
 3.52290806 3.39635108 0.72672048 5.85648146 6.66048673 3.14086909
 5.29357003 1.83640765 2.7943679  5.72729073 2.13753558 2.40169936
 3.68871945] 3.518273997207672e-06 True
basinhopping step 57: f 3.95006e-06 trial_f 3.95006e-06 accepted 1  lowest_f 1.70368e-06
[5.02197983 3.05821824 2.86128329 0.21962726 4.59651897 0.36998912
 6.05539858 0.10949949 4.77187832 0.35141344 1.57574514 3.44469817
 3.50305384 3.69492903 0.36123351 6.81987274 6.46643426 3.06463158
 5.71464793 1.58317406 2.43882468 5.54369858 2.19808499 2.41821074
 3.161102  ] 3.950063923614688e-06 True
basinhopping step 58: f 2.90335e-06 trial_f 2.90335e-06 accepted 1  lowest_f 1.70368e-06
[ 4.63337541  3.23316957  2.74883104  0.09459853  4.00684061 -0.04256296
  5.82050518  0.40947701  4.55759082  0.43510074  1.16962404  3.7327972
  3.31388094  3.27919293  0.96250828  6.31399231  6.89740773  2.77654335
  5.3464753   1.96749437  2.3867535   6.46008689  2.38651699  2.29025731
  3.07490674] 2.90335480080855e-06 True
basinhopping step 59: f 1.07165e-05 trial_f 1.07165e-05 accepted 1  lowest_f 1.70368e-06
[ 4.56739256  3.70112165  2.29119545  0.44815616  4.04782687 -0.00762955
  6.01721832  0.54954653  4.64177388 -0.01145909  1.72975781  3.37098476
  2.92190012  3.48835811  1.4986543   5.76890365  6.38085363  2.44754587
  5.51255866  2.33526341  2.39662101  5.69825157  2.88968179  2.86862034
  3.93921903] 1.0716506019176522e-05 True
basinhopping step 60: f 4.54851e-06 trial_f 4.54851e-06 accepted 1  lowest_f 1.70368e-06
[4.62550549 4.33292621 3.32948465 0.61728183 3.79888662 0.29289201
 6.36061501 0.62830138 4.88053725 0.51577171 1.28732204 3.65588451
 3.34016295 3.49363769 1.20649463 6.50487739 6.28191853 2.56457424
 4.94280614 1.63624039 2.74196901 5.77035072 3.03855904 2.91184933
 4.28628875] 4.548510682310795e-06 True
basinhopping step 61: f 2.903e-06 trial_f 2.903e-06 accepted 1  lowest_f 1.70368e-06
[ 5.0416134   4.58171181  3.65523012  0.77751438  4.10418735  0.58857142
  5.89973165 -0.05143101  5.55012711  0.17001206  1.08394832  3.50864821
  2.96282936  3.73283512  1.07022121  5.81750495  6.02900691  3.14038227
  5.55743973  2.17507666  3.01267724  6.37546089  2.8586115   2.84718173
  4.32846005] 2.903001284598682e-06 True
basinhopping step 62: f 8.89829e-06 trial_f 8.89829e-06 accepted 1  lowest_f 1.70368e-06
[4.62025696 4.70983082 3.17647342 0.77138359 4.15462839 0.92988475
 5.66799481 0.02535674 5.69867431 0.06397872 1.65990857 3.25681965
 2.99851807 4.06684343 0.95215474 5.97081782 5.97934909 2.95657691
 5.71637376 2.1836146  3.03608444 5.86013841 2.81786644 2.88460335
 5.06848855] 8.898292824870078e-06 True
basinhopping step 63: f 5.33581e-06 trial_f 5.33581e-06 accepted 1  lowest_f 1.70368e-06
[ 4.69973073  4.37754385  2.87936683  0.80529678  3.60474146  1.33350574
  6.10895198  0.1283136   5.59012814 -0.03362452  1.91698271  3.52672275
  2.69581083  3.92757943  0.39970962  5.81063767  5.56382432  2.78242692
  5.34663254  1.83452389  3.17871033  5.77952591  2.79687653  2.42786203
  5.36143379] 5.335811867082614e-06 True
basinhopping step 64: f 5.48798e-06 trial_f 5.48798e-06 accepted 1  lowest_f 1.70368e-06
[4.99232298 3.99596222 2.28305349 0.79490177 3.44242482 1.21695904
 6.29057646 0.34230626 5.74847286 0.33916975 2.41732211 3.0750639
 2.46088746 4.12655481 0.33422555 5.46991437 5.63845034 2.72584824
 5.32477635 2.16422053 3.12513249 5.36880938 3.0835388  2.31632248
 5.09735465] 5.487978245330723e-06 True
basinhopping step 65: f 5.29712e-06 trial_f 5.29712e-06 accepted 1  lowest_f 1.70368e-06
[ 3.96024236  3.32521807  2.120784    1.04219024  2.99487327  0.77688374
  5.85790061  0.4295809   7.28167471  0.64374847  1.86094175  3.50222621
  2.95673848  3.18250776 -0.83715682  5.42114213  6.18183533  1.71349571
  5.77226993  1.9068769   2.69465441  6.57904494  3.25639307  2.69638458
  5.92509573] 5.297115123266372e-06 True
basinhopping step 66: f 6.88423e-06 trial_f 6.88423e-06 accepted 1  lowest_f 1.70368e-06
[ 4.30870718  3.52459019  2.62917946  0.80060732  3.20225799  1.03024227
  5.64212809  0.7274217   6.3951009   1.03872389  1.95464619  2.99181605
  3.50030911  3.41401885 -0.3982055   5.05079041  5.80065966  2.03200181
  5.46666011  1.60064758  2.99739807  6.24686564  2.91917141  2.70974281
  6.04015137] 6.884228940889313e-06 True
basinhopping step 67: f 6.79776e-06 trial_f 6.79776e-06 accepted 1  lowest_f 1.70368e-06
[4.63179692 4.16653743 2.54719658 1.26843761 3.25441609 1.20142855
 6.09980874 0.98086034 6.14665787 0.39737325 2.69827062 3.1197198
 3.55242918 3.11003336 0.08275843 5.14355717 6.32233477 1.98032452
 5.32319153 1.4910517  2.82125134 6.38180511 2.95209049 2.69955675
 5.78251135] 6.7977607465824835e-06 True
basinhopping step 68: f 1.43727e-05 trial_f 1.43727e-05 accepted 1  lowest_f 1.70368e-06
[4.56995593 4.0774357  3.11367733 1.16344584 3.25773612 1.93556505
 6.11373856 0.92285975 6.05806072 0.43547652 2.40880997 3.52118258
 3.90745536 3.15961853 0.09625768 5.2663499  5.90454165 2.27692167
 5.03834053 1.40369152 2.66364753 6.27033869 2.9075624  3.22623935
 5.96077048] 1.4372687728933298e-05 True
basinhopping step 69: f 1.66009e-05 trial_f 1.66009e-05 accepted 1  lowest_f 1.70368e-06
[4.18047977 4.09130479 3.20292225 1.28696246 2.9387222  2.62206834
 6.12364788 1.2527825  6.12970608 0.11178371 2.72193282 3.27244019
 4.05517092 2.6351702  0.17233147 5.05167624 5.53593727 2.16536221
 4.88717662 1.20030061 2.42861275 6.16224939 2.39676686 3.19059722
 5.84936071] 1.660085734682561e-05 True
basinhopping step 70: f 6.23357e-06 trial_f 6.23357e-06 accepted 1  lowest_f 1.70368e-06
[3.40215597 3.45328419 3.00949517 2.18844171 2.5311606  3.02289479
 6.2509482  1.39665444 6.27692871 0.34730541 2.45854912 3.25737393
 3.75085881 2.74084989 0.2265781  5.27756547 5.57196078 1.75749856
 4.13031702 1.39322061 2.2516752  5.29648255 1.89186514 3.21776692
 5.51616467] 6.233565902560892e-06 True
basinhopping step 71: f 2.87302e-06 trial_f 2.87302e-06 accepted 1  lowest_f 1.70368e-06
[3.02296655 3.15763819 3.05390407 2.15917938 2.3992969  3.19872021
 6.15984395 1.19892283 6.20768944 0.46870064 1.90919097 3.80403571
 4.00297103 2.86575199 0.07578474 5.98894982 5.80211678 2.30210805
 4.67336814 1.71579571 2.21341957 5.6476234  1.54903788 3.34501678
 5.41271074] 2.873015865634133e-06 True
basinhopping step 72: f 5.02333e-06 trial_f 5.02333e-06 accepted 1  lowest_f 1.70368e-06
[2.96742285 3.53115757 2.97429977 3.03409478 2.38989453 3.56598502
 5.9935932  1.28655834 6.14384955 0.84138163 1.82954712 3.79783963
 3.9932576  3.20739676 0.14509851 6.37583748 5.59936439 2.47929523
 4.59930213 2.3755814  2.3603592  5.98383365 1.78446514 3.54246295
 5.3136038 ] 5.023331182627343e-06 True
basinhopping step 73: f 9.11308e-06 trial_f 9.11308e-06 accepted 1  lowest_f 1.70368e-06
[2.71879097 3.51220529 3.29951654 3.19422804 2.1639706  3.15216944
 5.90483784 0.89944745 6.26259804 0.72546801 1.82343062 4.33231927
 3.57643645 3.38262876 0.42977543 5.83571694 5.37647801 2.71757894
 4.82422758 2.79677378 2.79916283 5.64013739 2.03989235 3.86284993
 5.12714383] 9.113078974563441e-06 True
basinhopping step 74: f 9.23194e-06 trial_f 9.23194e-06 accepted 1  lowest_f 1.70368e-06
[2.59059541 3.63541551 3.58677372 2.25025305 2.28102676 3.32685288
 5.85456406 0.45804052 5.84539539 0.45583345 1.32466935 4.38080648
 3.25372275 3.14543316 0.60226336 5.87645039 5.41714881 2.80301455
 5.16470087 2.62441568 2.74080445 5.76910328 2.10828884 4.13539444
 4.75704502] 9.231938272829827e-06 True
basinhopping step 75: f 5.87534e-06 trial_f 5.87534e-06 accepted 1  lowest_f 1.70368e-06
[2.91668095 3.35236304 3.51675738 2.09047917 2.576092   3.52578375
 6.34418385 0.11054207 5.51454908 0.7882152  1.05815353 4.33037521
 3.59394146 3.02807135 0.58667332 5.47544731 5.72021359 2.9152222
 5.38620966 2.30921144 2.91084585 5.95630309 2.23448113 4.2017747
 4.89704941] 5.8753398016294185e-06 True
basinhopping step 76: f 8.28645e-06 trial_f 8.28645e-06 accepted 1  lowest_f 1.70368e-06
[2.92034837 3.38874874 3.57235632 2.54163207 2.65421417 3.21101013
 6.12284137 0.28947432 4.8779736  0.90985682 0.73923358 4.02110709
 3.05995289 2.84777514 1.01828436 5.838077   5.34148754 2.76140522
 4.84239225 2.6122165  2.9002407  5.42719832 1.82958188 3.87805312
 5.35828049] 8.286449665192005e-06 True
basinhopping step 77: f 1.3676e-05 trial_f 1.3676e-05 accepted 1  lowest_f 1.70368e-06
[1.94151357 2.74060996 2.38686775 2.75015973 3.18298441 3.3387303
 6.51314739 1.16597467 4.38338537 1.17616592 0.26272966 3.75107434
 3.80610512 3.4309579  0.30109084 5.62686867 5.3822886  2.09172875
 5.35753267 3.18613147 3.43986536 5.87433228 2.50478981 3.65654453
 5.46196858] 1.3675974060206832e-05 True
basinhopping step 78: f 1.03347e-05 trial_f 1.03347e-05 accepted 1  lowest_f 1.70368e-06
[ 1.95435684  3.52900931  3.03222345  2.09847656  2.42803355  4.20754435
  6.09756283  0.59718427  4.5915689   0.53864253  0.26092278  3.99830452
  3.49578092  3.4455149  -0.42534857  5.88510051  5.4430352   1.83419827
  5.21945173  2.83905649  3.50758043  5.61688258  2.69764931  3.35318739
  5.55191904] 1.0334692111295883e-05 True
basinhopping step 79: f 6.65415e-06 trial_f 6.65415e-06 accepted 1  lowest_f 1.70368e-06
[1.93727833 3.59559446 3.21326328 2.59064607 2.53848563 4.1918602
 5.87237676 0.38518249 4.21844597 0.12504869 0.29984859 3.67047485
 3.22181236 3.55572301 0.16943634 5.74625471 5.3892456  1.41890401
 5.484202   2.88690063 4.31196354 5.71405292 2.16349701 3.28086642
 5.36187997] 6.654149454786496e-06 True
basinhopping step 80: f 7.55191e-06 trial_f 7.55191e-06 accepted 1  lowest_f 1.70368e-06
[ 2.08031887e+00  3.79083491e+00  3.09444488e+00  2.74754729e+00
  2.90652491e+00  4.40283130e+00  6.28722308e+00  5.73496985e-01
  4.46861871e+00  7.17517121e-02  4.46883646e-01  3.32770586e+00
  3.41582810e+00  4.03093883e+00 -5.86614179e-03  6.00117724e+00
  5.62822775e+00  1.44320151e+00  5.38296938e+00  2.56699596e+00
  4.12067674e+00  5.72222293e+00  2.31492422e+00  3.35400336e+00
  5.41718308e+00] 7.551914571937297e-06 True
basinhopping step 81: f 6.18288e-06 trial_f 6.18288e-06 accepted 1  lowest_f 1.70368e-06
[2.25505979 3.81204579 3.11472898 2.5064635  3.45254307 4.61847656
 6.20762362 0.75093697 4.71389799 0.25465116 0.81829886 3.48937274
 3.85379574 4.22525747 0.50843967 6.10641425 5.97545834 1.14136135
 5.76912086 2.99921084 3.78969323 6.01813254 2.72977129 2.64018695
 5.00217121] 6.1828808139241395e-06 True
basinhopping step 82: f 1.75265e-06 trial_f 1.75265e-06 accepted 1  lowest_f 1.70368e-06
[2.49370433 4.08238657 3.758694   2.93620217 3.69387109 4.21262902
 6.11862108 1.23836222 4.41616678 0.65457594 0.43537022 3.14110761
 3.26844399 3.90689141 0.80784508 5.93580061 6.17387028 0.5143096
 5.89170777 2.70576293 3.7667935  6.03577726 2.11689372 2.30953079
 4.62394537] 1.7526547949243447e-06 True
basinhopping step 83: f 8.96599e-06 trial_f 8.96599e-06 accepted 1  lowest_f 1.70368e-06
[3.08549661 3.73282379 2.93060565 2.81103131 3.70445808 4.68500681
 6.59942126 0.95833597 4.50997682 1.51710249 0.4787231  2.89006669
 3.33524924 3.49142183 0.97500194 5.99410831 5.84432368 0.74338965
 5.77264379 2.68287662 3.4339362  5.57491065 2.37034876 2.40587258
 4.21937099] 8.965993878033314e-06 True
basinhopping step 84: f 3.68091e-06 trial_f 3.68091e-06 accepted 1  lowest_f 1.70368e-06
[2.8094442  3.05018555 2.95762151 2.41749188 3.05614254 4.24997282
 6.79316636 1.33346418 3.7855044  1.28614216 0.60319114 3.63177477
 4.54412847 3.75171546 1.0818601  5.93992415 6.66306685 0.71448012
 5.30295065 3.62106854 4.04988581 5.32125923 1.36880269 1.52392773
 3.9318342 ] 3.680906219812545e-06 True
basinhopping step 85: f 1.37056e-06 trial_f 1.37056e-06 accepted 1  lowest_f 1.37056e-06
found new global minimum on step 85 with function value 1.37056e-06
[2.34625173 2.69908744 3.27028601 2.96293682 3.12073109 3.74625253
 6.52763727 1.59992716 4.26604409 1.85301824 0.95825383 3.26735142
 3.95457969 3.69602335 1.10844678 5.89062926 6.59761937 0.77321708
 5.96754343 3.87721435 3.73181591 5.04295315 1.17132137 1.27215496
 3.95230465] 1.3705586305618902e-06 True
basinhopping step 86: f 3.63669e-06 trial_f 3.63669e-06 accepted 1  lowest_f 1.37056e-06
[4.23982874 1.77477644 2.82150186 3.15143152 3.90199256 4.79470037
 7.19334322 1.41843647 4.10959036 1.59975963 1.31346936 3.43467084
 3.07058544 3.14492583 0.64626809 6.34896731 5.91471906 0.25015747
 6.46702441 2.0906727  3.46764014 6.25776061 0.61769517 1.49316307
 3.52193598] 3.6366895586415774e-06 True
basinhopping step 87: f 6.99761e-06 trial_f 6.99761e-06 accepted 1  lowest_f 1.37056e-06
[3.63980676 1.46225561 2.58460062 3.98012243 3.82075993 4.82210602
 6.38106573 1.69745238 4.14058824 1.40442627 0.82920358 3.11525999
 3.72905329 2.60063726 0.23634219 6.04455375 5.99324035 0.52789301
 6.17661231 2.31104641 3.21623608 6.04647167 1.13819909 0.95337839
 3.42506967] 6.997607958907432e-06 True
basinhopping step 88: f 4.62306e-06 trial_f 4.62306e-06 accepted 1  lowest_f 1.37056e-06
[3.73061631 1.49221341 2.01884972 3.89117248 3.94232998 4.66919699
 5.91965669 1.89083543 3.91519316 0.84764443 0.95364121 2.86167521
 3.93319783 2.51044979 0.41846372 6.19230896 6.28245414 0.4010206
 6.30475688 2.53056719 3.03218885 6.02248973 0.70982747 1.18298171
 3.6830633 ] 4.62305711410146e-06 True
basinhopping step 89: f 1.18975e-05 trial_f 1.18975e-05 accepted 1  lowest_f 1.37056e-06
[3.31045493 1.34432594 2.3789846  3.60802412 4.17405164 4.60945084
 6.61454108 1.28619058 4.36216627 0.68039701 0.72833241 3.39097725
 4.16983444 3.23327717 0.8811045  6.0411428  6.20268752 0.1510161
 5.22501379 2.00678774 2.20318285 5.99604948 0.21012363 1.13289008
 3.95309516] 1.1897464517664944e-05 True
basinhopping step 90: f 4.63776e-06 trial_f 4.63776e-06 accepted 1  lowest_f 1.37056e-06
[4.01217224 1.18279436 2.91580052 3.91048161 4.2945516  4.71684816
 6.03641141 1.45244286 4.3388262  0.49678001 0.80452231 3.52046459
 3.82190024 3.74934581 1.08630357 6.25444992 5.89451986 0.15800437
 5.56742383 2.28487675 1.97895452 5.75295842 0.34129953 0.93088294
 3.92010665] 4.637762056125627e-06 True
basinhopping step 91: f 1.30105e-05 trial_f 1.30105e-05 accepted 1  lowest_f 1.37056e-06
[ 4.23620008  0.85175585  3.0564494   3.51784014  4.01101879  4.69254343
  6.49825177  1.45821311  4.37233562  0.41438983  0.32510361  3.92097123
  3.74022356  4.60233118  1.16242774  6.2079957   5.70953628 -0.23604714
  5.32512573  2.29049108  2.85531795  5.5512572   0.29641479  0.27699325
  3.45949228] 1.3010511594208917e-05 True
basinhopping step 92: f 3.99158e-06 trial_f 3.99158e-06 accepted 1  lowest_f 1.37056e-06
[ 4.32793693  0.86137041  3.50842741  3.75794238  4.00672122  4.65379241
  5.67318613  1.13610286  4.44990981  0.51380623  0.90373208  3.93048351
  3.89567814  4.88156626  1.17258592  6.49328457  5.87891975 -0.34998223
  5.54471568  1.7858813   2.93901186  6.25732925  0.45757823 -0.01087905
  3.30196688] 3.991575927371444e-06 True
basinhopping step 93: f 2.03662e-06 trial_f 2.03662e-06 accepted 1  lowest_f 1.37056e-06
[ 4.06108936  1.00947134  3.71694112  3.53216094  3.77674913  4.61422934
  5.44764439  1.08621743  4.40106573  0.33158755  0.30137029  2.76640021
  5.09043769  5.839757    0.89531315  6.07068039  6.17888385 -0.25678068
  6.03372685  1.80385755  2.90246439  6.11849331  0.60216413  0.36829404
  3.22267433] 2.036620855122631e-06 True
basinhopping step 94: f 5.43278e-06 trial_f 5.43278e-06 accepted 1  lowest_f 1.37056e-06
[ 4.15832034  0.54486511  3.46614399  3.77004168  3.88711044  4.73289667
  5.55455198  1.23084256  4.08074357  0.69249071 -0.00688368  2.6950007
  5.07202634  5.51968118  0.94576584  5.9649085   5.93158471  0.12352202
  6.37210977  2.50086493  3.11239656  5.97005335  0.77881187 -0.0572258
  2.68844696] 5.432778513938928e-06 True
basinhopping step 95: f 4.44273e-06 trial_f 4.44273e-06 accepted 1  lowest_f 1.37056e-06
[ 4.43520636  0.52873667  4.08098439  3.63392023  3.17954927  3.91129153
  4.83190423  1.63973319  4.21224465  1.49361109  1.52176874  3.36112133
  4.48477468  6.34270227  1.17138594  6.52271807  6.51814248  1.37936044
  6.16218914 -0.21582422  2.12338221  6.20131465  0.56769546 -0.37086375
  3.7238743 ] 4.442732985840383e-06 True
basinhopping step 96: f 7.7039e-06 trial_f 7.7039e-06 accepted 1  lowest_f 1.37056e-06
[4.64591253 0.39210609 4.05000048 3.31860705 2.71177192 3.62504553
 4.75527759 1.55704588 4.2728127  1.56582787 1.77959607 3.64527795
 4.00536148 6.2308057  0.54669179 6.07179595 6.02954136 1.39015871
 6.12765527 0.14182937 2.25428216 6.32939574 0.32499206 0.73202353
 3.47643029] 7.703895489355044e-06 True
basinhopping step 97: f 6.52852e-06 trial_f 6.52852e-06 accepted 1  lowest_f 1.37056e-06
[ 3.15989041 -0.56641306  3.26459507  3.1811418   3.45297376  3.69789367
  4.62409155 -0.17224598  4.63078292  1.32827276  1.57017153  4.19966988
  3.92799051  6.87549998  0.26170462  5.36348462  5.5723065   0.84888526
  5.76252114  0.60817434  3.57678312  7.56782848  1.13260372  0.99682174
  4.41579173] 6.528523417112933e-06 True
basinhopping step 98: f 5.34481e-06 trial_f 5.34481e-06 accepted 1  lowest_f 1.37056e-06
[2.99478186 0.18964482 2.53507122 3.47956361 3.55632968 3.39709972
 5.43899136 0.473206   4.55286061 1.25367975 1.67533573 3.24654405
 3.41193447 6.37691199 0.2414626  6.07748189 5.84331472 0.55432476
 5.42693504 0.72591917 4.44807405 6.86216861 1.05038273 1.27335068
 4.80729775] 5.344806995381752e-06 True
basinhopping step 99: f 1.29106e-05 trial_f 1.29106e-05 accepted 1  lowest_f 1.37056e-06
[3.70126734 0.66284605 1.64303978 4.12569275 3.93697422 3.95580185
 5.01301992 0.42213935 5.05148855 1.36841991 1.70344829 3.84942173
 3.28016423 6.2277459  0.50541972 6.15487204 5.70989638 0.04159333
 5.55280635 0.47534406 3.48155534 6.10861414 1.01805896 0.96946636
 4.9219062 ] 1.291060983357357e-05 True
adaptive stepsize: acceptance rate 0.990000 target 0.500000 new stepsize 0.617284 old stepsize 0.555556
basinhopping step 100: f 5.90795e-06 trial_f 5.90795e-06 accepted 1  lowest_f 1.37056e-06
[3.25049721 0.67790012 1.36248931 4.3623316  4.5612269  4.44624005
 5.19620286 1.11173792 3.91924596 0.90218847 1.82282758 4.28696441
 3.94782955 6.06334979 0.79109744 5.86177046 5.61489279 0.70633415
 4.8511312  0.4794221  3.23059539 6.05495645 0.89636801 0.5923602
 5.61192427] 5.907949140480722e-06 True
                        fun: 1.3705586305618902e-06
 lowest_optimization_result:       fun: 1.3705586305618902e-06
 hess_inv: array([[ 1.14822746e+03,  2.24311892e+02, -1.07742085e+02,
        -7.57732416e+01, -2.04491942e+02, -4.45409281e+02,
         2.00860650e+02, -3.66068681e+02, -7.01389210e+02,
        -1.31703767e+02, -3.55393352e+02,  3.22886771e+02,
         1.20158218e+02,  4.04454157e+01, -9.45681849e+01,
         8.80060932e+01,  7.55951895e+02,  3.40621296e+02,
         3.94630043e+02,  2.30100331e+02, -9.10928992e+01,
        -1.95590957e+02, -6.51231813e+02, -4.43828084e+02,
        -4.93345172e+00],
       [ 2.24311892e+02,  2.07056644e+02,  2.00454925e+01,
         1.24136432e+02, -1.90288669e+02, -2.65005667e+02,
         1.45726858e+02, -1.76040151e+02,  6.17327156e+01,
         1.34829087e+02, -5.81037320e+01,  5.00593677e+01,
        -8.15149876e+01,  4.58432057e+01, -8.23099673e+01,
         8.42428465e+01,  1.35277425e+02,  5.40670443e+01,
         9.47857156e+01,  4.95963031e+01,  3.23316776e+01,
        -6.45772351e+01, -1.02212447e+02, -1.11537819e+02,
        -3.32465877e+02],
       [-1.07742085e+02,  2.00454925e+01,  3.23300569e+02,
         2.45727699e+02, -2.66278320e+02, -1.15297740e+01,
         1.27279189e+02, -7.27445961e+01,  4.23686294e+02,
         2.40540089e+02,  1.86991471e+02, -1.76056870e+02,
        -9.45624234e+01, -6.36281162e+01, -6.20276407e+01,
         6.57260912e+01, -3.01188534e+02, -1.79790002e+02,
        -6.73122424e+01, -1.10186892e+02,  9.86152487e+01,
         1.22860290e+01,  2.27665646e+02,  3.03023912e+01,
        -4.87208059e+02],
       [-7.57732416e+01,  1.24136432e+02,  2.45727699e+02,
         3.74368415e+02, -3.18668357e+02, -3.70499937e+01,
         2.00736265e+02, -1.20728950e+02,  6.40199975e+02,
         2.75545464e+02,  2.24149474e+02, -1.42727938e+02,
        -2.54471778e+02, -2.09224592e+01, -1.25978085e+02,
         1.35132430e+02, -4.22718892e+02, -2.29830286e+02,
        -1.36132713e+02, -1.32757532e+02,  1.43546962e+02,
         5.15133978e+00,  2.62100733e+02, -2.09602204e+01,
        -5.89831606e+02],
       [-2.04491942e+02, -1.90288669e+02, -2.66278320e+02,
        -3.18668357e+02,  5.41630029e+02,  2.95979708e+02,
        -2.40794088e+02,  2.19336190e+02, -5.06321142e+02,
        -3.99207918e+02, -1.30155380e+02,  1.08655931e+02,
         1.32135166e+02, -1.09388137e+01,  1.40842861e+02,
        -1.56019836e+02,  8.74878206e+01,  7.17591846e+01,
        -5.30959627e+01,  2.01800625e+01, -1.23146906e+02,
         6.81753766e+01, -6.95063668e+01,  1.17570262e+02,
         8.66779155e+02],
       [-4.45409281e+02, -2.65005667e+02, -1.15297740e+01,
        -3.70499937e+01,  2.95979708e+02,  6.44195682e+02,
        -1.28618230e+02,  2.49113975e+02,  2.65369836e+02,
        -2.37338556e+02,  2.89588070e+02, -1.15854859e+02,
        -5.91113102e+01, -1.40097830e+02,  5.87283387e+01,
        -5.55969958e+01, -7.03571211e+02, -2.93213883e+02,
        -3.37029312e+02, -1.78373430e+02,  7.00692762e+01,
         8.56114316e+01,  3.57192074e+02,  2.25880826e+02,
         4.70397181e+02],
       [ 2.00860650e+02,  1.45726858e+02,  1.27279189e+02,
         2.00736265e+02, -2.40794088e+02, -1.28618230e+02,
         1.84381900e+02, -1.72355222e+02,  2.64360074e+02,
         1.45916769e+02,  7.22489707e+01, -2.00742273e+01,
        -1.31358223e+02, -1.23798250e+01, -1.02649134e+02,
         1.07939431e+02, -1.08039649e+02, -6.95772579e+01,
         8.25197068e+00, -2.55770948e+01,  8.73784405e+01,
        -5.72358411e+01,  2.30736531e+01, -1.05740193e+02,
        -3.92878566e+02],
       [-3.66068681e+02, -1.76040151e+02, -7.27445961e+01,
        -1.20728950e+02,  2.19336190e+02,  2.49113975e+02,
        -1.72355222e+02,  2.13650289e+02, -4.17137803e+00,
        -1.06098274e+02,  5.64826966e+01, -5.32980239e+01,
         5.22619324e+01, -1.66555241e+01,  8.91292689e+01,
        -8.96403453e+01, -1.57543157e+02, -5.73310128e+01,
        -1.21154676e+02, -5.23672315e+01, -3.68405176e+01,
         8.72954633e+01,  1.44585977e+02,  1.71568893e+02,
         3.21828163e+02],
       [-7.01389210e+02,  6.17327156e+01,  4.23686294e+02,
         6.40199975e+02, -5.06321142e+02,  2.65369836e+02,
         2.64360074e+02, -4.17137803e+00,  1.78941677e+03,
         5.56884793e+02,  7.30506837e+02, -4.58775745e+02,
        -5.45559404e+02, -1.00489889e+02, -1.89509791e+02,
         2.28512576e+02, -1.34282041e+03, -6.62215054e+02,
        -5.11819906e+02, -3.82482417e+02,  3.80577794e+02,
         7.53116541e+01,  8.90069861e+02,  2.03151621e+02,
        -1.09845658e+03],
       [-1.31703767e+02,  1.34829087e+02,  2.40540089e+02,
         2.75545464e+02, -3.99207918e+02, -2.37338556e+02,
         1.45916769e+02, -1.06098274e+02,  5.56884793e+02,
         4.07720833e+02,  1.43973881e+02, -1.70643340e+02,
        -1.27442041e+02,  3.16148501e+01, -9.10523477e+01,
         1.03341298e+02, -1.41270579e+02, -9.37655235e+01,
        -9.59426729e+00, -4.71347381e+01,  1.10074148e+02,
        -8.41650456e+00,  1.82367134e+02, -4.75877678e+00,
        -7.63311865e+02],
       [-3.55393352e+02, -5.81037320e+01,  1.86991471e+02,
         2.24149474e+02, -1.30155380e+02,  2.89588070e+02,
         7.22489707e+01,  5.64826966e+01,  7.30506837e+02,
         1.43973881e+02,  3.67408718e+02, -2.12652141e+02,
        -1.99342079e+02, -9.72835091e+01, -5.42368464e+01,
         7.00677104e+01, -7.09448401e+02, -3.32935863e+02,
        -2.75568871e+02, -1.90228542e+02,  1.69693342e+02,
         3.98672504e+01,  4.29743392e+02,  1.40870260e+02,
        -3.02575274e+02],
       [ 3.22886771e+02,  5.00593677e+01, -1.76056870e+02,
        -1.42727938e+02,  1.08655931e+02, -1.15854859e+02,
        -2.00742273e+01, -5.32980239e+01, -4.58775745e+02,
        -1.70643340e+02, -2.12652141e+02,  1.87568180e+02,
         8.36028723e+01,  4.45419960e+01,  1.98174499e+01,
        -2.76781407e+01,  3.72168594e+02,  1.82455631e+02,
         1.43035615e+02,  1.10049853e+02, -9.46355916e+01,
        -4.09702708e+01, -2.83785193e+02, -1.07646460e+02,
         2.79474460e+02],
       [ 1.20158218e+02, -8.15149876e+01, -9.45624234e+01,
        -2.54471778e+02,  1.32135166e+02, -5.91113102e+01,
        -1.31358223e+02,  5.22619324e+01, -5.45559404e+02,
        -1.27442041e+02, -1.99342079e+02,  8.36028723e+01,
         2.54229996e+02,  1.97254652e+01,  8.52830899e+01,
        -9.48965123e+01,  4.30267768e+02,  2.21326419e+02,
         1.73562147e+02,  1.32848167e+02, -1.16124394e+02,
        -2.25911381e+01, -2.52822545e+02, -1.86521727e+01,
         2.92510032e+02],
       [ 4.04454157e+01,  4.58432057e+01, -6.36281162e+01,
        -2.09224592e+01, -1.09388137e+01, -1.40097830e+02,
        -1.23798250e+01, -1.66555241e+01, -1.00489889e+02,
         3.16148501e+01, -9.72835091e+01,  4.45419960e+01,
         1.97254652e+01,  6.77085732e+01,  1.32972993e+00,
        -3.50407001e+00,  2.10411106e+02,  9.85210050e+01,
         7.04277725e+01,  5.61504570e+01, -3.62331077e+01,
        -5.11137466e+00, -9.95795288e+01, -5.09784796e+01,
        -2.87108960e+01],
       [-9.45681849e+01, -8.23099673e+01, -6.20276407e+01,
        -1.25978085e+02,  1.40842861e+02,  5.87283387e+01,
        -1.02649134e+02,  8.91292689e+01, -1.89509791e+02,
        -9.10523477e+01, -5.42368464e+01,  1.98174499e+01,
         8.52830899e+01,  1.32972993e+00,  6.87699557e+01,
        -7.17534621e+01,  8.75515395e+01,  4.96233017e+01,
         8.96587459e+00,  1.99799666e+01, -5.43841411e+01,
         2.94046790e+01, -2.27180785e+01,  6.28968740e+01,
         2.29831835e+02],
       [ 8.80060932e+01,  8.42428465e+01,  6.57260912e+01,
         1.35132430e+02, -1.56019836e+02, -5.55969958e+01,
         1.07939431e+02, -8.96403453e+01,  2.28512576e+02,
         1.03341298e+02,  7.00677104e+01, -2.76781407e+01,
        -9.48965123e+01, -3.50407001e+00, -7.17534621e+01,
         7.83188075e+01, -1.12731424e+02, -6.09690490e+01,
        -1.76013741e+01, -2.54738201e+01,  6.29194415e+01,
        -3.00898617e+01,  3.81185294e+01, -5.93430083e+01,
        -2.55926589e+02],
       [ 7.55951895e+02,  1.35277425e+02, -3.01188534e+02,
        -4.22718892e+02,  8.74878206e+01, -7.03571211e+02,
        -1.08039649e+02, -1.57543157e+02, -1.34282041e+03,
        -1.41270579e+02, -7.09448401e+02,  3.72168594e+02,
         4.30267768e+02,  2.10411106e+02,  8.75515395e+01,
        -1.12731424e+02,  1.49603822e+03,  6.98751197e+02,
         6.09885832e+02,  4.10451409e+02, -3.07152486e+02,
        -1.13002325e+02, -8.71556870e+02, -3.27781452e+02,
         3.19649483e+02],
       [ 3.40621296e+02,  5.40670443e+01, -1.79790002e+02,
        -2.29830286e+02,  7.17591846e+01, -2.93213883e+02,
        -6.95772579e+01, -5.73310128e+01, -6.62215054e+02,
        -9.37655235e+01, -3.32935863e+02,  1.82455631e+02,
         2.21326419e+02,  9.85210050e+01,  4.96233017e+01,
        -6.09690490e+01,  6.98751197e+02,  3.46551682e+02,
         2.79154391e+02,  2.12821227e+02, -1.37341573e+02,
        -6.62829819e+01, -4.23640635e+02, -1.49415990e+02,
         1.98870647e+02],
       [ 3.94630043e+02,  9.47857156e+01, -6.73122424e+01,
        -1.36132713e+02, -5.30959627e+01, -3.37029312e+02,
         8.25197068e+00, -1.21154676e+02, -5.11819906e+02,
        -9.59426729e+00, -2.75568871e+02,  1.43035615e+02,
         1.73562147e+02,  7.04277725e+01,  8.96587459e+00,
        -1.76013741e+01,  6.09885832e+02,  2.79154391e+02,
         2.80100153e+02,  1.71304710e+02, -1.05625589e+02,
        -7.18226755e+01, -3.70330569e+02, -1.58747188e+02,
         8.41392525e-02],
       [ 2.30100331e+02,  4.95963031e+01, -1.10186892e+02,
        -1.32757532e+02,  2.01800625e+01, -1.78373430e+02,
        -2.55770948e+01, -5.23672315e+01, -3.82482417e+02,
        -4.71347381e+01, -1.90228542e+02,  1.10049853e+02,
         1.32848167e+02,  5.61504570e+01,  1.99799666e+01,
        -2.54738201e+01,  4.10451409e+02,  2.12821227e+02,
         1.71304710e+02,  1.41698561e+02, -6.46209065e+01,
        -6.01161964e+01, -2.65050996e+02, -1.02962056e+02,
         8.14040032e+01],
       [-9.10928992e+01,  3.23316776e+01,  9.86152487e+01,
         1.43546962e+02, -1.23146906e+02,  7.00692762e+01,
         8.73784405e+01, -3.68405176e+01,  3.80577794e+02,
         1.10074148e+02,  1.69693342e+02, -9.46355916e+01,
        -1.16124394e+02, -3.62331077e+01, -5.43841411e+01,
         6.29194415e+01, -3.07152486e+02, -1.37341573e+02,
        -1.05625589e+02, -6.46209065e+01,  1.12357615e+02,
        -1.91529433e+01,  1.69236278e+02,  1.15825264e+01,
        -2.60080951e+02],
       [-1.95590957e+02, -6.45772351e+01,  1.22860290e+01,
         5.15133978e+00,  6.81753766e+01,  8.56114316e+01,
        -5.72358411e+01,  8.72954633e+01,  7.53116541e+01,
        -8.41650456e+00,  3.98672504e+01, -4.09702708e+01,
        -2.25911381e+01, -5.11137466e+00,  2.94046790e+01,
        -3.00898617e+01, -1.13002325e+02, -6.62829819e+01,
        -7.18226755e+01, -6.01161964e+01, -1.91529433e+01,
         6.61913144e+01,  1.14544346e+02,  9.06789602e+01,
         8.22100187e+01],
       [-6.51231813e+02, -1.02212447e+02,  2.27665646e+02,
         2.62100733e+02, -6.95063668e+01,  3.57192074e+02,
         2.30736531e+01,  1.44585977e+02,  8.90069861e+02,
         1.82367134e+02,  4.29743392e+02, -2.83785193e+02,
        -2.52822545e+02, -9.95795288e+01, -2.27180785e+01,
         3.81185294e+01, -8.71556870e+02, -4.23640635e+02,
        -3.70330569e+02, -2.65050996e+02,  1.69236278e+02,
         1.14544346e+02,  6.06185146e+02,  2.66520618e+02,
        -2.94291746e+02],
       [-4.43828084e+02, -1.11537819e+02,  3.03023912e+01,
        -2.09602204e+01,  1.17570262e+02,  2.25880826e+02,
        -1.05740193e+02,  1.71568893e+02,  2.03151621e+02,
        -4.75877678e+00,  1.40870260e+02, -1.07646460e+02,
        -1.86521727e+01, -5.09784796e+01,  6.28968740e+01,
        -5.93430083e+01, -3.27781452e+02, -1.49415990e+02,
        -1.58747188e+02, -1.02962056e+02,  1.15825264e+01,
         9.06789602e+01,  2.66520618e+02,  2.43153733e+02,
         1.00889489e+02],
       [-4.93345172e+00, -3.32465877e+02, -4.87208059e+02,
        -5.89831606e+02,  8.66779155e+02,  4.70397181e+02,
        -3.92878566e+02,  3.21828163e+02, -1.09845658e+03,
        -7.63311865e+02, -3.02575274e+02,  2.79474460e+02,
         2.92510032e+02, -2.87108960e+01,  2.29831835e+02,
        -2.55926589e+02,  3.19649483e+02,  1.98870647e+02,
         8.41392525e-02,  8.14040032e+01, -2.60080951e+02,
         8.22100187e+01, -2.94291746e+02,  1.00889489e+02,
         1.56785166e+03]])
      jac: array([-5.44294636e-07,  1.45823006e-06,  5.33362208e-06, -3.46357272e-06,
       -2.61584418e-06, -1.90700149e-08, -6.96816997e-07,  1.06701593e-06,
        1.58545531e-06,  1.04102094e-06, -2.81842162e-07,  1.25330429e-06,
       -4.54022845e-06, -3.87811781e-07,  1.42293783e-06, -1.56735383e-06,
       -1.33301094e-06,  2.22360006e-06, -1.39580419e-06,  3.24211388e-06,
       -5.15806661e-07, -4.46683771e-07, -3.43705312e-06,  1.68772004e-07,
        2.48859922e-06])
  message: 'Optimization terminated successfully.'
     nfev: 4628
      nit: 170
     njev: 178
   status: 0
  success: True
        x: array([2.34625173, 2.69908744, 3.27028601, 2.96293682, 3.12073109,
       3.74625253, 6.52763727, 1.59992716, 4.26604409, 1.85301824,
       0.95825383, 3.26735142, 3.95457969, 3.69602335, 1.10844678,
       5.89062926, 6.59761937, 0.77321708, 5.96754343, 3.87721435,
       3.73181591, 5.04295315, 1.17132137, 1.27215496, 3.95230465])
                    message: ['requested number of basinhopping iterations completed successfully']
      minimization_failures: 0
                       nfev: 513760
                        nit: 100
                       njev: 19760
                          x: array([2.34625173, 2.69908744, 3.27028601, 2.96293682, 3.12073109,
       3.74625253, 6.52763727, 1.59992716, 4.26604409, 1.85301824,
       0.95825383, 3.26735142, 3.95457969, 3.69602335, 1.10844678,
       5.89062926, 6.59761937, 0.77321708, 5.96754343, 3.87721435,
       3.73181591, 5.04295315, 1.17132137, 1.27215496, 3.95230465])
0.015626477885122454

Process finished with exit code 0
