E:\CURPROJECT\SimsV3\venv\Scripts\python.exe E:/CURPROJECT/SimsV3/Simple_ManyWP_reproducability_test1.py
basinhopping step 0: f 2.43544e-06
[ 4.04938541  0.70564267  4.26995673  5.18356204  1.38086294  3.96527693
  4.13233017  1.62855148  1.21100694  2.54043774  2.23108334  5.51607096
  2.24703987  3.82461771 -0.30213426  1.92183997  3.8611063  -0.11996135
  1.91455231  2.39922013  4.54126235  4.89544687  5.00837481  2.26402286
  4.53981996] 2.435435000459388e-06 True
basinhopping step 1: f 1.99646e-06 trial_f 1.99646e-06 accepted 1  lowest_f 1.99646e-06
found new global minimum on step 1 with function value 1.99646e-06
[ 3.58569506  1.27250484  4.50473643  4.50667571  0.55794197  4.75126541
  4.32669064  1.30822581  1.44112645  2.72440325  2.26303721  5.79866513
  2.45747308  3.99068487 -0.25074135  1.88451124  4.08934442  0.02111941
  2.09482301  1.9477235   5.14574325  5.17284091  5.19700664  2.04650266
  4.25776462] 1.996455315209829e-06 True
basinhopping step 2: f 4.75792e-06 trial_f 4.75792e-06 accepted 1  lowest_f 1.99646e-06
[3.45712843 1.07513561 4.56231186 4.94700573 0.86818967 4.97131932
 4.7245165  1.28647065 1.65892937 2.64224791 1.86330045 5.93588829
 2.58042648 3.68601769 0.04181863 2.29508089 3.70238306 0.25302955
 1.9909959  1.79186667 5.24806331 5.1812453  5.0420991  2.27743384
 4.74637766] 4.757923735821867e-06 True
basinhopping step 3: f 2.77886e-06 trial_f 2.77886e-06 accepted 1  lowest_f 1.99646e-06
[3.25769957 1.11353198 4.89725143 4.79570622 0.92868924 4.80781783
 4.35929648 1.24352817 1.70755843 2.66393046 2.01093874 5.54155771
 2.49577709 3.87328824 0.19031775 1.87954842 3.15202721 0.31430104
 2.43690625 1.7791011  5.40055269 5.03160642 5.4427117  2.29915762
 4.96165663] 2.778861231833383e-06 True
basinhopping step 4: f 2.57648e-06 trial_f 2.57648e-06 accepted 1  lowest_f 1.99646e-06
[3.56761948 1.44249649 4.83300919 5.03461484 1.19439471 4.76031925
 4.65524154 0.7763128  1.86420985 2.68449721 2.29511366 5.36193495
 2.67884084 3.69030236 0.17314161 1.58083112 2.96084628 0.24793586
 2.24419716 2.08361373 5.56628566 4.84356578 5.73001665 2.40271522
 5.06770524] 2.5764787409016164e-06 True
basinhopping step 5: f 4.5891e-06 trial_f 4.5891e-06 accepted 1  lowest_f 1.99646e-06
[3.86031899 1.73418546 5.25468703 4.88575995 0.97654224 5.17836588
 4.65108421 0.89487746 1.8385236  2.65452678 2.55379842 5.17026692
 2.82562767 3.28280056 0.0434819  1.32800792 3.0181445  0.44618068
 2.23192148 2.09599034 5.47029471 5.28411404 5.82505506 2.74249329
 4.93767698] 4.5891019011802595e-06 True
basinhopping step 6: f 1.02933e-05 trial_f 1.02933e-05 accepted 1  lowest_f 1.99646e-06
[ 3.48669086  1.7786269   5.38186196  4.58005947  0.77952042  5.24911728
  4.94045824  1.22166685  2.21810009  2.33041649  2.38802786  4.86875864
  2.89369866  3.58727713 -0.00958403  0.89243204  3.07786403  0.03179793
  1.97621716  2.15785696  5.75712472  5.58346319  5.85105015  3.06011991
  5.01013076] 1.0293328153796823e-05 True
basinhopping step 7: f 4.1748e-06 trial_f 4.1748e-06 accepted 1  lowest_f 1.99646e-06
[3.96070612 1.91078087 5.19859025 4.68929798 0.11595997 5.06560821
 5.00745274 1.14801859 2.44689816 2.37391909 2.00248951 5.28490988
 2.74753159 3.76622905 0.21752861 0.59308461 2.99736791 0.08600964
 2.04945918 2.09542391 6.11261247 5.77181412 5.89709261 2.88837872
 5.13713866] 4.174800029213853e-06 True
basinhopping step 8: f 1.2581e-06 trial_f 1.2581e-06 accepted 1  lowest_f 1.2581e-06
found new global minimum on step 8 with function value 1.2581e-06
[4.60633138 1.92637452 5.23110699 4.42228806 0.58498817 4.66955724
 4.90189215 1.64668335 2.97878052 2.48049432 1.92451878 5.32411286
 3.14887278 3.27381552 0.08915579 0.56548126 2.40575073 0.16632601
 2.13949499 1.70835722 5.56407664 5.85536729 5.48876066 2.75924475
 5.1819735 ] 1.2580952305386515e-06 True
basinhopping step 9: f 3.0348e-06 trial_f 3.0348e-06 accepted 1  lowest_f 1.2581e-06
[4.68336314 1.56619199 5.37024613 4.4179502  0.27790888 4.64622738
 4.93574726 1.93678166 2.99389918 1.99894518 1.63222459 5.1018191
 2.82121629 3.6594822  0.02595889 0.31396217 2.73724803 0.29986661
 2.29990189 1.89788528 5.57240673 5.71302541 5.82824315 2.65621352
 4.98115472] 3.0347950905399055e-06 True
basinhopping step 10: f 2.63703e-06 trial_f 2.63703e-06 accepted 1  lowest_f 1.2581e-06
[3.8202922  1.47369545 5.28161821 4.88486592 0.35937199 5.08187354
 5.17383779 2.13807862 2.6683436  2.4629538  1.29334714 5.17417761
 2.7721743  2.84774986 0.22385144 0.56125659 3.06583869 0.34864561
 2.55609278 1.86951221 5.47747083 5.51288602 6.07046559 3.15206248
 4.98867686] 2.6370276857701286e-06 True
basinhopping step 11: f 5.40618e-06 trial_f 5.40618e-06 accepted 1  lowest_f 1.2581e-06
[4.47991911 1.54710172 5.71719531 4.79689573 0.01762088 5.2568116
 5.14295017 2.33677754 3.08841388 2.31510518 0.40542182 5.74015773
 2.0995497  3.02014157 0.09406772 0.94667108 3.24888567 0.18352689
 2.92325041 1.41867805 6.02540126 5.21506399 5.74608427 3.17506593
 5.01488757] 5.406180321841756e-06 True
basinhopping step 12: f 1.9348e-05 trial_f 1.9348e-05 accepted 1  lowest_f 1.2581e-06
[4.4943873  1.60569326 5.78320076 4.99651753 0.11011657 5.53166323
 5.79294782 2.89607692 3.26223846 2.61607074 0.76669941 5.66667969
 1.97472092 3.13011408 0.17821515 0.75046318 3.13137842 0.04998234
 3.04469254 1.30622323 6.12258183 4.97870287 5.97980422 3.57941922
 4.66828119] 1.934801457836058e-05 True
basinhopping step 13: f 1.14614e-05 trial_f 1.14614e-05 accepted 1  lowest_f 1.2581e-06
[5.37924559 1.49197378 5.78263553 5.54425204 0.0569364  5.24583923
 6.37738288 2.59150762 2.65050737 2.36566431 1.28665174 5.61975857
 2.34444451 2.45780818 0.32126225 0.87092994 3.299644   0.54995917
 2.7064698  1.61980679 6.20011987 4.95665253 6.22135452 3.57992999
 4.05589689] 1.1461424487902691e-05 True
basinhopping step 14: f 2.11202e-05 trial_f 2.11202e-05 accepted 1  lowest_f 1.2581e-06
[4.750649   1.43598536 5.72068789 5.02758572 0.36894687 4.99551706
 6.37010186 2.86304491 2.56731347 2.83893066 1.22878631 6.11136597
 2.49073728 3.13411644 0.14815095 1.23844532 3.21723211 0.5131583
 2.33993542 1.07336325 6.28104199 5.31649832 6.18670978 3.18972544
 3.60536812] 2.1120242024317475e-05 True
basinhopping step 15: f 2.74244e-06 trial_f 2.74244e-06 accepted 1  lowest_f 1.2581e-06
[4.18717001 1.74538914 5.65446303 4.99422747 0.96842141 5.2048341
 5.48244961 3.17929942 2.9225059  2.59708335 1.32586032 5.74997105
 2.89687274 2.57493322 0.33119232 0.69208203 2.84464673 0.02454756
 2.57904207 1.66160475 5.73711586 5.80523483 6.33735691 3.4841062
 3.52032532] 2.742441474701217e-06 True
basinhopping step 16: f 2.92102e-06 trial_f 2.92102e-06 accepted 1  lowest_f 1.2581e-06
[4.06815632 1.33546631 5.38462778 4.76526835 0.96376378 3.66631587
 5.24561315 4.20458428 3.61870862 2.85471271 1.10372461 5.95805436
 3.41904606 2.34212437 0.26700844 0.72319803 3.2398564  0.72033361
 3.67260518 0.928027   6.39430422 5.56747712 6.11765419 2.90830177
 3.51122711] 2.921021673332827e-06 True
basinhopping step 17: f 8.14467e-06 trial_f 8.14467e-06 accepted 1  lowest_f 1.2581e-06
[3.9911155  1.03369783 5.26164555 4.64482058 0.91519826 4.14351046
 4.99209638 4.11286884 3.28666693 2.58055308 0.66497839 5.96496448
 3.27065272 2.83809256 0.19986254 1.11561654 3.62884894 0.68529473
 3.79773391 1.05441265 6.28783283 5.33766194 5.75622417 2.92323784
 3.63991247] 8.144671334805584e-06 True
basinhopping step 18: f 8.59296e-06 trial_f 8.59296e-06 accepted 1  lowest_f 1.2581e-06
[3.79038992 0.85042138 5.09357039 4.58428317 0.79864515 4.1689051
 4.94916384 4.42271356 3.69191309 1.94382082 0.40234519 5.6661298
 3.69600478 2.99324773 0.64433594 0.73652269 4.33487063 0.95549529
 3.44309709 0.81652176 6.20038832 5.52227915 5.76226421 2.56024275
 3.81369805] 8.592960279917915e-06 True
basinhopping step 19: f 5.12168e-06 trial_f 5.12168e-06 accepted 1  lowest_f 1.2581e-06
[3.20265962 1.06697193 4.92579602 4.52923685 0.44320961 4.29565922
 4.99700424 4.60153149 3.77303393 1.57351076 0.812291   6.06547086
 3.86123428 2.95859135 0.97353416 0.90903342 4.60291848 0.97243648
 3.85627641 1.0879772  6.27902644 5.57506819 6.12955651 2.63795468
 3.37717952] 5.121678458206839e-06 True
basinhopping step 20: f 2.30135e-06 trial_f 2.30135e-06 accepted 1  lowest_f 1.2581e-06
[3.00235851 1.42184125 4.84745511 4.23713901 1.07525739 4.87202589
 4.82599505 4.54865974 3.69296175 0.63437642 0.86435332 5.95765192
 2.99023869 2.73914709 0.9287136  0.03914488 3.78812334 0.45099334
 4.02468229 1.71727984 6.74565491 4.72814941 6.73296054 2.86784035
 3.71403827] 2.30134952692386e-06 True
basinhopping step 21: f 1.59664e-05 trial_f 1.59664e-05 accepted 1  lowest_f 1.2581e-06
[2.85247797 1.20745533 4.89829876 3.84518514 1.18478184 4.75279897
 4.87756485 4.50397692 3.41422775 0.39645989 0.97830731 5.74517259
 3.08482593 3.15597416 0.67433429 0.35002087 3.99505782 0.43236836
 4.29819536 1.12667333 6.37916286 5.0983894  6.30204147 2.70235828
 3.27037229] 1.5966397932728065e-05 True
basinhopping step 22: f 3.3519e-06 trial_f 3.3519e-06 accepted 1  lowest_f 1.2581e-06
[3.02807465 1.17334578 4.96319073 3.53809037 1.30050878 4.81209296
 4.647624   4.30825322 3.42630626 0.26073891 0.5936145  5.63338944
 3.10261668 2.91393081 1.12716634 0.33629775 3.41806925 0.29459692
 4.1560048  0.51745149 6.06176981 4.69222418 6.11598273 2.98836849
 3.01560172] 3.351898865028752e-06 True
basinhopping step 23: f 2.7088e-06 trial_f 2.7088e-06 accepted 1  lowest_f 1.2581e-06
[ 1.5318799   0.59839339  5.58190043  3.02932651  0.9760304   5.69389877
  5.81346329  4.10239818  3.32349743  0.40147618  0.79798471  6.59946371
  4.3586601   3.95818396  0.27621554  0.05602488  4.05061485  0.84564656
  3.15863611 -0.55132676  5.58299841  5.14618837  5.97140815  2.91253129
  2.80277554] 2.7087987440748048e-06 True
basinhopping step 24: f 1.11983e-05 trial_f 1.11983e-05 accepted 1  lowest_f 1.2581e-06
[1.22622015 0.27880288 5.94109443 3.16849802 0.8716586  5.32626814
 6.3537233  4.52352392 3.08955051 0.88772626 0.81370407 6.27551214
 4.39488747 4.16268675 0.12509617 0.08140324 3.94774707 1.19087924
 3.01258198 0.11157944 5.32026537 5.35319057 5.86283924 2.72062611
 2.94025542] 1.1198347377549403e-05 True
basinhopping step 25: f 2.32988e-06 trial_f 2.32988e-06 accepted 1  lowest_f 1.2581e-06
[ 1.07286846  0.54220425  6.48883856  3.38261444  0.75632622  4.76920816
  6.78589023  4.34564636  2.99561503  1.16171426  1.25913321  5.34320496
  4.33341718  3.90767571  0.48211695 -0.14269455  3.4684292   1.18265209
  2.887273   -0.16219123  5.10446996  6.32348288  5.49298476  3.04676122
  3.36477009] 2.3298816341658804e-06 True
basinhopping step 26: f 3.64865e-06 trial_f 3.64865e-06 accepted 1  lowest_f 1.2581e-06
[ 1.54385757  1.18640084  6.72882236  3.30187706  1.04953995  4.27628068
  6.74246397  4.3587834   2.80398006  1.55332813  1.04247536  5.80770765
  3.99648936  3.63147313 -0.45747574 -0.68677451  2.67106936  0.7140103
  2.856403    0.17545229  6.00191603  6.10859854  6.40038559  4.08311471
  3.45090581] 3.6486491811405665e-06 True
basinhopping step 27: f 1.9068e-05 trial_f 1.9068e-05 accepted 1  lowest_f 1.2581e-06
[ 1.8420672   1.25344783  6.35466729  3.48750071  1.16330558  3.79327685
  6.26311233  4.41021492  2.4685802   1.21756867  1.2779265   6.1684681
  4.41674208  3.48037594 -0.18071597 -0.07684384  2.3861289   0.34265328
  3.12865168  0.36015     5.58291656  5.7674626   6.02636079  3.82089953
  3.86065674] 1.9067999132115827e-05 True
basinhopping step 28: f 3.5198e-06 trial_f 3.5198e-06 accepted 1  lowest_f 1.2581e-06
[ 1.77700255  1.44177152  7.65839486  3.41732429  0.77849535  3.4259009
  6.79364025  3.60959124  1.60120751  0.79050929 -0.40822619  6.5602636
  5.42279081  3.09593741 -0.08113645  0.67200178  3.37587414  0.98965448
  3.10860545  0.34857427  5.82242019  5.67764858  5.31058852  3.24626424
  4.11120825] 3.519801189767951e-06 True
basinhopping step 29: f 4.03007e-06 trial_f 4.03007e-06 accepted 1  lowest_f 1.2581e-06
[1.7634594  1.55032577 7.06172309 3.58983401 0.83168385 3.11085132
 6.17279426 3.7087654  1.44479735 0.89176399 0.12344972 6.08161772
 5.61064395 2.64808661 0.45579349 0.31443381 2.92938912 0.61758398
 3.06512118 0.52627432 5.6446906  5.82351223 5.15621836 3.15711276
 4.48251607] 4.030066413080701e-06 True
basinhopping step 30: f 6.22438e-06 trial_f 6.22438e-06 accepted 1  lowest_f 1.2581e-06
[ 1.79542192  1.58569511  6.61576522  4.08902908  0.76778368  3.48147273
  5.77028597  3.44400077  1.08739059  0.48047525  0.37685602  5.56300986
  5.37816578  2.82796016  0.22918449  0.46141925  2.57034084 -0.13521483
  3.33834308  1.00758438  6.25426244  5.99340024  5.53606816  3.02657642
  4.80985738] 6.224376408689387e-06 True
basinhopping step 31: f 7.91937e-06 trial_f 7.91937e-06 accepted 1  lowest_f 1.2581e-06
[1.81395364 1.4166009  6.52513227 4.08971465 1.06491892 3.12482718
 6.09005143 3.21135717 0.90336178 0.29364609 0.14755672 5.8839951
 5.13185966 2.50215918 0.45682584 0.01860796 2.09371201 0.12194874
 2.93085218 1.10457195 6.05976699 5.5544511  6.07156605 3.05446292
 4.73561221] 7.91936504563358e-06 True
basinhopping step 32: f 1.04265e-05 trial_f 1.04265e-05 accepted 1  lowest_f 1.2581e-06
[ 1.78082301  1.16292768  6.16140299  4.2392727   0.93048537  3.11387304
  5.75514016  3.50937721  0.68296485 -0.01185252  0.61139637  5.64475717
  5.49412853  2.55608063  0.44215225 -0.10478381  2.26528635  0.6086219
  2.80307     1.49258276  5.59637876  5.92431608  5.88670768  3.00164913
  5.24174067] 1.0426466686969925e-05 True
basinhopping step 33: f 8.38095e-06 trial_f 8.38095e-06 accepted 1  lowest_f 1.2581e-06
[ 1.87823333  1.21301077  5.83976218  4.21517245  0.94399723  3.34735873
  5.75853309  3.60659915  0.91886851  0.47322262  0.99736461  5.7738639
  6.07421953  2.2405286   0.37124729 -0.01344955  2.57082946  0.1717181
  2.88981693  1.97469867  6.00356933  6.31157756  5.9839476   2.91527031
  4.88003801] 8.380949568660736e-06 True
basinhopping step 34: f 6.93681e-06 trial_f 6.93681e-06 accepted 1  lowest_f 1.2581e-06
[ 2.05227089  1.3177145   6.18045252  4.54002791  0.83756703  3.2393729
  5.73908249  3.67173249  0.8846379   1.01340251  0.93986728  6.12819503
  5.63250297  2.4752051   0.31086292  0.36951643  2.55961238 -0.17664958
  2.91727422  1.85726491  6.13064448  5.77855452  5.99716717  2.90477621
  5.36982201] 6.936807145487108e-06 True
basinhopping step 35: f 1.61725e-06 trial_f 1.61725e-06 accepted 1  lowest_f 1.2581e-06
[ 1.85515634  1.12595173  5.4792932   4.02768403  0.83964953  3.76442136
  6.03735038  3.66249206  0.84530398  0.29395121  0.54098644  6.01865107
  5.04765594  2.46287474 -0.17415649  0.28210223  2.66925761  0.02150239
  3.62226462  0.94906928  6.18722071  6.16312524  5.69255168  3.08960671
  5.24728419] 1.61725097676046e-06 True
basinhopping step 36: f 9.4549e-06 trial_f 9.4549e-06 accepted 1  lowest_f 1.2581e-06
[1.69903477e+00 9.53751695e-01 5.52980644e+00 3.94952917e+00
 1.05945807e+00 3.82511573e+00 5.88570866e+00 3.50335065e+00
 6.15261339e-01 3.29030517e-03 1.19288913e+00 6.16947404e+00
 5.64598131e+00 2.35950658e+00 1.68692629e-01 6.22356065e-01
 2.23557893e+00 1.92691884e-01 3.63383194e+00 9.00254853e-01
 6.06877556e+00 5.94743647e+00 5.93367738e+00 3.32315864e+00
 5.24970758e+00] 9.454900892557987e-06 True
basinhopping step 37: f 4.99704e-06 trial_f 4.99704e-06 accepted 1  lowest_f 1.2581e-06
[1.47148544 1.22090408 5.8242804  4.21966463 1.184934   3.71076992
 5.84341583 3.44624356 0.4964176  0.03927664 0.80421462 5.95647696
 5.91638274 2.16473663 0.29189034 0.71724777 2.78972407 0.29801344
 4.05189756 0.27681171 5.98071961 5.38469889 5.98425288 3.68487548
 5.41654412] 4.997044393177477e-06 True
basinhopping step 38: f 1.0412e-05 trial_f 1.0412e-05 accepted 1  lowest_f 1.2581e-06
[ 1.69581469  1.36662597  6.4965033   4.46032285  0.91651967  3.79717888
  5.80373059  3.47762442 -0.66288169  0.39479372  1.17379553  6.42229279
  6.50075569  2.41755023  0.39751171  0.36744349  2.97913179  0.47111291
  4.43055192  0.32729285  5.93098055  5.38706043  6.07612374  3.55071013
  5.12349116] 1.0412029311091924e-05 True
basinhopping step 39: f 1.14426e-05 trial_f 1.14426e-05 accepted 1  lowest_f 1.2581e-06
[ 1.73176146  1.41691876  6.14730961  4.34578583  1.19498826  3.96317929
  6.03563468  3.63992089 -0.31890694  0.82947929  0.80345187  6.30614545
  6.15049124  2.69297204  0.62160006  0.82837886  2.78037843  0.52049359
  4.17535731  0.6359813   5.51237884  6.07509928  6.11426095  3.24772244
  5.20492627] 1.1442608407793053e-05 True
basinhopping step 40: f 4.42727e-06 trial_f 4.42727e-06 accepted 1  lowest_f 1.2581e-06
[ 2.51004146  2.20656759  6.03188314  3.95124421  1.6502671   3.6449757
  6.4594499   3.43107442  0.43034384  0.96110183  1.04966879  6.87858896
  6.61091339  2.45726343  0.47557999  0.68237271  3.39198273  0.43496797
  3.57132735 -0.7371391   5.21472694  5.41120947  5.82068253  3.12734089
  5.47649869] 4.427274570696915e-06 True
basinhopping step 41: f 3.27804e-06 trial_f 3.27804e-06 accepted 1  lowest_f 1.2581e-06
[ 3.08735871  2.47470697  5.89687601  3.71866498  1.49648278  3.93229779
  6.09428038  3.84566371  0.62868371  1.22859633  0.90721347  6.4956516
  6.15126455  2.57605892  0.76565473  0.72814619  3.73285485  0.29902807
  2.9806357  -0.33788712  5.04827024  5.268706    5.75570492  3.41611049
  5.5864219 ] 3.2780367048226294e-06 True
basinhopping step 42: f 1.93255e-06 trial_f 1.93255e-06 accepted 1  lowest_f 1.2581e-06
[ 3.09731111  2.91200329  6.21504945  3.53082024  1.87293234  3.89676291
  5.69906915  4.3715289   0.75706209  1.01130115  0.29513235  5.89775667
  6.62627816  3.73639391  0.25633875  0.7987127   4.30958848  0.2857264
  2.58193243 -0.44392678  5.48055182  5.48597608  5.43749414  3.11007334
  5.61884862] 1.93255019160584e-06 True
basinhopping step 43: f 2.65072e-06 trial_f 2.65072e-06 accepted 1  lowest_f 1.2581e-06
[ 3.29311716  2.41212292  6.25669151  3.68554557  2.39019224  3.93508803
  5.46092938  3.95345609  1.24849963  0.9956925   0.79004798  6.27990103
  6.40302285  3.98592697  0.57395236  0.78682313  4.15979384  0.39876829
  2.74250076 -0.06996574  5.20907675  5.59478876  6.019585    3.10910285
  5.58743796] 2.650723552301394e-06 True
basinhopping step 44: f 3.89535e-06 trial_f 3.89535e-06 accepted 1  lowest_f 1.2581e-06
[ 3.5375218   3.27141598  6.37978065  4.07013658  2.51345331  3.8932886
  5.43880975  3.94914497  0.64691293  1.31704782  1.06928664  6.41921053
  5.84180129  4.49684061  0.67431233  0.49710308  3.11371306  0.3833955
  2.42617769 -0.72491793  4.9410525   5.94498761  6.00591705  3.65851409
  5.83096982] 3.895352757116192e-06 True
basinhopping step 45: f 5.65957e-06 trial_f 5.65957e-06 accepted 1  lowest_f 1.2581e-06
[ 3.59794259  4.00176778  6.44456388  4.09744887  2.31963065  4.11034532
  5.18111412  4.10298279  0.18192159  0.96165641  0.98605879  6.00509591
  6.58090248  5.37226607 -0.47000714  0.1646168   2.23911041  0.14686475
  2.62427087 -0.24889306  5.01895586  6.07533134  6.21049866  3.8214694
  6.25523095] 5.659565334535372e-06 True
basinhopping step 46: f 1.90495e-05 trial_f 1.90495e-05 accepted 1  lowest_f 1.2581e-06
[ 3.79501197e+00  3.90663366e+00  6.15412759e+00  4.28874084e+00
  2.11143726e+00  4.10481176e+00  5.27176199e+00  4.10296895e+00
  2.90530795e-01  1.09072833e+00  8.93028301e-01  5.79325269e+00
  5.76854774e+00  5.86373237e+00 -3.03055169e-01  3.66082054e-01
  2.58461429e+00  4.06430669e-01  2.91100461e+00 -5.30468123e-03
  5.40473740e+00  5.63437328e+00  5.91262184e+00  4.00217538e+00
  6.00275853e+00] 1.9049451247549865e-05 True
basinhopping step 47: f 5.7782e-06 trial_f 5.7782e-06 accepted 1  lowest_f 1.2581e-06
[ 4.15177139  3.94195025  6.73321492  3.42705924  2.67099887  3.4764797
  5.81975484  4.84201852  0.10842147  1.98964197  0.82274496  5.29661843
  5.67454124  6.28077066 -0.20015159  0.65066766  2.55518588  0.83444578
  2.65173771 -0.00986122  5.72810511  5.36739602  5.67530024  3.86015376
  5.52816132] 5.7782019694692205e-06 True
basinhopping step 48: f 3.02412e-06 trial_f 3.02412e-06 accepted 1  lowest_f 1.2581e-06
[ 4.96141594  4.50031485  6.53555037  4.09567596  3.13047951  3.56925996
  6.25811504  4.36106495  0.26043493  2.30098287  0.18495071  5.71244581
  5.09993888  6.18506886 -0.09504878 -0.09159821  2.54868948  1.61382125
  2.51815505 -0.22872791  5.43706032  5.63752125  5.54829887  3.93400244
  5.55765008] 3.02411666598127e-06 True
basinhopping step 49: f 2.84244e-06 trial_f 2.84244e-06 accepted 1  lowest_f 1.2581e-06
[ 5.15777872  5.38417064  5.98599612  4.74322588  2.82181744  3.67394939
  6.2912636   4.73703821  0.37690811  2.75966049  0.28125102  5.85193362
  5.39147053  6.0132326   0.32335898  0.49640927  2.8461518   1.59136206
  2.80814276 -0.57434719  5.37590651  5.22482827  5.02404638  4.45284135
  5.11931239] 2.8424402001826498e-06 True
adaptive stepsize: acceptance rate 0.980000 target 0.500000 new stepsize 0.555556 old stepsize 0.5
basinhopping step 50: f 1.82852e-06 trial_f 1.82852e-06 accepted 1  lowest_f 1.2581e-06
[5.56820378 5.46155969 5.7888681  4.47195638 2.76267516 3.10230981
 6.4788314  4.1688625  0.19730322 2.63613016 0.15510807 6.00001719
 5.7924942  5.5098844  0.84220664 1.11689179 2.51110153 2.05917193
 2.52185322 0.06214725 5.50701862 5.46827112 4.71723703 4.60626355
 4.88978545] 1.8285223494310686e-06 True
basinhopping step 51: f 4.98881e-06 trial_f 4.98881e-06 accepted 1  lowest_f 1.2581e-06
[ 5.53802817e+00  4.99996523e+00  6.08983219e+00  4.62299467e+00
  2.96405648e+00  2.98488683e+00  6.35991902e+00  4.30739687e+00
  4.85662301e-03  2.75213113e+00  9.98184516e-02  6.26340961e+00
  5.87562772e+00  5.46064728e+00  9.54366188e-01  1.12872764e+00
  2.70390974e+00  1.97151148e+00  2.23352656e+00 -1.57212541e-01
  5.56583724e+00  5.74482851e+00  4.79576195e+00  4.42227776e+00
  4.90392998e+00] 4.9888147055214494e-06 True
basinhopping step 52: f 3.53776e-06 trial_f 3.53776e-06 accepted 1  lowest_f 1.2581e-06
[4.92848416 4.78318211 5.87698567 5.0455281  2.76366288 2.70102795
 6.28490646 4.36300066 0.68826237 2.61650824 0.01833985 6.13636501
 5.87136822 6.07985725 0.89592587 0.38330449 3.07845191 2.57268763
 2.74742771 0.74338931 6.28352449 6.45362052 4.8124275  3.49308187
 4.34667331] 3.5377605974768985e-06 True
basinhopping step 53: f 3.74255e-06 trial_f 3.74255e-06 accepted 1  lowest_f 1.2581e-06
[ 4.97795678  4.38380023  5.58292828  4.84046336  2.30518974  2.95481336
  6.20772187  5.53698943  1.11510832  2.22008179 -0.49655262  5.34611121
  6.71425722  6.01528722  0.17006489  0.79319766  3.39337196  3.0739888
  2.61635782  0.05083785  6.11954413  5.87032452  5.70629867  4.32248895
  4.84292674] 3.7425502833987955e-06 True
basinhopping step 54: f 6.18513e-06 trial_f 6.18513e-06 accepted 1  lowest_f 1.2581e-06
[ 4.5293373   4.49598807  5.77252774  4.28235265  2.52954611  2.54161107
  6.05309421  5.85944262  1.26988565  2.20586278 -0.09773341  6.04265461
  6.55579531  5.95468174  0.36991883  0.53132163  2.87193824  3.22605992
  3.11412927  0.64215621  5.74766261  6.52145695  5.38793296  3.97404918
  4.39142044] 6.185125070598064e-06 True
basinhopping step 55: f 5.1857e-06 trial_f 5.1857e-06 accepted 1  lowest_f 1.2581e-06
[4.2900684  4.6294426  5.49908722 3.80452667 2.46696109 2.20093452
 5.70468745 6.1134402  1.28760135 2.14420574 0.36787871 5.9706165
 5.98599325 5.73336748 0.32144765 0.49259931 3.13164437 3.43378859
 2.83789872 0.63569116 6.07806778 6.62599259 5.40728867 3.5243121
 4.16229846] 5.185700420877935e-06 True
basinhopping step 56: f 6.33723e-06 trial_f 6.33723e-06 accepted 1  lowest_f 1.2581e-06
[4.43539741 4.5715537  5.33839734 3.99050475 2.71540414 2.4841974
 6.05609706 5.87761592 1.71506413 2.39681006 0.01806655 5.80634363
 5.83028054 5.33014462 0.06468534 0.78444134 3.75549178 4.06306069
 3.20708926 0.52299382 5.85090475 6.24126258 5.50438454 2.92087178
 3.75352691] 6.337227727971614e-06 True
basinhopping step 57: f 3.73457e-06 trial_f 3.73457e-06 accepted 1  lowest_f 1.2581e-06
[ 4.08928473  5.30066077  5.24966205  3.56925371  2.37012069  2.08491919
  5.93720435  6.14163779  1.95895683  2.08193004 -0.0888728   5.54677396
  6.4162247   5.08177308  0.16029492  0.93474582  3.61239309  3.95915066
  3.25498851  0.17463524  6.13610537  5.76310314  6.22539748  2.84427562
  4.08221842] 3.7345702577879225e-06 True
basinhopping step 58: f 5.64061e-06 trial_f 5.64061e-06 accepted 1  lowest_f 1.2581e-06
[ 3.82659494  4.99477312  5.43507247  3.42171334  2.14974726  1.95746425
  5.18871852  5.39559425  3.11927643  2.24291664 -0.16905416  6.02509795
  6.41893312  3.95210456  1.06514942  2.28074503  4.30739642  3.58167273
  2.92614272  0.59027289  5.83829927  5.84367437  5.98921063  2.69453784
  3.32594756] 5.640609617446691e-06 True
basinhopping step 59: f 6.53708e-06 trial_f 6.53708e-06 accepted 1  lowest_f 1.2581e-06
[3.25808692 5.13548638 4.94927419 4.15440058 1.16030175 1.33406518
 4.42361084 6.06837043 3.56932402 1.96976809 0.48322113 6.24282435
 6.24195726 3.72162294 1.08221744 2.9811495  4.02933675 3.04004861
 2.79884921 0.83624446 6.27886728 5.96920842 5.86325405 3.0433461
 3.4371338 ] 6.537084521823856e-06 True
basinhopping step 60: f 6.39575e-06 trial_f 6.39575e-06 accepted 1  lowest_f 1.2581e-06
[3.04097622 4.87196394 5.0876047  4.0447536  1.33835053 1.03746865
 4.32781103 6.09666334 3.05712939 1.46305772 0.82022067 5.98974406
 6.29606627 3.66702364 1.1619518  3.20902706 4.0752618  3.0394563
 3.07944178 0.89839847 5.98920455 6.14448275 5.70297041 3.38227957
 3.40722739] 6.39574968418245e-06 True
basinhopping step 61: f 2.26074e-06 trial_f 2.26074e-06 accepted 1  lowest_f 1.2581e-06
[3.83335515 5.04075413 5.41409506 4.33223933 1.342507   0.68072002
 4.6308443  6.21244195 3.17972573 0.96741325 0.30405894 5.88608142
 5.89420028 3.59009595 1.03034418 3.56373349 3.71757872 2.60872951
 3.04456632 0.43746105 5.77544248 5.55430646 6.01031338 3.218475
 3.13198062] 2.260743349369483e-06 True
basinhopping step 62: f 2.90608e-06 trial_f 2.90608e-06 accepted 1  lowest_f 1.2581e-06
[4.15612981 4.9089432  5.64009757 4.31009249 0.92887743 0.59305613
 4.81102412 6.29194614 2.97984008 1.23148915 0.48702054 6.0452739
 5.55677829 3.1686245  0.66393236 3.56447768 3.52237513 2.45871586
 3.13354081 0.29469725 5.71640079 5.54944579 5.76387439 3.13721791
 3.03949725] 2.906083955430515e-06 True
basinhopping step 63: f 1.91436e-06 trial_f 1.91436e-06 accepted 1  lowest_f 1.2581e-06
[ 4.0318092   5.18872037  5.25142273  4.35513187  0.64600713  0.70817231
  4.04759251  6.38481297  3.20058961  0.94832946 -0.02125639  5.70039939
  5.92766095  2.86939021  1.00759414  3.53039005  3.81200087  3.04241927
  3.98146237  0.23517431  5.91924857  5.05961479  5.60718609  3.29452199
  2.93696271] 1.914359224811222e-06 True
basinhopping step 64: f 3.04876e-06 trial_f 3.04876e-06 accepted 1  lowest_f 1.2581e-06
[4.25366766 5.43358664 4.67563841 4.78863771 0.58507277 0.78018304
 3.79463155 6.36342212 3.07539085 0.73667549 0.62179312 5.94752964
 6.69892155 3.00561164 1.07116641 3.65543924 3.50297992 3.0363612
 4.2345389  0.13991352 5.55218734 4.84351389 5.26514879 3.26629619
 3.03711885] 3.048764712149179e-06 True
basinhopping step 65: f 7.6582e-06 trial_f 7.6582e-06 accepted 1  lowest_f 1.2581e-06
[ 4.39000772  5.56813597  4.64961236  5.91448032  1.81958081 -0.35981782
  3.02978224  5.80234796  3.08797591  0.40473985  0.1945677   6.16755121
  6.12866059  2.61940238  0.38423455  4.21248593  3.81658608  3.63880814
  4.30514926  0.41010497  5.83126276  5.10755313  5.16792802  3.54244393
  2.77087052] 7.658197570735285e-06 True
basinhopping step 66: f 7.32667e-06 trial_f 7.32667e-06 accepted 1  lowest_f 1.2581e-06
[ 3.9016336   6.11033226  4.46671998  6.15883715  2.04775611  0.04268563
  3.11387042  5.81023313  3.19673429  0.82267383  0.82082708  6.58935237
  5.64853626  2.44206987  0.50485697  4.29077218  3.3446908   3.08716423
  4.0528755  -0.27543527  5.37135215  5.18335746  5.43088773  2.53912565
  2.32456529] 7.326670923310646e-06 True
basinhopping step 67: f 1.97003e-06 trial_f 1.97003e-06 accepted 1  lowest_f 1.2581e-06
[4.35968239 6.41162231 4.23522365 6.49880978 2.53752778 0.10232747
 3.05930264 5.93105156 3.1434721  1.02298981 0.14270063 5.88923111
 5.58671472 2.35856302 0.63088766 3.74690116 2.77185073 2.8901614
 3.6672314  0.14615463 5.24245241 5.70851458 5.34221173 1.58056844
 1.87995783] 1.9700274892425795e-06 True
basinhopping step 68: f 2.25383e-06 trial_f 2.25383e-06 accepted 1  lowest_f 1.2581e-06
[ 4.67919555  5.93276035  4.84365447  5.85094904  2.43526318 -0.63771735
  3.22513743  6.22684595  3.87614661  0.95902372  0.12755611  6.62683661
  5.90778769  2.56291622  0.01181211  4.03087311  3.31841135  3.27127837
  3.69323628  0.48155795  5.37508247  6.10610737  4.89260773  0.68729019
  1.06428772] 2.25383088124875e-06 True
basinhopping step 69: f 1.18479e-05 trial_f 1.18479e-05 accepted 1  lowest_f 1.2581e-06
[ 4.8520243   6.00118278  4.80317211  5.96493752  2.74888417 -0.09182455
  3.48007171  6.7201141   4.03136562  0.66155374  0.40050183  6.27921796
  5.52543665  2.25620614  0.26214352  3.20573725  3.68402646  3.31825969
  4.15017026  0.83462965  5.64479224  5.76378108  4.41516326  0.77855653
  1.35383717] 1.1847860935919314e-05 True
basinhopping step 70: f 9.10137e-07 trial_f 9.10137e-07 accepted 1  lowest_f 9.10137e-07
found new global minimum on step 70 with function value 9.10137e-07
[ 4.64999848  5.58057914  5.56572393  6.31822742  3.24881898 -0.57890163
  3.34571058  6.55526468  4.01582421  0.64473397  1.03069402  6.39859853
  5.31619076  1.86280811  0.43621123  3.32988676  3.76759479  4.16790946
  3.74431707  0.59336549  6.19324601  6.64075732  4.33244134  1.02792755
  1.60520923] 9.1013672348614e-07 True
basinhopping step 71: f 4.18554e-06 trial_f 4.18554e-06 accepted 1  lowest_f 9.10137e-07
[4.68948565 5.58809431 5.52871386 6.08963215 3.5820519  0.13140179
 3.00948087 5.91576835 3.76737483 0.37814649 1.3823174  5.98604359
 5.61015312 1.27819096 0.77148626 3.391999   3.7391849  4.57434274
 4.14654313 0.5951004  6.04828219 6.22457859 3.76628863 0.71194552
 1.32153493] 4.185536433030545e-06 True
basinhopping step 72: f 3.79411e-06 trial_f 3.79411e-06 accepted 1  lowest_f 9.10137e-07
[ 5.7719203   5.23487732  5.87960084  6.78148136  3.41513373  0.01474829
  3.39703357  5.64857012  3.0923474   0.22310147  1.33542173  6.32639745
  5.96890805  0.81298554 -0.28155423  3.20133081  3.76595525  4.54244899
  5.3679171   0.4558103   5.36806311  6.593388    4.10810893  1.58635669
  1.01704939] 3.794114703240503e-06 True
basinhopping step 73: f 5.32815e-06 trial_f 5.32815e-06 accepted 1  lowest_f 9.10137e-07
[ 5.19727532  4.87744678  5.33640622  6.1897418   3.32899957 -0.12494104
  3.35894793  5.71114709  3.10499111  0.40313379  0.71373488  6.81709366
  6.37094939  0.53406169 -0.10529759  2.71413036  4.03508113  4.89684881
  5.02813424  0.46144849  5.91693184  6.27523686  3.67665575  1.47573316
  0.98111625] 5.328150443181434e-06 True
basinhopping step 74: f 3.93755e-06 trial_f 3.93755e-06 accepted 1  lowest_f 9.10137e-07
[ 5.52862233  4.96602111  4.94942031  5.91537331  2.91911724  0.14256423
  3.53027393  6.15315199  3.41869084 -0.02504828  0.4329299   6.31695968
  5.90272079  0.6259286   0.22616917  2.25690588  3.5168487   4.80624874
  4.56592687  0.38089361  5.42936517  6.16007073  3.7060411   1.5721248
  0.81924175] 3.937550937391259e-06 True
basinhopping step 75: f 1.5905e-06 trial_f 1.5905e-06 accepted 1  lowest_f 9.10137e-07
[5.43393611 5.06698283 4.97753837 5.88922129 2.70757945 0.47934258
 3.62585829 5.92685225 2.98766359 0.5084641  0.29520045 6.54829035
 5.77491403 0.3250392  0.22069908 1.9278875  3.29855163 5.22507026
 3.90280035 0.47262178 6.04303949 6.38368545 4.04317436 1.67113509
 0.77782426] 1.590502335806205e-06 True
basinhopping step 76: f 4.79483e-06 trial_f 4.79483e-06 accepted 1  lowest_f 9.10137e-07
[5.41343445 4.69860182 4.72801406 5.88519698 2.4143438  0.36982593
 3.10812247 5.72571067 2.90305615 0.34506384 0.81944692 6.29567359
 6.25959894 0.22688952 0.20417891 1.75087297 3.1427819  5.31763738
 3.46901415 0.41123706 5.86357179 5.92438942 4.24865423 1.038588
 0.91149948] 4.7948302258574354e-06 True
basinhopping step 77: f 2.86303e-06 trial_f 2.86303e-06 accepted 1  lowest_f 9.10137e-07
[ 5.33182143  4.96096059  4.91346903  5.42502647  3.12230608  0.70465815
  3.11512697  5.43534237  3.53412007  0.60222022  0.07669928  5.40069087
  5.26736425 -0.12752015  0.64677743  2.57416717  3.69206176  5.80214133
  3.91786097  0.4825001   6.3480482   6.65761242  3.80155202  0.65428808
  0.1870676 ] 2.8630290362722883e-06 True
basinhopping step 78: f 6.95766e-06 trial_f 6.95766e-06 accepted 1  lowest_f 9.10137e-07
[4.66035552 4.37343601 4.67165894 5.27247263 2.66988355 1.71744753
 3.50845896 4.95238449 4.20455516 0.85950935 0.38225247 5.11154905
 4.65753522 0.21798872 0.67443469 2.30130209 3.85859149 6.03921424
 4.13980676 0.42900203 6.29426027 6.79289448 4.2381202  1.23658968
 0.69028348] 6.957656579321233e-06 True
basinhopping step 79: f 2.24591e-05 trial_f 2.24591e-05 accepted 1  lowest_f 9.10137e-07
[4.79974694 3.8585671  4.355383   5.6884534  2.51649993 1.33897838
 3.81786519 4.87069378 4.30718865 0.46734699 0.45484844 5.57913467
 4.24379649 0.41507069 0.37772025 1.92225757 3.45872338 6.11301948
 3.94389665 0.11593091 5.81865049 6.15925655 4.26611065 1.08439269
 0.90834039] 2.245908052586227e-05 True
basinhopping step 80: f 5.65573e-06 trial_f 5.65573e-06 accepted 1  lowest_f 9.10137e-07
[ 5.83879657  3.53799769  4.32289117  6.40290979  3.15714012 -0.26437904
  3.50066428  4.50689656  4.06727374 -0.27053021  0.06670505  5.32073969
  3.93586036 -0.61114167 -0.33193151  2.54999861  3.36225791  6.77966385
  3.82077506  1.52226477  7.5169125   6.06821024  4.25376226  0.93159963
  0.92694208] 5.65572747701631e-06 True
basinhopping step 81: f 4.68892e-06 trial_f 4.68892e-06 accepted 1  lowest_f 9.10137e-07
[ 5.41186691  3.051444    3.74052486  5.89467456  2.83427534 -0.09280034
  4.06795808  4.01130339  4.02263168 -0.50513027  0.0742843   5.75971093
  3.9010047  -0.14561808 -0.18733709  2.24577935  3.58425625  6.17003706
  4.25676858  0.84320156  6.97994495  6.5454128   3.95780776  1.69917838
  1.64437833] 4.6889160013410595e-06 True
basinhopping step 82: f 1.17606e-06 trial_f 1.17606e-06 accepted 1  lowest_f 9.10137e-07
[ 5.58690714  2.85497436  3.0048871   5.97327066  2.36133402 -0.22805532
  4.09128215  3.76384914  4.38384896  0.56367261  0.77432178  4.8242423
  3.85560168  0.02684277  0.37701448  1.93571826  3.56398026  6.7344284
  4.20397543  0.29437178  7.13028995  6.54384619  3.87138855  1.62438262
  1.28520936] 1.1760570344104235e-06 True
basinhopping step 83: f 8.3507e-06 trial_f 8.3507e-06 accepted 1  lowest_f 9.10137e-07
[ 5.60654732  3.3366754   2.84443662  5.26422498  2.48743225  0.45900753
  3.7552029   3.59955679  4.7862773   0.62888123  0.43720187  3.95080539
  4.14477465 -0.1806409   0.84740569  2.34692256  3.84062536  6.35286873
  4.47278995  1.01195185  6.4812441   6.28421406  4.13017166  1.77242753
  1.29896743] 8.35069765032386e-06 True
basinhopping step 84: f 5.54872e-06 trial_f 5.54872e-06 accepted 1  lowest_f 9.10137e-07
[6.60822592 3.62170111 2.46959052 5.51651937 2.86898469 0.07164374
 2.94833932 2.9872039  4.12358368 0.93693775 1.00775381 3.92780518
 4.50490927 0.98404207 0.64610253 2.21408962 3.53478526 6.34454929
 4.7527356  0.68635835 6.12827863 6.69382453 3.50225316 2.08403555
 1.46686921] 5.548718991841597e-06 True
basinhopping step 85: f 7.59793e-06 trial_f 7.59793e-06 accepted 1  lowest_f 9.10137e-07
[ 7.02374876  4.04423398  3.08771871  6.358342    2.57316992  0.88287616
  3.40688943  2.97166672  4.70593596  0.39142285  1.39786421  3.60304034
  4.87616019  0.55080763  0.58283936  2.55225318  3.05856645  6.04023829
  4.11785507 -0.0589845   6.02820782  6.07254173  2.74367726  2.02283499
  1.53899438] 7.597932860408546e-06 True
basinhopping step 86: f 6.02209e-06 trial_f 6.02209e-06 accepted 1  lowest_f 9.10137e-07
[6.74870006 4.34460535 3.98988894 6.52093082 2.18712879 0.40235066
 2.96269136 3.41262227 5.44255997 0.30535823 0.6560425  3.9597391
 5.61898631 0.70802802 0.30741309 2.20772087 3.41870602 5.39986926
 3.78124128 0.37858147 5.90015169 5.97464437 2.86801123 2.09014809
 1.78615987] 6.022086437940122e-06 True
basinhopping step 87: f 9.08262e-07 trial_f 9.08262e-07 accepted 1  lowest_f 9.08262e-07
found new global minimum on step 87 with function value 9.08262e-07
[6.97822181 3.6109003  4.0215011  6.35717389 2.34464267 0.25839404
 3.51216291 3.89945633 5.82793446 0.68081032 0.75748588 3.56146817
 5.70081733 0.42143454 0.10147108 2.27504495 2.58525924 5.92403274
 3.80141995 0.18539889 5.8200018  5.36803415 2.50304236 1.72877056
 1.2438764 ] 9.08261915534606e-07 True
basinhopping step 88: f 5.96788e-06 trial_f 5.96788e-06 accepted 1  lowest_f 9.08262e-07
[6.31869112 4.0693559  3.45968024 6.16335742 1.87785091 0.51704593
 3.48095639 3.78134895 5.29416234 0.79099412 1.1952895  3.17540431
 5.31767778 0.57710209 0.18690177 2.63305184 2.80610084 6.08456698
 3.96748845 0.35116561 6.01423277 5.71750107 2.79790307 1.8895676
 1.66539105] 5.967875261203156e-06 True
basinhopping step 89: f 1.16844e-06 trial_f 1.16844e-06 accepted 1  lowest_f 9.08262e-07
[ 5.80949717  4.02787685  3.89377988  5.91007084  3.29225868  0.9970039
  3.88696352  3.12559554  3.93688421  0.18872687  1.17803109  3.52710425
  5.95329627 -0.3287556  -0.08632543  1.89414024  2.93840952  6.76646328
  3.74429806 -0.2665676   6.35776116  5.61822133  2.52425754  1.90755143
  1.6089846 ] 1.1684379683428302e-06 True
basinhopping step 90: f 3.92986e-06 trial_f 3.92986e-06 accepted 1  lowest_f 9.08262e-07
[ 5.71200435e+00  3.47131632e+00  3.16883112e+00  5.74113450e+00
  3.53129849e+00  1.16762038e+00  3.99517164e+00  3.45960850e+00
  4.03315430e+00  7.33918819e-01  1.39724069e+00  3.38826464e+00
  5.63446313e+00  7.48110265e-02  1.10749341e-01  1.71444542e+00
  2.78171436e+00  6.25682608e+00  3.49367039e+00 -3.48645622e-04
  6.41172416e+00  5.06630717e+00  2.28081615e+00  2.53797737e+00
  2.04671200e+00] 3.9298634766788e-06 True
basinhopping step 91: f 3.97891e-06 trial_f 3.97891e-06 accepted 1  lowest_f 9.08262e-07
[ 5.97106447  3.60618947  3.66918752  7.01636677  3.61736381  1.16642213
  3.76534663  3.24319572  4.27287926  0.84526581  1.29986119  3.22088714
  5.70286015  0.26489343 -0.0372548   1.74523666  2.44542684  5.68603517
  3.33183168  0.30849236  5.72498909  4.68876617  1.94194181  3.13849098
  2.92763162] 3.978914241621361e-06 True
basinhopping step 92: f 1.19994e-05 trial_f 1.19994e-05 accepted 1  lowest_f 9.08262e-07
[ 5.73730222  3.69997109  3.59833049  6.09268228  3.85962895  1.64095385
  3.90489587  3.02859588  3.74402141  0.82856567  0.99809688  3.8580113
  5.94446061  0.4459714  -0.11487146  1.80045719  1.96589786  5.91092462
  3.08078086  0.17460769  5.62245038  5.16774074  1.63131557  3.1772893
  3.07795439] 1.1999376472017716e-05 True
basinhopping step 93: f 1.08067e-05 trial_f 1.08067e-05 accepted 1  lowest_f 9.08262e-07
[5.79906962 4.17550485 3.90514676 5.80659001 4.05671301 1.54484347
 4.30927829 3.10761738 3.51481616 0.53255895 1.33052268 3.61673672
 5.75370151 0.50112318 0.04152726 2.2518893  2.17191027 5.87345156
 2.80492996 0.47095166 6.21594785 6.02795976 1.76088749 3.10740725
 3.52465071] 1.0806723102285424e-05 True
basinhopping step 94: f 2.23973e-06 trial_f 2.23973e-06 accepted 1  lowest_f 9.08262e-07
[5.82274509 4.62555405 4.04942546 5.36991641 4.36436058 1.12538245
 3.9682675  2.77993046 3.17008146 0.49562674 0.84275981 3.49151935
 5.90568146 0.39513301 0.14249038 2.20009413 2.6881316  6.11906135
 3.30513182 0.41780575 5.67466604 5.77486941 2.29633508 2.69372823
 3.59951066] 2.239730116535865e-06 True
basinhopping step 95: f 3.59444e-06 trial_f 3.59444e-06 accepted 1  lowest_f 9.08262e-07
[5.77623961 4.44732537 3.90743131 5.54773576 4.63426882 1.21161729
 3.92750592 2.8269684  3.20034748 0.85397343 0.40848896 3.75117866
 5.52280278 0.13933567 0.24243615 2.24665071 2.48610459 6.24865254
 3.02934844 0.20094278 5.66142556 5.61802821 2.15898    2.69565119
 3.02145183] 3.5944364837507754e-06 True
basinhopping step 96: f 6.67411e-06 trial_f 6.67411e-06 accepted 1  lowest_f 9.08262e-07
[6.52355275 4.26010595 3.64228087 5.65714935 5.13042798 1.05446215
 3.98351284 2.98658003 3.07013892 0.80313878 0.85334822 3.71602355
 5.18953219 0.65783723 0.03656206 2.62900718 2.19237185 5.49811212
 2.76406819 0.55243568 5.87204412 5.58623958 2.64418911 3.17008494
 3.35367043] 6.674110916674869e-06 True
basinhopping step 97: f 1.67019e-05 trial_f 1.67019e-05 accepted 1  lowest_f 9.08262e-07
[6.15717113 3.96789455 3.95109075 5.03696185 5.05234061 0.96507679
 4.14960698 2.9157504  2.93085588 0.81854753 0.53639242 3.35838661
 4.59889742 0.27807257 0.1721399  2.46568712 1.8654816  5.89570303
 2.84384206 0.56304919 5.86673752 5.88011263 2.44972297 3.60597864
 3.58242493] 1.67018500027078e-05 True
basinhopping step 98: f 1.17778e-05 trial_f 1.17778e-05 accepted 1  lowest_f 9.08262e-07
[ 6.39460813  4.0017736   3.52634493  4.58956374  5.20402251  0.65647688
  4.53395312  3.38136557  2.80003786  0.77315373  0.50289646  3.23183312
  4.94451374  0.21550458 -0.03059425  1.95798935  1.98845745  6.08582771
  2.61893482  0.35989929  5.48462804  6.10554197  2.42310618  3.17601051
  3.48230847] 1.1777762780587262e-05 True
basinhopping step 99: f 5.85475e-06 trial_f 5.85475e-06 accepted 1  lowest_f 9.08262e-07
[6.2057194  4.08082222 3.55975904 3.99967421 5.20686939 0.70442418
 4.99074911 3.67902945 3.06104175 1.27236778 0.65983767 3.36061137
 5.24188883 0.0234649  0.24463838 2.38770493 2.3066902  5.82397155
 3.06112808 0.42261103 5.27727694 5.76748731 2.56325146 3.17556166
 3.58893215] 5.854748348869543e-06 True
adaptive stepsize: acceptance rate 0.990000 target 0.500000 new stepsize 0.617284 old stepsize 0.555556
basinhopping step 100: f 1.05571e-05 trial_f 1.05571e-05 accepted 1  lowest_f 9.08262e-07
[6.12267507 4.09407594 4.0457022  3.99412735 5.50267577 1.05151144
 4.61996546 3.90490103 2.94948861 1.13755859 0.13732217 3.56593385
 4.88107867 0.21846932 0.0457622  1.99396727 2.68531013 5.96189829
 2.99370063 0.51240406 5.85325496 6.40772634 2.15027239 3.44880522
 3.84088165] 1.0557102685529158e-05 True
                        fun: 9.08261915534606e-07
 lowest_optimization_result:       fun: 9.08261915534606e-07
 hess_inv: array([[ 2.85573588e+03, -8.41709301e+02, -1.07193169e+03,
         1.34468682e+03,  2.20383820e+03, -2.80196525e+02,
         1.74541394e+03,  3.13668763e+02,  1.97215545e+03,
         7.18200957e+02,  1.63166928e+03,  5.49151461e+01,
         3.63969632e+02,  2.00967995e+01, -1.23372307e+03,
         7.20319726e+02, -6.22980668e+02, -7.02223163e+01,
        -1.49645496e+03, -6.81100169e+02, -1.38043284e+02,
        -2.26849302e+03, -2.40412192e+03,  1.87876696e+02,
        -3.04320456e+03],
       [-8.41709301e+02,  4.15940636e+02,  5.17922302e+02,
        -6.21520898e+02, -9.38603498e+02,  1.54292120e+02,
        -7.55376662e+02,  3.93013218e+01, -9.60932466e+02,
        -1.78734348e+02, -2.08937841e+02,  7.48007251e+01,
        -3.03303393e+02,  6.31674564e+01,  5.46379318e+02,
        -4.24207817e+02,  9.08730306e+01, -7.60890384e+01,
         7.08113946e+02,  3.25706499e+02,  4.75081657e+00,
         8.37117792e+02,  1.01639891e+03, -2.33699335e+02,
         7.57627074e+02],
       [-1.07193169e+03,  5.17922302e+02,  6.60800511e+02,
        -7.89329941e+02, -1.19188929e+03,  1.93290548e+02,
        -9.60459301e+02,  5.30741317e+01, -1.21356943e+03,
        -2.21468063e+02, -2.57606952e+02,  1.01238078e+02,
        -3.86570522e+02,  8.76996771e+01,  7.00259564e+02,
        -5.41150352e+02,  1.21248001e+02, -9.53511446e+01,
         8.95962044e+02,  4.11027705e+02,  9.92584527e+00,
         1.06442827e+03,  1.27872143e+03, -2.97370111e+02,
         9.42591807e+02],
       [ 1.34468682e+03, -6.21520898e+02, -7.89329941e+02,
         9.51467965e+02,  1.44194784e+03, -2.26970495e+02,
         1.16726328e+03, -4.35402661e+01,  1.45866200e+03,
         2.83762279e+02,  3.67610688e+02, -1.12239667e+02,
         4.50237503e+02, -9.82597464e+01, -8.46558391e+02,
         6.42140879e+02, -1.65653019e+02,  1.05445796e+02,
        -1.08111718e+03, -4.94047718e+02, -1.82511681e+01,
        -1.30660639e+03, -1.55775852e+03,  3.42079578e+02,
        -1.20524665e+03],
       [ 2.20383820e+03, -9.38603498e+02, -1.19188929e+03,
         1.44194784e+03,  2.23264556e+03, -3.57615077e+02,
         1.77228873e+03, -1.26827895e+01,  2.21601027e+03,
         4.86535226e+02,  7.73033323e+02, -1.28555689e+02,
         6.31842985e+02, -1.20292305e+02, -1.29490820e+03,
         9.45203358e+02, -3.23431721e+02,  1.17500754e+02,
        -1.64131738e+03, -7.59311230e+02, -4.63172350e+01,
        -2.04597259e+03, -2.39910652e+03,  4.91236500e+02,
        -2.07094684e+03],
       [-2.80196525e+02,  1.54292120e+02,  1.93290548e+02,
        -2.26970495e+02, -3.57615077e+02,  8.71292018e+01,
        -2.46103118e+02,  4.02119129e+01, -3.73257881e+02,
        -5.48368430e+01, -8.64948057e+01,  2.53236404e+01,
        -1.05994020e+02,  2.25895252e+01,  2.00091503e+02,
        -1.58649246e+02,  3.54379853e+01, -2.66575827e+01,
         2.63333061e+02,  1.34913673e+02, -5.54205900e+00,
         2.75228422e+02,  3.51327795e+02, -1.29115777e+02,
         2.72203651e+02],
       [ 1.74541394e+03, -7.55376662e+02, -9.60459301e+02,
         1.16726328e+03,  1.77228873e+03, -2.46103118e+02,
         1.48806738e+03, -9.83292304e+00,  1.77900163e+03,
         3.80976714e+02,  4.89871260e+02, -1.36076587e+02,
         5.52361463e+02, -1.24944679e+02, -1.05948120e+03,
         7.90656814e+02, -2.18635723e+02,  1.21478501e+02,
        -1.33937639e+03, -5.99870112e+02, -4.16717066e+01,
        -1.67692137e+03, -1.97595677e+03,  3.62182563e+02,
        -1.51989908e+03],
       [ 3.13668763e+02,  3.93013218e+01,  5.30741317e+01,
        -4.35402661e+01, -1.26827895e+01,  4.02119129e+01,
        -9.83292304e+00,  1.70656501e+02, -1.27221230e+02,
         1.17974272e+02,  4.26335474e+02,  9.58770062e+01,
        -1.26825434e+02,  7.60183293e+01,  3.70393932e+01,
        -1.15077218e+02, -1.47610609e+02, -9.35133676e+01,
         7.78559738e+01,  4.31825033e+01, -4.16082359e+01,
        -1.15937152e+02,  3.43839696e+00, -1.65506103e+02,
        -4.94669586e+02],
       [ 1.97215545e+03, -9.60932466e+02, -1.21356943e+03,
         1.45866200e+03,  2.21601027e+03, -3.73257881e+02,
         1.77900163e+03, -1.27221230e+02,  2.29325521e+03,
         4.05040159e+02,  4.50890920e+02, -1.97237050e+02,
         7.19823642e+02, -1.74860467e+02, -1.31282895e+03,
         1.02375074e+03, -2.04735558e+02,  1.87127099e+02,
        -1.69192245e+03, -7.83487924e+02, -1.97384879e+01,
        -1.95702956e+03, -2.41099691e+03,  5.96002201e+02,
        -1.69237740e+03],
       [ 7.18200957e+02, -1.78734348e+02, -2.21468063e+02,
         2.83762279e+02,  4.86535226e+02, -5.48368430e+01,
         3.80976714e+02,  1.17974272e+02,  4.05040159e+02,
         1.98161051e+02,  4.90401491e+02,  4.41286811e+01,
         4.44639066e+01,  2.90556088e+01, -2.61399484e+02,
         1.27334389e+02, -1.77799130e+02, -4.38959302e+01,
        -3.11150538e+02, -1.41245490e+02, -4.33522544e+01,
        -5.33976867e+02, -5.37935840e+02, -4.63564469e+00,
        -8.19289954e+02],
       [ 1.63166928e+03, -2.08937841e+02, -2.57606952e+02,
         3.67610688e+02,  7.73033323e+02, -8.64948057e+01,
         4.89871260e+02,  4.26335474e+02,  4.50890920e+02,
         4.90401491e+02,  1.62331500e+03,  2.56031104e+02,
        -2.01548376e+02,  1.95955048e+02, -3.33972327e+02,
        -2.28567091e+01, -5.80754062e+02, -2.48803030e+02,
        -3.44875676e+02, -1.74127867e+02, -1.25423066e+02,
        -9.51467872e+02, -7.47562503e+02, -1.82247667e+02,
        -2.24526114e+03],
       [ 5.49151461e+01,  7.48007251e+01,  1.01238078e+02,
        -1.12239667e+02, -1.28555689e+02,  2.53236404e+01,
        -1.36076587e+02,  9.58770062e+01, -1.97237050e+02,
         4.41286811e+01,  2.56031104e+02,  7.92369979e+01,
        -1.28887433e+02,  6.44332985e+01,  1.05983554e+02,
        -1.34113884e+02, -8.13305572e+01, -7.16242915e+01,
         1.47294549e+02,  6.34510539e+01, -1.91298997e+01,
         6.99090856e+01,  1.59778995e+02, -1.05466899e+02,
        -2.25774133e+02],
       [ 3.63969632e+02, -3.03303393e+02, -3.86570522e+02,
         4.50237503e+02,  6.31842985e+02, -1.05994020e+02,
         5.52361463e+02, -1.26825434e+02,  7.19823642e+02,
         4.44639066e+01, -2.01548376e+02, -1.28887433e+02,
         3.16236869e+02, -1.07992404e+02, -4.03949197e+02,
         3.77300024e+02,  5.39584486e+01,  1.22485118e+02,
        -5.33912150e+02, -2.39038106e+02,  1.84787241e+01,
        -5.19414841e+02, -7.14724571e+02,  2.28991888e+02,
        -1.12376489e+02],
       [ 2.00967995e+01,  6.31674564e+01,  8.76996771e+01,
        -9.82597464e+01, -1.20292305e+02,  2.25895252e+01,
        -1.24944679e+02,  7.60183293e+01, -1.74860467e+02,
         2.90556088e+01,  1.95955048e+02,  6.44332985e+01,
        -1.07992404e+02,  5.67228666e+01,  9.94109965e+01,
        -1.17167004e+02, -6.06589057e+01, -5.65964031e+01,
         1.32573949e+02,  5.81955034e+01, -1.12633560e+01,
         7.61141677e+01,  1.51826140e+02, -8.70855739e+01,
        -1.72800108e+02],
       [-1.23372307e+03,  5.46379318e+02,  7.00259564e+02,
        -8.46558391e+02, -1.29490820e+03,  2.00091503e+02,
        -1.05948120e+03,  3.70393932e+01, -1.31282895e+03,
        -2.61399484e+02, -3.33972327e+02,  1.05983554e+02,
        -4.03949197e+02,  9.94109965e+01,  7.76644727e+02,
        -5.85641884e+02,  1.52488727e+02, -9.22976082e+01,
         9.80845297e+02,  4.49520031e+02,  2.64668846e+01,
         1.18912217e+03,  1.42206984e+03, -3.06077771e+02,
         1.05706401e+03],
       [ 7.20319726e+02, -4.24207817e+02, -5.41150352e+02,
         6.42140879e+02,  9.45203358e+02, -1.58649246e+02,
         7.90656814e+02, -1.15077218e+02,  1.02375074e+03,
         1.27334389e+02, -2.28567091e+01, -1.34113884e+02,
         3.77300024e+02, -1.17167004e+02, -5.85641884e+02,
         4.97461789e+02, -1.53801648e+01,  1.24444293e+02,
        -7.60043469e+02, -3.47912210e+02,  3.86379947e+00,
        -8.12492572e+02, -1.05338344e+03,  2.98009889e+02,
        -4.69619039e+02],
       [-6.22980668e+02,  9.08730306e+01,  1.21248001e+02,
        -1.65653019e+02, -3.23431721e+02,  3.54379853e+01,
        -2.18635723e+02, -1.47610609e+02, -2.04735558e+02,
        -1.77799130e+02, -5.80754062e+02, -8.13305572e+01,
         5.39584486e+01, -6.06589057e+01,  1.52488727e+02,
        -1.53801648e+01,  2.19082747e+02,  8.38380226e+01,
         1.57456333e+02,  7.77553882e+01,  4.43194003e+01,
         3.85880795e+02,  3.05954880e+02,  5.16733385e+01,
         8.23212409e+02],
       [-7.02223163e+01, -7.60890384e+01, -9.53511446e+01,
         1.05445796e+02,  1.17500754e+02, -2.66575827e+01,
         1.21478501e+02, -9.35133676e+01,  1.87127099e+02,
        -4.38959302e+01, -2.48803030e+02, -7.16242915e+01,
         1.22485118e+02, -5.65964031e+01, -9.22976082e+01,
         1.24444293e+02,  8.38380226e+01,  7.12684453e+01,
        -1.37172092e+02, -5.99948432e+01,  2.30048005e+01,
        -5.48653083e+01, -1.46421480e+02,  1.03493172e+02,
         2.13560221e+02],
       [-1.49645496e+03,  7.08113946e+02,  8.95962044e+02,
        -1.08111718e+03, -1.64131738e+03,  2.63333061e+02,
        -1.33937639e+03,  7.78559738e+01, -1.69192245e+03,
        -3.11150538e+02, -3.44875676e+02,  1.47294549e+02,
        -5.33912150e+02,  1.32573949e+02,  9.80845297e+02,
        -7.60043469e+02,  1.57456333e+02, -1.37172092e+02,
         1.25981576e+03,  5.77853950e+02,  2.10740572e+01,
         1.47705983e+03,  1.80855397e+03, -4.19540712e+02,
         1.26463971e+03],
       [-6.81100169e+02,  3.25706499e+02,  4.11027705e+02,
        -4.94047718e+02, -7.59311230e+02,  1.34913673e+02,
        -5.99870112e+02,  4.31825033e+01, -7.83487924e+02,
        -1.41245490e+02, -1.74127867e+02,  6.34510539e+01,
        -2.39038106e+02,  5.81955034e+01,  4.49520031e+02,
        -3.47912210e+02,  7.77553882e+01, -5.99948432e+01,
         5.77853950e+02,  2.74162299e+02,  6.17502988e+00,
         6.67113347e+02,  8.20062918e+02, -2.10490575e+02,
         5.89142573e+02],
       [-1.38043284e+02,  4.75081657e+00,  9.92584527e+00,
        -1.82511681e+01, -4.63172350e+01, -5.54205900e+00,
        -4.16717066e+01, -4.16082359e+01, -1.97384879e+01,
        -4.33522544e+01, -1.25423066e+02, -1.91298997e+01,
         1.84787241e+01, -1.12633560e+01,  2.64668846e+01,
         3.86379947e+00,  4.43194003e+01,  2.30048005e+01,
         2.10740572e+01,  6.17502988e+00,  2.08062480e+01,
         7.90369942e+01,  6.41573387e+01,  3.09481499e+01,
         1.58903482e+02],
       [-2.26849302e+03,  8.37117792e+02,  1.06442827e+03,
        -1.30660639e+03, -2.04597259e+03,  2.75228422e+02,
        -1.67692137e+03, -1.15937152e+02, -1.95702956e+03,
        -5.33976867e+02, -9.51467872e+02,  6.99090856e+01,
        -5.19414841e+02,  7.61141677e+01,  1.18912217e+03,
        -8.12492572e+02,  3.85880795e+02, -5.48653083e+01,
         1.47705983e+03,  6.67113347e+02,  7.90369942e+01,
         2.00984919e+03,  2.25553508e+03, -3.11413072e+02,
         2.18795496e+03],
       [-2.40412192e+03,  1.01639891e+03,  1.27872143e+03,
        -1.55775852e+03, -2.39910652e+03,  3.51327795e+02,
        -1.97595677e+03,  3.43839696e+00, -2.41099691e+03,
        -5.37935840e+02, -7.47562503e+02,  1.59778995e+02,
        -7.14724571e+02,  1.51826140e+02,  1.42206984e+03,
        -1.05338344e+03,  3.05954880e+02, -1.46421480e+02,
         1.80855397e+03,  8.20062918e+02,  6.41573387e+01,
         2.25553508e+03,  2.69183602e+03, -4.98629195e+02,
         2.13960685e+03],
       [ 1.87876696e+02, -2.33699335e+02, -2.97370111e+02,
         3.42079578e+02,  4.91236500e+02, -1.29115777e+02,
         3.62182563e+02, -1.65506103e+02,  5.96002201e+02,
        -4.63564469e+00, -1.82247667e+02, -1.05466899e+02,
         2.28991888e+02, -8.70855739e+01, -3.06077771e+02,
         2.98009889e+02,  5.16733385e+01,  1.03493172e+02,
        -4.19540712e+02, -2.10490575e+02,  3.09481499e+01,
        -3.11413072e+02, -4.98629195e+02,  2.86493223e+02,
        -3.05285076e+01],
       [-3.04320456e+03,  7.57627074e+02,  9.42591807e+02,
        -1.20524665e+03, -2.07094684e+03,  2.72203651e+02,
        -1.51989908e+03, -4.94669586e+02, -1.69237740e+03,
        -8.19289954e+02, -2.24526114e+03, -2.25774133e+02,
        -1.12376489e+02, -1.72800108e+02,  1.05706401e+03,
        -4.69619039e+02,  8.23212409e+02,  2.13560221e+02,
         1.26463971e+03,  5.89142573e+02,  1.58903482e+02,
         2.18795496e+03,  2.13960685e+03, -3.05285076e+01,
         3.71610160e+03]])
      jac: array([ 2.63410826e-06, -7.32949462e-06,  2.33511192e-06, -1.64411913e-06,
       -7.20724139e-06,  6.02652050e-06, -6.00654460e-07, -3.55118618e-06,
        5.92593261e-06, -1.66394724e-06,  8.69461303e-09,  5.35374689e-06,
        8.74646908e-07,  1.35093439e-06, -1.76635442e-06,  1.97370551e-06,
        2.86932442e-06, -6.79344051e-06,  4.70143840e-06, -7.69892090e-06,
        3.04003650e-06, -4.20413730e-06,  3.75501508e-06,  1.74269959e-06,
       -9.79086892e-08])
  message: 'Optimization terminated successfully.'
     nfev: 7176
      nit: 259
     njev: 276
   status: 0
  success: True
        x: array([6.97822181, 3.6109003 , 4.0215011 , 6.35717389, 2.34464267,
       0.25839404, 3.51216291, 3.89945633, 5.82793446, 0.68081032,
       0.75748588, 3.56146817, 5.70081733, 0.42143454, 0.10147108,
       2.27504495, 2.58525924, 5.92403274, 3.80141995, 0.18539889,
       5.8200018 , 5.36803415, 2.50304236, 1.72877056, 1.2438764 ])
                    message: ['requested number of basinhopping iterations completed successfully']
      minimization_failures: 0
                       nfev: 514202
                        nit: 100
                       njev: 19777
                          x: array([6.97822181, 3.6109003 , 4.0215011 , 6.35717389, 2.34464267,
       0.25839404, 3.51216291, 3.89945633, 5.82793446, 0.68081032,
       0.75748588, 3.56146817, 5.70081733, 0.42143454, 0.10147108,
       2.27504495, 2.58525924, 5.92403274, 3.80141995, 0.18539889,
       5.8200018 , 5.36803415, 2.50304236, 1.72877056, 1.2438764 ])
0.020546772136921056

Process finished with exit code 0
