E:\CURPROJECT\SimsV3\venv\Scripts\python.exe E:/CURPROJECT/SimsV3/Simple_ManyWP_reproducability_test1.py
basinhopping step 0: f 4.26254e-06
[ 4.08934901  5.30530118  6.40489875  4.06509282  5.9226454  -0.28644997
  0.18915091  4.50514054  6.0159135   3.63289591  5.98506706  3.34163289
  3.44097753  6.23475013  2.12500802  5.25320962  2.46241216  6.58992835
  5.40947347  3.45951783  3.88544119  1.07734844  3.28951764  4.20344689
  0.95360442  1.76762762  0.87422431  0.75237238  2.41366576  3.88918223] 4.262541631554522e-06 True
basinhopping step 1: f 4.93687e-06 trial_f 4.93687e-06 accepted 1  lowest_f 4.26254e-06
[3.8296831  4.48066454 6.88331291 4.34022554 4.94106952 0.88866375
 0.8347208  3.94790722 6.49604945 3.74751014 6.62932779 4.02736681
 3.19856676 6.44933955 2.14082235 5.31380394 2.48047475 6.10772562
 5.46742084 3.7236781  4.28538326 1.26026491 3.5429039  4.77961837
 1.35042861 1.4418112  0.08767661 0.01646121 2.26834034 2.98199164] 4.9368743853543e-06 True
basinhopping step 2: f 2.36467e-06 trial_f 2.36467e-06 accepted 1  lowest_f 2.36467e-06
found new global minimum on step 2 with function value 2.36467e-06
[ 3.75000319  4.26953059  6.70981336  4.14494423  4.71186373  1.26226076
  1.22004777  3.98230818  6.16788918  3.11562601  6.50520585  3.87421558
  3.85227675  7.11650267  2.73281707  5.5115616   2.22945176  6.53385848
  5.15977675  4.13635472  3.97448654  0.21951173  3.42053886  4.99100232
  0.64203286  0.91062321 -0.28425449 -0.12436045  2.21040105  2.28598177] 2.364674152989349e-06 True
basinhopping step 3: f 6.23104e-06 trial_f 6.23104e-06 accepted 1  lowest_f 2.36467e-06
[ 3.66036484  4.30037328  6.50207807  4.05632848  5.21386713  0.80295159
  1.31128165  4.16362501  5.87765854  3.18655173  6.54015225  3.84109837
  4.46085254  6.48722743  2.83208835  5.68008352  1.60895755  6.45538652
  5.89027939  3.88462895  4.12089518  0.53558302  3.46095455  5.01875382
  0.5789576   0.82026683 -0.43003036 -0.61910805  2.52239517  2.32202524] 6.231038118979453e-06 True
basinhopping step 4: f 1.31064e-06 trial_f 1.31064e-06 accepted 1  lowest_f 1.31064e-06
found new global minimum on step 4 with function value 1.31064e-06
[ 4.14255214  4.18060721  6.38847933  3.70735902  4.82982017  0.88761815
  1.02309483  3.81581536  5.81571987  4.55032045  6.88912385  3.77254432
  4.54646607  6.52665064  3.49462392  5.35984924  2.22879184  6.49468426
  5.8266296   3.58287552  4.0541733   0.57899109  3.52895627  4.39446509
  0.42713723 -0.20071821 -1.14033287 -0.21369666  2.21877137  2.43859033] 1.3106387248414447e-06 True
basinhopping step 5: f 1.9753e-06 trial_f 1.9753e-06 accepted 1  lowest_f 1.31064e-06
[ 3.78850775  4.19361977  6.159856    3.85562139  4.66998279  0.86600093
  1.27545144  4.06417889  5.83101593  4.23448122  6.42981275  3.52496367
  4.43645922  6.20566867  3.30138097  4.98285072  2.64554995  6.29987869
  5.59798732  3.81942711  4.12449717  0.96560306  3.24534743  4.45446623
  0.28780291  0.15581151  0.06425335 -0.46901421  1.97845132  2.32597586] 1.975298401826253e-06 True
basinhopping step 6: f 1.76041e-06 trial_f 1.76041e-06 accepted 1  lowest_f 1.31064e-06
[ 3.03825561  3.8645051   6.33891582  3.81439614  4.04042331  1.28054535
  1.36472353  4.34761658  5.29455006  4.5687173   6.59455666  3.2720832
  3.80908196  6.1083345   3.52407992  4.34607817  3.07940699  5.92497226
  5.74597907  3.92675245  4.5587659   0.89675936  2.93917715  4.76585605
  0.33121496  0.20029892  0.07458639 -0.42284595  1.98122501  2.72564321] 1.7604134786750434e-06 True
basinhopping step 7: f 1.4598e-05 trial_f 1.4598e-05 accepted 1  lowest_f 1.31064e-06
[ 2.64354484  3.04819568  6.62833393  3.49369291  3.12230542 -0.6704229
  1.00019357  5.11688111  5.56545273  5.78975448  5.9022325   3.05014499
  3.94590519  6.34093141  4.37367394  4.27138382  3.09714653  4.8568885
  5.36486638  3.87639766  4.50695707  0.84062699  2.14809393  4.16940178
  0.17236653  0.13334554  0.36222962  0.81388294  2.81331686  3.93441789] 1.4597976731304905e-05 True
basinhopping step 8: f 3.62687e-06 trial_f 3.62687e-06 accepted 1  lowest_f 1.31064e-06
[ 2.2943269   2.58576691  6.71795857  3.28413489  3.64920534 -0.45720714
  0.86068744  5.7870117   5.27873267  6.17067269  6.73685838  3.23127164
  4.38327214  6.11647831  4.15022028  4.22113479  2.67266249  4.29841586
  5.22143906  4.04605594  4.31955282  0.69323679  2.04495415  3.83425494
  0.40719044 -0.33310977  0.54879237  0.92040888  2.96277732  4.19084606] 3.626869128214189e-06 True
basinhopping step 9: f 5.53668e-06 trial_f 5.53668e-06 accepted 1  lowest_f 1.31064e-06
[ 2.6543415   2.4194697   6.51755118  3.56086045  4.04103874  0.10123747
  0.77318488  5.99731712  4.75729673  6.0012575   5.90066349  3.4617731
  4.15473002  5.8608341   4.30416785  3.71348197  2.52728212  4.04171928
  4.96822298  3.94322065  4.52272708  1.32628875  2.32713805  4.4147443
  0.7825708  -0.27202727  0.749899    0.7512919   3.19404118  4.07150907] 5.536677721862608e-06 True
basinhopping step 10: f 1.03527e-06 trial_f 1.03527e-06 accepted 1  lowest_f 1.03527e-06
found new global minimum on step 10 with function value 1.03527e-06
[ 2.59768168  2.26898387  6.53022233  4.29237173  4.39198517  0.39888237
  0.97315176  5.16734611  4.92385897  5.37068941  4.94133446  3.71402321
  4.57798588  4.90114034  4.42368318  3.86490356  2.68275849  3.81846873
  4.32730626  4.10684586  4.74075147  1.49642202  1.6041212   4.44678991
  1.1476709  -0.1417228   0.27371937  0.6221514   3.12576322  3.26239453] 1.035271067839113e-06 True
basinhopping step 11: f 4.74388e-06 trial_f 4.74388e-06 accepted 1  lowest_f 1.03527e-06
[3.20548504 2.44592803 6.32021951 4.65937596 4.17140663 0.16070585
 1.24121155 4.58580667 4.75715934 5.39877619 4.54952734 4.23164
 4.78663465 4.81755079 4.33957145 3.86175238 2.50441073 3.45537936
 4.03232923 4.35604975 5.03537014 1.65620206 2.19906574 4.62954517
 0.59591507 0.48579269 0.15043422 0.29376296 3.04119302 3.8882504 ] 4.743883599942652e-06 True
basinhopping step 12: f 3.45431e-06 trial_f 3.45431e-06 accepted 1  lowest_f 1.03527e-06
[ 3.19921937  2.62861103  6.83650011  5.05013507  3.08431568 -0.02369616
  0.06118974  3.77530187  4.24970194  5.91454902  4.66526649  3.79042461
  4.33731077  4.86245427  4.07430012  3.46714206  3.27310288  3.95927109
  4.46857871  4.38954687  5.10631328  2.15014255  2.05275889  5.08166771
  0.71235009  0.86406211  0.57945876  0.29900543  3.34463102  4.01147651] 3.454309183790741e-06 True
basinhopping step 13: f 2.77047e-06 trial_f 2.77047e-06 accepted 1  lowest_f 1.03527e-06
[ 3.47658788e+00  3.19854245e+00  6.03493203e+00  5.12993911e+00
  3.34828189e+00  1.95134819e-01 -1.76147481e-04  3.93369582e+00
  3.80550375e+00  5.37089398e+00  4.91568651e+00  2.75271105e+00
  4.50803672e+00  4.16785494e+00  3.87652177e+00  3.85824287e+00
  2.98779102e+00  4.11366953e+00  4.46670275e+00  4.06597550e+00
  5.39320504e+00  1.98165624e+00  2.16815912e+00  4.69336669e+00
  6.94449291e-01  9.67182627e-01  9.77040581e-01  1.98038475e-01
  4.07205112e+00  4.29430688e+00] 2.770468770082049e-06 True
basinhopping step 14: f 6.37716e-06 trial_f 6.37716e-06 accepted 1  lowest_f 1.03527e-06
[3.51309084 3.15051854 5.91323277 5.4988117  3.62248852 0.06918052
 0.05936743 3.817855   3.66743111 5.25793673 4.44031821 3.01943775
 4.90864411 4.30146529 3.36054984 3.44602574 3.12574516 4.00783588
 4.83812622 4.32675243 5.06290787 2.1999866  2.08925482 4.55202915
 0.78275857 0.77443853 1.05896357 0.52998816 3.82938604 3.19490237] 6.377156343997876e-06 True
basinhopping step 15: f 8.0543e-07 trial_f 8.0543e-07 accepted 1  lowest_f 8.0543e-07
found new global minimum on step 15 with function value 8.0543e-07
[3.44094247 2.71672895 5.73691546 5.48203474 3.2667047  0.54359822
 0.38040077 3.65779893 4.14106874 5.58880591 4.69844864 2.98595099
 4.39949516 4.04056253 3.54337525 3.56689733 3.15201975 3.93577871
 4.58975231 4.26105761 5.16652735 1.80024943 2.1462671  4.47842532
 0.47185894 0.98607308 1.26841617 0.3378613  3.65315598 3.58776931] 8.054295747696443e-07 True
basinhopping step 16: f 2.96581e-06 trial_f 2.96581e-06 accepted 1  lowest_f 8.0543e-07
[3.71311682 2.84997588 5.59087887 5.67660319 3.15917495 0.1504083
 0.98112542 3.73895675 4.15599624 5.93354572 4.70498347 2.76238247
 4.40025453 4.43866446 3.18302954 3.52361013 3.76260829 3.82319461
 4.06512362 4.33748501 5.65155969 1.83706948 1.70682991 4.77437723
 0.19871347 1.02415925 0.93286043 1.08788412 3.3332987  3.27237013] 2.96581039938764e-06 True
basinhopping step 17: f 6.00901e-06 trial_f 6.00901e-06 accepted 1  lowest_f 8.0543e-07
[4.23742807 2.45086991 5.84517119 5.96016207 3.09310705 0.52264528
 0.80654107 3.73669079 4.36763219 5.55506593 4.20911356 3.1997548
 4.05665847 4.20836913 2.92877002 3.39698525 4.06120059 3.75368393
 3.9199278  4.785058   6.01119432 1.8635965  2.10101461 4.34643121
 0.12131968 1.49097544 1.34072104 1.54077409 3.35627591 3.63985588] 6.0090127123642105e-06 True
basinhopping step 18: f 4.29725e-06 trial_f 4.29725e-06 accepted 1  lowest_f 8.0543e-07
[3.70940045 2.54623911 5.14330898 5.95777258 3.02667507 0.2489319
 0.81786761 3.63619947 4.5318195  5.71501616 4.27084856 3.26888901
 4.67440892 4.1885625  3.2078358  3.40443519 4.30293956 3.78391559
 3.66708878 4.40344752 6.70933    1.1326397  2.22159958 4.94791909
 0.1176519  2.06095717 1.44483329 1.47902544 3.533295   3.76453686] 4.29724936732559e-06 True
basinhopping step 19: f 3.91171e-06 trial_f 3.91171e-06 accepted 1  lowest_f 8.0543e-07
[4.09531785 2.39000417 5.04916023 5.69545398 2.98741494 0.85400732
 0.72927002 3.78991397 4.46595509 5.72861258 4.495034   3.1579444
 4.55149824 4.11192112 3.49272013 3.15384919 3.68436352 3.52498841
 3.69419681 4.12824524 6.64162513 1.26000982 1.80895302 4.83134518
 0.0938563  2.12581293 1.71296181 1.17135838 4.09434542 4.99046469] 3.911707728473969e-06 True
basinhopping step 20: f 5.86701e-06 trial_f 5.86701e-06 accepted 1  lowest_f 8.0543e-07
[3.69915318 2.81374426 4.47866811 5.31826352 3.11311147 1.01037267
 1.12715353 3.66996812 4.61746952 5.72809902 4.5640499  3.21163425
 4.59824011 3.58177147 3.53471119 2.84970319 3.1637415  3.03027955
 3.95897173 4.20446191 6.71227058 1.08333367 1.20678339 4.35219046
 0.40195405 1.52131492 2.05457732 1.7142477  3.64888296 5.35094889] 5.867011608484596e-06 True
basinhopping step 21: f 5.29653e-06 trial_f 5.29653e-06 accepted 1  lowest_f 8.0543e-07
[3.47910207 2.74179306 4.56800089 5.87108754 2.89595931 0.71209369
 0.88518227 3.64955473 4.51280132 5.13543248 4.99297495 3.37404118
 5.02604941 3.4931437  3.71955906 3.70323239 4.24126713 2.04739004
 4.50496007 4.61141054 6.34239768 1.12113674 1.4076415  3.83902273
 0.5278177  1.49257717 1.90754095 1.86767847 3.54038282 4.90713075] 5.2965272551311625e-06 True
basinhopping step 22: f 3.9137e-06 trial_f 3.9137e-06 accepted 1  lowest_f 8.0543e-07
[3.14351024 2.74361032 4.68914533 5.98933397 3.08513915 0.78322838
 1.21082534 3.53530301 4.41921152 4.39545651 4.82115772 3.57696967
 5.28181298 3.41413372 3.46736801 3.90989156 4.29853169 1.66111797
 4.38712403 4.74470414 5.87238369 1.45341389 1.24579534 3.62133165
 0.96591855 1.27075474 1.45516398 2.31245611 3.26978354 4.99762004] 3.913701060625578e-06 True
basinhopping step 23: f 6.17023e-06 trial_f 6.17023e-06 accepted 1  lowest_f 8.0543e-07
[2.98616565 2.7854346  4.468019   5.44318074 3.19495129 0.42172242
 0.97808105 3.39616255 4.38879732 4.55115768 4.39361382 3.34603465
 5.29770602 3.65556598 3.39632334 3.79170911 4.20250652 2.06172296
 4.15475398 4.62360565 5.67373617 1.36203946 0.91720087 3.90979725
 1.24487225 0.7846351  1.64002123 2.4300626  3.0597159  4.67431162] 6.1702320623790145e-06 True
basinhopping step 24: f 2.91728e-06 trial_f 2.91728e-06 accepted 1  lowest_f 8.0543e-07
[3.72713223 3.05873628 3.78901744 6.34310438 4.10480505 0.93780632
 1.0921602  3.80945202 3.92749064 4.24836908 4.17513259 2.62105112
 4.86066833 3.56687154 3.29661112 3.79817127 4.51670738 2.07159653
 5.29740764 4.76985841 5.37235908 1.50785113 1.90778886 4.54761461
 0.50376206 0.24266804 0.36815687 2.27122123 3.65279109 2.7201517 ] 2.917278501124804e-06 True
basinhopping step 25: f 2.75297e-06 trial_f 2.75297e-06 accepted 1  lowest_f 8.0543e-07
[4.17949573 3.40221762 3.40538495 5.76552856 3.67688181 0.74152444
 0.52159119 4.28375432 4.17915776 3.87396688 3.78807491 3.04507727
 5.36929437 3.25576074 3.7406416  3.78680047 4.48140491 1.73646864
 5.38348819 4.80226124 4.93322867 1.26443664 1.54761298 5.10824987
 0.75164458 0.31121488 0.06868088 1.8872819  3.57520582 2.54245229] 2.7529665985133345e-06 True
basinhopping step 26: f 6.66053e-06 trial_f 6.66053e-06 accepted 1  lowest_f 8.0543e-07
[3.92471902 2.68542537 3.21157455 5.71635463 3.70065257 1.07103589
 0.57169471 4.69479009 4.56863939 3.63754146 3.54530809 2.56134099
 5.16547814 3.30391348 3.96446066 4.18841473 4.39679648 1.4023145
 5.55079715 4.63040609 5.1560838  0.83285927 1.67164238 4.8393734
 1.00235011 0.12509097 0.35757065 1.4205607  3.75225738 2.08072901] 6.66052694661979e-06 True
basinhopping step 27: f 5.10479e-06 trial_f 5.10479e-06 accepted 1  lowest_f 8.0543e-07
[3.82573857 2.12520603 3.6201975  5.35783799 3.63368485 1.69310081
 1.0694127  5.09646485 4.98904979 3.93474085 3.58874995 2.09329445
 5.32741862 2.49173234 4.99037008 4.77283402 4.27615197 1.98281144
 5.63488686 5.18535733 5.77310696 1.07801116 1.4875546  4.02260366
 0.79949063 0.33875955 0.88400938 0.67667609 4.04399441 2.04512272] 5.104789041369155e-06 True
basinhopping step 28: f 4.32244e-06 trial_f 4.32244e-06 accepted 1  lowest_f 8.0543e-07
[3.44336688 2.13568773 3.06981093 4.97431721 3.25042595 1.97836317
 1.68166047 4.80991277 5.04936819 4.84826533 3.27397924 1.4941307
 5.49809885 2.48570725 5.28450552 4.66919183 4.11726838 2.26351647
 5.4937504  5.29287423 5.63439018 1.48909056 2.09012457 3.7983755
 0.45517517 0.75404364 0.74550369 1.03419702 4.02639892 1.53637248] 4.322441528290042e-06 True
basinhopping step 29: f 4.92826e-06 trial_f 4.92826e-06 accepted 1  lowest_f 8.0543e-07
[3.53833936 2.57201271 3.35056984 4.75845952 3.3001525  1.70771041
 1.68446761 4.01754721 4.70211371 5.1587729  2.87264753 1.51315522
 5.0068646  2.56321669 5.56274173 4.48006104 4.68329767 2.68063247
 5.33351178 5.14707819 4.9281358  1.87162707 1.72160182 3.54117198
 0.38558111 0.94808727 0.26626708 1.32470174 4.30981183 1.13544897] 4.928258812415171e-06 True
basinhopping step 30: f 2.81727e-06 trial_f 2.81727e-06 accepted 1  lowest_f 8.0543e-07
[3.12847978 2.88799839 3.10289588 4.45047008 3.69966293 1.58728533
 2.04519931 4.6851724  4.18454524 5.55552806 2.78319247 1.65111981
 4.59425039 2.85939614 5.34894604 4.93710908 4.83925469 2.84420855
 5.77928538 4.99438184 4.20404748 0.96605753 1.01872796 3.92176996
 0.56942233 1.33199307 1.20241494 1.62019665 4.66025659 0.93492039] 2.817270839265355e-06 True
basinhopping step 31: f 2.40554e-06 trial_f 2.40554e-06 accepted 1  lowest_f 8.0543e-07
[3.34185609 3.15174755 3.29501905 4.12862981 3.83170741 1.66261746
 2.77918089 4.39172464 3.53868649 5.36787068 3.40059976 1.36491958
 4.06642384 3.24664837 6.10563157 4.09124376 4.77239747 3.38398857
 6.32251856 4.82433107 3.32167319 1.0398214  0.60045439 3.07152088
 0.80508676 1.10994923 1.78824313 2.22340937 4.70300693 1.43923031] 2.4055384253778504e-06 True
basinhopping step 32: f 7.44289e-06 trial_f 7.44289e-06 accepted 1  lowest_f 8.0543e-07
[3.31321246 3.25677461 3.30084488 4.48125962 3.66089212 1.44186541
 3.17515063 4.57484275 3.41337793 4.97067429 3.07820366 1.48439234
 3.70333694 2.88635701 5.98827679 4.14288072 4.74683096 3.73438114
 6.1449969  4.40118378 3.17141519 1.27884221 0.40411107 3.3240394
 0.87938761 1.20735163 2.0421101  2.14185669 4.21062251 1.61941841] 7.442892409256821e-06 True
basinhopping step 33: f 5.88099e-06 trial_f 5.88099e-06 accepted 1  lowest_f 8.0543e-07
[2.85559365 3.73587817 3.27588504 4.76271596 3.20254405 1.9373009
 3.38426669 4.01324565 3.37838736 5.68255746 3.36786512 1.60173075
 3.1948151  3.36131829 6.21199559 4.19445336 4.24963675 3.93858572
 6.27243136 4.6823736  2.86729254 1.33355828 0.2472053  3.48514225
 0.56834088 1.05594876 1.99750166 2.22984604 4.20068752 1.71505106] 5.880985549271312e-06 True
basinhopping step 34: f 3.43591e-06 trial_f 3.43591e-06 accepted 1  lowest_f 8.0543e-07
[ 3.83639063  3.4353038   3.05311371  5.54553856  2.78074232  1.99481998
  2.8381157   3.5521141   3.2031382   5.97009335  2.98546333  1.97639147
  3.52227225  3.3557642   6.36491025  4.19010902  4.43618803  4.43834333
  5.52586483  4.4446462   2.11813497  1.11794537  0.95236296  3.61785032
 -0.11045505  0.69635026  2.94098264  3.22472247  4.45771563  0.79689005] 3.4359061615038734e-06 True
basinhopping step 35: f 3.45984e-06 trial_f 3.45984e-06 accepted 1  lowest_f 8.0543e-07
[4.36846921 3.40026941 3.3077589  5.42741748 2.64929512 2.38054226
 3.26901807 3.03629573 3.65086301 5.67480573 2.58825083 2.26826975
 3.38065775 2.98356695 6.38252944 3.94916802 4.33591388 4.5306043
 5.71645364 4.13896102 1.74826667 1.35127991 0.51381786 4.24447496
 0.02865553 0.27916211 2.98866226 3.14220835 4.33118305 0.58274715] 3.4598396147698134e-06 True
basinhopping step 36: f 5.49013e-06 trial_f 5.49013e-06 accepted 1  lowest_f 8.0543e-07
[4.66713793 3.42307831 3.0598009  5.01976241 2.58531018 2.35494361
 3.63936589 3.08017975 3.64612475 5.70055485 2.78170706 2.26156987
 3.11137345 3.39759951 5.95393353 3.62463249 4.72820872 4.08215458
 5.58184556 4.28183119 1.51881043 0.96456235 0.41244188 4.31337416
 0.24846328 0.67841485 2.8431857  3.706787   4.12124245 0.17527137] 5.490132432276044e-06 True
basinhopping step 37: f 1.38934e-05 trial_f 1.38934e-05 accepted 1  lowest_f 8.0543e-07
[4.54083173 3.84114469 3.42550214 4.95026454 2.30497163 2.73903029
 3.75828351 3.41956068 3.26914612 5.50254774 2.51652317 2.41644557
 2.90528256 3.56035958 5.63531956 3.20586375 4.25547065 4.49102296
 5.63071548 3.91708412 1.68209228 0.55311393 0.53629893 4.46199822
 0.23387405 0.50925788 2.93687067 4.16192299 4.01771589 0.77578322] 1.389338817278245e-05 True
basinhopping step 38: f 1.05394e-05 trial_f 1.05394e-05 accepted 1  lowest_f 8.0543e-07
[4.41793191 4.10884727 3.32279444 4.62428958 1.77506079 2.40724489
 4.31637421 3.09341977 3.76616799 4.99252826 1.8082142  2.48010402
 2.50330958 3.39308627 5.73525012 2.5448674  4.34236398 4.45387843
 5.2568668  4.2708288  1.48916701 0.75831311 0.77453077 4.77781748
 0.40062672 0.83341527 3.37242518 3.79802685 4.59694709 0.76468046] 1.0539358560985985e-05 True
basinhopping step 39: f 1.5007e-06 trial_f 1.5007e-06 accepted 1  lowest_f 8.0543e-07
[4.5902782  4.70491079 3.32589739 4.68204819 1.07781742 2.48949311
 4.08569118 3.43459903 4.33426376 4.67332079 1.57921503 2.13332699
 2.42072326 3.60781798 5.93515273 2.55638819 4.51721066 4.37638657
 5.53354287 4.69882351 1.4766395  0.65357185 1.15590786 4.62976501
 0.9519452  0.10904345 3.69805036 3.38740829 4.23722645 0.00985922] 1.5007031482077754e-06 True
basinhopping step 40: f 5.19273e-06 trial_f 5.19273e-06 accepted 1  lowest_f 8.0543e-07
[4.2829261  4.96368819 3.75436834 4.97914068 1.1866024  2.56451794
 3.92001261 3.046215   3.86891606 4.67668236 1.17614467 2.1947463
 2.14933266 3.74725151 6.09074107 2.2219035  4.78400872 4.57938744
 5.85182944 5.0553739  1.15567476 0.86036245 1.3728005  4.65103883
 1.16983775 0.21806769 3.53588426 3.17865425 4.41773703 0.32588289] 5.192732577530765e-06 True
basinhopping step 41: f 1.79228e-06 trial_f 1.79228e-06 accepted 1  lowest_f 8.0543e-07
[4.12158689 5.05641589 3.94145253 4.8892336  0.98810339 3.22369614
 4.09767601 2.66165072 4.1282949  4.70012926 1.67033112 2.31653548
 2.51167764 3.89850024 5.71300658 1.9254311  4.51408367 4.47507601
 6.01410611 4.99530321 0.8133458  0.8035971  1.39985335 4.87312659
 1.18934847 0.34801504 3.74523373 3.26214003 3.97270322 0.08629158] 1.7922765481959054e-06 True
basinhopping step 42: f 3.61518e-06 trial_f 3.61518e-06 accepted 1  lowest_f 8.0543e-07
[4.12897962 5.41371868 3.6838555  4.52452517 0.93518512 3.1436906
 4.48790905 3.05218524 3.75776125 5.11965421 1.46024551 2.04975192
 2.3907872  3.83495642 5.36001295 1.64101859 4.58906881 4.40773349
 5.75955406 4.96983688 0.53082646 1.22453425 1.15401081 4.99333137
 1.24194914 0.53988947 3.33736028 3.52444459 4.05009403 0.06015538] 3.6151756409568307e-06 True
basinhopping step 43: f 2.37146e-06 trial_f 2.37146e-06 accepted 1  lowest_f 8.0543e-07
[4.44146054 5.1874283  3.23304154 4.20286266 0.61201582 3.27830452
 4.86163519 2.99181125 4.13476259 4.825916   1.68954486 2.20468676
 2.41681768 4.37252557 5.1892771  1.07085836 4.77496837 4.89043077
 5.96455829 4.93243839 0.4977947  1.62332536 1.01869296 4.9076608
 1.38157527 0.4832077  3.345479   3.73486793 4.13121451 0.26349219] 2.3714632463821876e-06 True
basinhopping step 44: f 3.83484e-06 trial_f 3.83484e-06 accepted 1  lowest_f 8.0543e-07
[4.1590988  4.98509027 2.88456858 4.31075906 1.03655797 3.45821559
 4.91612398 2.85900959 3.86034334 4.67266424 1.92918704 2.48776125
 2.23972433 4.39298269 5.07620108 1.18202853 5.04713941 4.81076564
 6.15739177 4.62187205 0.21725785 1.40518559 1.07675315 5.33711698
 1.57515712 0.84752888 3.47790267 3.34861394 3.99427308 0.56232253] 3.834841074836455e-06 True
basinhopping step 45: f 8.55614e-06 trial_f 8.55614e-06 accepted 1  lowest_f 8.0543e-07
[3.79096277 5.26897536 2.64273886 4.80936356 0.86335763 3.00350788
 4.52140556 3.40769121 3.75969032 4.37419663 1.93008412 2.55050883
 2.13484823 4.31465726 5.24490218 1.28529605 4.93591645 4.70658921
 6.42867489 4.49883061 0.20972951 1.36358816 1.25493002 4.76925657
 1.7570356  1.06687059 3.63486071 3.15776803 3.95763002 0.06639362] 8.556138669673675e-06 True
basinhopping step 46: f 4.44815e-06 trial_f 4.44815e-06 accepted 1  lowest_f 8.0543e-07
[3.5955154  4.94081915 2.19184071 4.70215628 1.30186606 3.47932704
 4.41300267 3.70935438 4.42820812 5.3752611  1.79661736 2.2098532
 2.29465036 3.51834595 5.41564239 1.36858035 4.72661533 4.38929877
 6.17353051 4.59637481 0.79436713 1.06838205 0.97706391 5.11823025
 2.53924418 1.15128751 4.06612559 3.29149621 3.23811201 0.5143992 ] 4.448148672384585e-06 True
basinhopping step 47: f 7.08509e-06 trial_f 7.08509e-06 accepted 1  lowest_f 8.0543e-07
[3.27146049 5.53146453 1.69556895 4.18324872 1.49094745 3.07120601
 4.61285353 4.03285781 4.31794689 5.49131577 2.06620743 2.59172386
 2.01708462 3.75578033 5.49510775 1.32067745 5.0044671  4.73119003
 5.84961747 4.83667669 0.97222041 1.19340348 1.18114966 4.73379235
 3.11883587 1.26471068 4.4087508  3.07687569 3.12828282 0.72346642] 7.085088020308796e-06 True
basinhopping step 48: f 5.31523e-06 trial_f 5.31523e-06 accepted 1  lowest_f 8.0543e-07
[2.91803381 5.15561017 1.36438966 4.3474519  1.4163562  2.80801639
 4.21377521 3.85902831 3.90666324 5.05126632 2.11412648 2.962307
 2.11305845 3.50346833 5.51527813 1.18656075 4.96536852 5.01191112
 5.5938015  4.82963871 1.38349397 1.60529276 1.21719099 4.21275858
 2.92014187 0.9564918  4.09371694 2.79593782 3.45368267 1.15725021] 5.315231750381624e-06 True
basinhopping step 49: f 2.87527e-06 trial_f 2.87527e-06 accepted 1  lowest_f 8.0543e-07
[2.41742756 4.9683467  1.88496837 4.51035444 1.263975   2.69937462
 3.74336853 4.24273231 3.88687655 5.06637068 1.67701296 3.28904251
 2.09943305 3.46961638 5.49510713 1.52083629 4.7426661  4.62539466
 6.02631914 4.57908303 1.12037736 1.41179591 1.68151677 4.30379771
 3.15056607 1.06796421 4.03337514 2.90281772 2.92094715 0.61606485] 2.8752720700321567e-06 True
adaptive stepsize: acceptance rate 0.980000 target 0.500000 new stepsize 0.555556 old stepsize 0.5
basinhopping step 50: f 4.92703e-06 trial_f 4.92703e-06 accepted 1  lowest_f 8.0543e-07
[2.45385864 4.94447487 1.48187293 5.02606648 1.25050118 2.90037075
 4.08215468 4.46009989 3.37795496 4.62989272 2.1447264  3.43821864
 1.63834607 3.40196735 5.08527366 1.99941928 4.93275807 4.62263112
 6.20549184 4.09052113 1.35777073 1.52243193 2.0488037  3.96048159
 3.61319483 1.47003806 3.88766176 3.07410927 2.8295893  0.74759902] 4.927027746452034e-06 True
basinhopping step 51: f 2.46432e-06 trial_f 2.46432e-06 accepted 1  lowest_f 8.0543e-07
[2.4045084  5.18866951 1.63093073 5.18096859 1.17814391 3.26563254
 4.33171693 4.35156255 3.30425855 4.89282722 1.77220587 2.99414021
 1.63220052 4.08856744 5.39580347 2.05310964 4.96558423 4.25501928
 5.99427814 4.07421764 1.58269167 1.24786481 2.29474212 4.2923104
 4.15465183 1.55538353 3.82041777 3.10605048 3.04821292 0.6260138 ] 2.464321165315679e-06 True
basinhopping step 52: f 3.82062e-06 trial_f 3.82062e-06 accepted 1  lowest_f 8.0543e-07
[2.35721918 5.5034     1.68277281 5.11023444 1.3279858  3.23074604
 4.08958965 4.97922849 3.59378793 5.01671436 1.58455511 2.80854162
 1.70167372 4.01334493 5.2463644  2.96663942 5.09432159 4.23341247
 5.54399728 4.44597635 2.10450818 0.97774591 2.32623236 4.25460533
 4.35643051 1.49198998 4.04256982 3.14876039 3.05170719 0.85504006] 3.820619913956103e-06 True
basinhopping step 53: f 5.28e-06 trial_f 5.28e-06 accepted 1  lowest_f 8.0543e-07
[2.33323065 5.03589767 1.26099267 5.41608373 1.30222357 2.50448176
 3.30893852 5.11211474 3.10081377 5.31572738 1.79818084 2.82946774
 1.54138416 4.48270066 4.7518795  2.29798777 5.1808376  4.11961726
 6.31852364 4.29621911 2.23948427 1.23102387 2.1342269  4.066889
 4.40245315 1.904499   3.81809349 3.54261073 2.6214678  0.59256511] 5.280002135934258e-06 True
basinhopping step 54: f 4.76744e-06 trial_f 4.76744e-06 accepted 1  lowest_f 8.0543e-07
[2.31055678 5.19959977 1.534575   5.9576014  1.82546051 2.93736714
 2.99266404 5.54523528 3.01335269 6.00305722 2.41810629 2.35606487
 1.40521493 3.58298724 4.5109142  1.57296731 5.32040907 4.66636152
 5.68838084 4.36975619 2.27382203 1.32590324 2.11309036 3.51501901
 4.54836156 1.84792472 3.58400053 4.24120126 2.45232114 0.34906292] 4.767435345936195e-06 True
basinhopping step 55: f 6.88034e-07 trial_f 6.88034e-07 accepted 1  lowest_f 6.88034e-07
found new global minimum on step 55 with function value 6.88034e-07
[ 2.77164963  5.15459954  1.7716072   5.46877726  2.02547904  2.60484546
  3.1718642   6.23910655  3.79247257  6.13877754  3.33083042  2.21955938
  0.53907463  3.90548649  3.07489618  2.22563038  6.41618674  4.96944594
  6.25342123  3.84949461  2.87709806  1.13888788  1.06688884  3.74241557
  3.31713079  1.91312699  3.21552198  3.28165964  2.39611964 -0.72419115] 6.880338245035075e-07 True
basinhopping step 56: f 5.65511e-06 trial_f 5.65511e-06 accepted 1  lowest_f 6.88034e-07
[ 2.45721595  4.82970912  1.43867776  5.60831868  1.5438502   2.77169918
  3.14115668  6.27787834  3.79384315  5.92273133  3.03245886  2.0887534
  0.22757178  3.4777186   2.71157578  1.96911996  6.11224232  4.769872
  5.80636703  4.11437338  2.84324894  0.77151383  0.55273962  3.671774
  3.62214     1.36490278  3.23434176  3.54037494  2.22090952 -0.01568473] 5.655111208722825e-06 True
basinhopping step 57: f 5.09911e-06 trial_f 5.09911e-06 accepted 1  lowest_f 6.88034e-07
[ 1.72985679  5.46793852  1.34194504  5.95855936  1.64894102  2.45008873
  3.87061319  6.06351138  4.08613427  5.93319526  2.64318247  2.26438717
  0.28035854  3.4174042   2.27022     2.53986241  5.65992384  4.59925257
  5.65024577  3.56086296  3.36233093  1.0001111   0.47235898  3.30530588
  4.00636699  1.11180583  3.08816077  2.91564809  2.80869934 -0.07131005] 5.0991149183899944e-06 True
basinhopping step 58: f 2.76137e-05 trial_f 2.76137e-05 accepted 1  lowest_f 6.88034e-07
[ 1.24748886  5.91159242  1.83869685  6.13260795  1.67180905  1.99255144
  3.722653    5.61746676  4.02960432  5.47407177  2.87436996  2.08647643
  0.27657682  3.22008348  2.33292597  2.77511016  6.02454032  4.08933817
  5.38474304  3.97931751  2.86904657  1.4227607   0.24527945  3.60583406
  3.65962047  0.83147642  2.6096639   3.13361031  2.26459344 -0.05548868] 2.7613748512414243e-05 True
basinhopping step 59: f 5.42513e-06 trial_f 5.42513e-06 accepted 1  lowest_f 6.88034e-07
[1.17487149 5.74717327 2.367706   5.93516902 2.02888341 1.78664197
 4.15421125 5.63453497 4.7344542  5.68209362 3.21053893 2.36212466
 0.5908175  3.25117211 2.21538272 2.81937034 6.09731224 4.07585723
 5.562386   4.4082338  3.02764837 1.40020996 0.63933074 3.17890777
 3.61692353 0.42173944 2.89054252 2.65261015 2.44276754 0.30417932] 5.425127359938981e-06 True
basinhopping step 60: f 1.14147e-05 trial_f 1.14147e-05 accepted 1  lowest_f 6.88034e-07
[1.33856838 5.28775045 2.73845742 5.83913311 1.49193251 2.16365167
 3.71580115 5.71508134 4.96353317 6.32507761 3.25638047 2.14142171
 0.25005019 3.15915966 1.74750034 2.75225274 6.18370908 4.11747471
 6.05552543 4.81073867 3.5162164  1.33908859 0.11105973 2.80793825
 3.84254935 0.73619286 3.35437041 2.71135663 2.20153151 0.01920875] 1.1414699396057937e-05 True
basinhopping step 61: f 5.55285e-06 trial_f 5.55285e-06 accepted 1  lowest_f 6.88034e-07
[ 1.6887022   5.01381399  2.81875741  5.60724393  1.2860548   2.11178181
  3.94463469  6.04695418  4.80883363  5.87890679  3.00837404  2.5271037
  0.64913444  3.09085985  2.17976291  2.91988727  5.73528385  3.9791826
  6.22314496  5.26133201  3.47259981  1.17847264  0.57913764  2.60715725
  4.16896058  0.3555575   3.47175701  2.87377054  2.3535882  -0.30243101] 5.552849658220926e-06 True
basinhopping step 62: f 3.9608e-06 trial_f 3.9608e-06 accepted 1  lowest_f 6.88034e-07
[1.273175   4.29219013 1.53922552 5.2051201  1.21527425 2.25004618
 4.92067648 5.26809    4.69845023 5.57497948 3.55643665 2.68403578
 0.44834741 3.08992944 2.4852519  2.79552647 5.28086024 4.59964134
 5.54097189 4.9800021  4.17701018 0.81153971 1.33875683 1.92108646
 4.36361018 0.98507859 4.58046146 3.04370151 1.06773218 0.55051132] 3.960799755472908e-06 True
basinhopping step 63: f 7.4335e-06 trial_f 7.4335e-06 accepted 1  lowest_f 6.88034e-07
[1.61932793 3.86641912 1.17093715 5.02835224 1.4102359  1.90284419
 4.75802942 5.6027247  4.27899748 5.52499883 3.96918977 3.03800283
 0.68212902 2.85019691 2.24559294 3.00280162 5.16704103 4.30384917
 5.7044908  5.06622735 3.81103246 0.82421311 1.59854507 1.59753933
 4.05447545 1.20378487 4.20662689 3.33571196 0.96041985 0.04772231] 7.433499196045097e-06 True
basinhopping step 64: f 1.02378e-05 trial_f 1.02378e-05 accepted 1  lowest_f 6.88034e-07
[1.67625479 4.36677335 1.05359425 4.90740939 1.51102    2.10434699
 4.85642179 5.33460134 4.14823618 5.04851996 3.8185449  3.02382269
 0.53347722 2.94089461 2.39305679 3.28170628 4.98499524 4.51808809
 6.05187708 4.67864969 3.52134718 1.14307436 2.10736105 1.11614094
 3.93485999 1.62958578 3.59463372 3.07393881 1.05990218 0.58330219] 1.02377954094604e-05 True
basinhopping step 65: f 3.50138e-06 trial_f 3.50138e-06 accepted 1  lowest_f 6.88034e-07
[ 2.37521267  5.46189183  1.50854538  5.74564286  2.21462933  1.64964939
  3.87150683  5.53985691  5.38719256  5.08665191  4.16402331  2.78256693
  0.72373413  3.12490779  2.10990011  3.29026225  5.14947982  4.44730931
  5.23937452  4.78005909  2.51518587  1.63131725  1.44670763  1.40093957
  4.00113409  1.12510956  3.51244547  2.47635686  0.94645091 -0.37711558] 3.501375492456634e-06 True
basinhopping step 66: f 8.56319e-06 trial_f 8.56319e-06 accepted 1  lowest_f 6.88034e-07
[ 1.87204951  5.8440994   1.55800655  6.00866255  1.85767704  1.74035451
  3.8326364   5.64149458  5.20931254  5.15185094  4.12817381  2.55983651
  0.97442692  3.10621911  1.88633337  2.82806847  4.92348568  4.29887129
  5.21281438  4.71346624  2.90113201  1.7407626   1.32463827  0.95456751
  4.3843647   1.43380261  3.42183359  2.32102133  0.65782474 -0.07822481] 8.563185869235541e-06 True
basinhopping step 67: f 1.65032e-05 trial_f 1.65032e-05 accepted 1  lowest_f 6.88034e-07
[1.57042826 5.80231574 1.88167932 6.07946359 1.59867637 2.46729884
 3.35601944 5.9284827  4.88379411 5.43240326 3.95390012 2.29271232
 0.50142449 3.27003028 1.52624172 2.3705562  5.10051943 4.28157768
 5.31779388 4.03597311 3.42980118 1.07300972 1.34205808 1.3507276
 4.64068662 1.43631053 2.51625109 1.91761603 0.97603097 0.9882962 ] 1.650323240187066e-05 True
basinhopping step 68: f 1.23786e-06 trial_f 1.23786e-06 accepted 1  lowest_f 6.88034e-07
[ 0.97537657  5.13181161  1.28161156  5.94302761  1.1807189   3.37778564
  3.8987301   6.33760444  4.24881738  5.4559416   4.16197111  1.57582191
  0.37121034  4.12277798  1.90127185  1.81677017  4.80134233  4.34089464
  4.7499293   4.04213132  3.24128089  0.78644587  1.17149332  1.28386351
  5.13700811  2.79775679  2.03815938  2.05503049  2.11365675 -0.30242611] 1.2378637984573487e-06 True
basinhopping step 69: f 3.63872e-06 trial_f 3.63872e-06 accepted 1  lowest_f 6.88034e-07
[ 0.89070243  4.63609313  1.58500294  5.89446269  1.66181411  3.23080763
  3.26986101  5.58267129  3.89446829  5.04694656  3.70946268  1.99777787
 -0.40260691  4.80273687  2.0617188   1.76091494  4.90986591  4.51631763
  4.72011974  4.52410894  3.78297601  0.13403099  1.60638717  1.78625856
  5.50383451  2.68851887  2.70134641  2.60911824  2.41974447 -0.2911712 ] 3.638724986805981e-06 True
basinhopping step 70: f 1.76413e-06 trial_f 1.76413e-06 accepted 1  lowest_f 6.88034e-07
[ 0.49814775  4.27473828  1.55946394  5.26903003  1.06409525  3.84442704
  3.7315044   5.41386488  3.73222465  4.52212277  3.95746667  1.77816526
 -0.23275312  4.80274934  1.8889128   1.19056216  4.49177068  5.00484379
  4.14910549  3.59983834  3.3895664   0.3520015   1.82661515  2.1444579
  6.15193393  3.59890895  3.87221019  3.40612531  2.96723831  0.49180683] 1.764134494604915e-06 True
basinhopping step 71: f 5.48053e-06 trial_f 5.48053e-06 accepted 1  lowest_f 6.88034e-07
[0.49360738 4.2623806  1.27434964 4.98742179 0.70993652 3.44685262
 4.25120885 5.78400854 3.17862277 4.68893555 4.36437747 1.84551221
 0.43461741 4.61400205 2.33635044 0.76491817 4.76112142 4.99463825
 4.11795168 3.77103133 3.76009572 0.14947831 1.81013455 2.27483401
 6.10622606 3.71920374 3.46929545 3.80070221 2.86544047 0.20078315] 5.480527433499129e-06 True
basinhopping step 72: f 5.64065e-06 trial_f 5.64065e-06 accepted 1  lowest_f 6.88034e-07
[1.34255033 4.43154533 1.0942092  4.81713163 0.31287592 3.32053134
 4.08919788 5.36318766 3.42020751 4.0606176  4.1138695  1.9386828
 0.19383092 4.81568278 1.8946095  0.75562393 4.69079658 4.6316186
 3.60201147 3.58794391 3.69454055 0.15880367 1.91361091 2.74038598
 5.62982424 3.28550009 3.66029189 4.10668594 2.41879963 0.44058986] 5.640650473855663e-06 True
basinhopping step 73: f 3.72745e-06 trial_f 3.72745e-06 accepted 1  lowest_f 6.88034e-07
[0.64882102 4.50105914 1.22820858 4.98681711 0.57062758 3.34839465
 3.99532264 5.20583929 3.16114175 4.33825322 4.01855839 2.11984165
 0.55085855 4.87119011 2.0031492  1.11073019 4.75348472 4.19781906
 3.43316984 3.42741996 3.55616302 0.29186111 2.41988683 3.15216023
 5.17128326 3.56561917 3.79607893 4.52019938 2.50366916 0.34334131] 3.727454707775391e-06 True
basinhopping step 74: f 5.82612e-06 trial_f 5.82612e-06 accepted 1  lowest_f 6.88034e-07
[0.88067727 4.93017028 1.37270253 4.73869435 0.88726697 3.66497752
 3.74771368 5.8985432  3.39952689 4.44565736 4.49046419 2.03994115
 0.93563751 5.183791   1.11946248 1.36323382 4.68047033 4.19114224
 3.16191654 2.99593302 3.72648642 0.38449719 2.11312961 3.06831989
 4.80744994 3.19001661 3.66104446 4.67552655 2.8401857  0.30434247] 5.826121108369984e-06 True
basinhopping step 75: f 3.40007e-06 trial_f 3.40007e-06 accepted 1  lowest_f 6.88034e-07
[0.69546427 4.28796114 1.0531957  4.93291514 1.08102652 3.06512104
 3.86156386 5.50994858 3.68599951 4.09923704 4.3338226  2.13482672
 0.52225338 5.35259275 1.63463115 1.34791647 4.75071689 3.77490657
 3.50123978 3.08750141 4.01669494 0.48575423 2.59393122 3.46548732
 5.10643248 2.92054239 3.70931234 4.69979628 2.92946993 0.33473854] 3.4000670628264374e-06 True
basinhopping step 76: f 2.3754e-06 trial_f 2.3754e-06 accepted 1  lowest_f 6.88034e-07
[-0.49860617  3.64809879  1.10014462  5.03595039  1.41715068  2.83533748
  3.36713732  6.21598193  3.32688448  3.43474115  4.38250107  2.88047041
  0.35794172  5.91276497  2.29497697  2.89529174  4.62063567  2.71615255
  3.15513351  3.39204193  3.47602052  0.53359839  1.63351966  4.27612124
  4.31929907  3.25203339  4.38201603  3.75898079  2.29822903  0.84292301] 2.3754030272160563e-06 True
basinhopping step 77: f 2.14121e-05 trial_f 2.14121e-05 accepted 1  lowest_f 6.88034e-07
[-0.1319601   3.26926384  1.07642689  5.9485612   1.60366954  3.02734518
  4.29481117  6.34356014  3.33810453  2.38327126  4.3257716   2.50868511
  0.80167355  5.61590393  2.56332928  3.1041234   4.72442542  3.08905464
  2.80484309  3.65416099  3.23390694  0.4706848   1.62200279  4.34197173
  4.42744372  3.03012794  4.0017864   3.54058873  2.42157825  0.9739626 ] 2.1412116473745468e-05 True
basinhopping step 78: f 1.15349e-05 trial_f 1.15349e-05 accepted 1  lowest_f 6.88034e-07
[-0.40390908  3.10355765  1.01345416  5.98283404  1.34931652  2.570593
  4.26330148  6.26890306  2.95038568  1.98722346  4.02340543  2.81233011
  1.01118125  5.30130235  2.34687372  3.39754924  5.13930116  3.45197139
  2.96132018  3.67642769  3.97073864  0.82299072  1.60901451  4.00428973
  3.70422673  3.25368764  3.46932508  3.99137045  2.18331818  0.57570752] 1.1534908739408667e-05 True
basinhopping step 79: f 6.14061e-06 trial_f 6.14061e-06 accepted 1  lowest_f 6.88034e-07
[-0.09890709  3.31386434  0.56833594  5.47046274  1.78289019  2.68991101
  4.76272842  6.05694447  3.33270832  2.33872652  4.32278809  3.13219864
  1.75536704  5.71580771  2.58626464  3.45016507  4.72195394  3.73388558
  3.29393475  3.30378225  4.27042047  0.50583714  1.51867863  3.78871062
  3.96033392  3.82468034  3.07275119  3.46725042  2.75321861  1.08728817] 6.140611021320044e-06 True
basinhopping step 80: f 4.37612e-06 trial_f 4.37612e-06 accepted 1  lowest_f 6.88034e-07
[-0.10411606  3.52996498  1.07055939  5.22189655  1.32603672  3.20516012
  4.44620392  5.95764719  3.09335162  2.15694062  4.81140634  2.88017738
  2.44813251  5.66233788  3.15347267  3.40236047  4.18555961  3.60260974
  3.30294431  3.63125723  4.17701184  0.68804999  1.71663555  4.09292632
  4.65477376  3.3933084   3.21662343  3.17230067  2.87554554  0.95364062] 4.376117034599461e-06 True
basinhopping step 81: f 3.777e-06 trial_f 3.777e-06 accepted 1  lowest_f 6.88034e-07
[0.16834622 3.76577151 0.81738657 5.64140581 1.26968739 3.16884172
 4.92060517 5.46250185 2.91844167 2.05043432 4.8540697  2.91480281
 2.3732774  6.16573932 2.89425304 3.34383854 4.1167434  3.78798194
 3.08085465 3.81514813 3.98314249 0.27617043 1.11917575 4.43905156
 4.9364056  3.56889161 3.45651717 3.16493549 2.55790884 0.36485362] 3.777001681988851e-06 True
basinhopping step 82: f 1.85526e-06 trial_f 1.85526e-06 accepted 1  lowest_f 6.88034e-07
[0.47361021 4.16908665 0.85348135 5.62979277 1.13802874 2.74552435
 5.63445782 4.33993475 3.81759899 1.0184262  4.87369106 1.95068035
 2.4906548  5.29592928 3.73968898 4.10051435 4.46440017 4.11589198
 3.78247672 4.73108512 5.12204607 1.00340189 1.06285241 3.6987517
 3.36217569 2.59727781 3.12692698 3.51306151 3.16471099 0.787215  ] 1.8552598250458136e-06 True
basinhopping step 83: f 3.25782e-06 trial_f 3.25782e-06 accepted 1  lowest_f 6.88034e-07
[0.37777256 4.82028338 0.46980579 5.66905115 1.07629572 2.45333363
 5.10266581 5.0094946  3.98294312 1.2507027  5.07075093 1.52747506
 2.20778703 5.23142591 4.00142157 4.66649938 4.28014028 3.4495061
 4.0886604  4.51438084 5.07225015 1.32232256 0.94170065 3.98272336
 4.07386493 2.75876448 2.59794851 3.53922858 2.56827671 0.6114736 ] 3.257823228688067e-06 True
basinhopping step 84: f 4.55199e-06 trial_f 4.55199e-06 accepted 1  lowest_f 6.88034e-07
[0.3823188  4.69474271 0.80382347 5.27061998 1.27995986 2.87691289
 4.59776291 5.54887744 4.37481554 1.69375655 5.01081053 0.95136537
 2.78527487 5.19390084 3.96383811 4.51148424 4.60105187 3.57511471
 3.68247465 4.35737635 4.86787842 1.20511863 0.65308631 4.8002946
 4.09399489 3.13712604 2.79561701 3.32195203 2.56176723 0.70299053] 4.551992560162052e-06 True
basinhopping step 85: f 2.1505e-06 trial_f 2.1505e-06 accepted 1  lowest_f 6.88034e-07
[0.13563872 4.40896115 0.56410075 4.76437224 1.26435724 2.5738171
 4.23765664 4.91575004 4.57087629 1.87779095 5.12921896 0.55975775
 2.5343798  5.31840882 3.74420763 4.76933376 4.63099528 3.7967138
 3.91984118 3.88075284 5.26994473 1.38482366 0.40692317 4.7216529
 4.25421959 3.75631756 3.04118203 3.24289237 2.99670861 0.99035663] 2.150496518480532e-06 True
basinhopping step 86: f 7.2372e-06 trial_f 7.2372e-06 accepted 1  lowest_f 6.88034e-07
[0.34119865 4.02731983 0.89832677 4.27251657 0.84277025 3.28811431
 3.90904671 4.6697315  4.06274033 1.58054268 5.18852052 0.86620006
 2.01783871 5.30080501 3.01464404 5.35158624 5.30014778 2.66338793
 4.49708642 4.87270613 5.73650134 1.49110414 0.26589029 4.07982378
 3.52110844 4.0723733  2.6516965  4.23280224 3.56803364 1.28996948] 7.2371957870542025e-06 True
basinhopping step 87: f 7.45511e-06 trial_f 7.45511e-06 accepted 1  lowest_f 6.88034e-07
[0.9567107  4.11956571 2.15723114 5.18185837 1.52360703 3.89048402
 3.5248804  5.00937221 3.42543321 1.21140733 5.51993218 0.70268622
 2.23809823 4.93038794 2.91271232 4.67300936 4.74355334 1.97062143
 4.71132846 4.42597819 5.93763151 1.31643259 0.70916082 3.5577057
 3.44098232 3.88077663 2.36482485 3.77385662 3.58458347 1.53866225] 7.4551125041765145e-06 True
basinhopping step 88: f 2.92876e-06 trial_f 2.92876e-06 accepted 1  lowest_f 6.88034e-07
[ 1.03801959  4.13598978  1.64801466  5.17347366  1.9283121   3.33547332
  3.39811586  4.76935294  3.5800942   1.47431965  5.44858337 -0.17195518
  1.97622423  5.15440912  3.23350631  5.14399213  5.24869108  2.2590216
  6.09510483  5.21369132  5.77618888  1.69290117  1.74298268  3.40541069
  2.1038756   2.65533261  2.74671617  3.77570263  3.36959767  2.23120193] 2.928757123821567e-06 True
basinhopping step 89: f 3.10623e-06 trial_f 3.10623e-06 accepted 1  lowest_f 6.88034e-07
[ 0.32042954  3.79785328  1.21481037  5.2222906   1.58920167  3.23395371
  4.25918776  4.60685461  4.14530703  1.44753692  5.17105464 -0.11281599
  1.91728813  5.07463397  3.82702882  5.11100478  5.42794847  2.12988337
  5.92122077  5.02181937  5.66621068  1.36420114  1.34516351  3.94037096
  1.70717395  2.16046896  2.78937121  3.84227627  3.2947822   1.65906037] 3.1062328686874e-06 True
basinhopping step 90: f 1.10186e-06 trial_f 1.10186e-06 accepted 1  lowest_f 6.88034e-07
[-0.15827588  3.82336177  0.58128269  4.63646598  1.18692035  2.54534822
  4.40351837  4.8176383   4.08222885  1.86592419  5.11184096 -0.12302207
  2.04965646  5.04263735  4.10677613  5.07560547  5.23810187  2.04909239
  5.8631588   5.31699311  6.39685163  2.63752542  2.03779565  4.69647219
  1.74510129  2.55372843  2.93540853  3.58039138  2.10833746  1.14344272] 1.1018575859368375e-06 True
basinhopping step 91: f 4.59093e-06 trial_f 4.59093e-06 accepted 1  lowest_f 6.88034e-07
[0.46144356 3.12977505 0.48749465 4.52498864 1.22560499 2.22528382
 4.67781098 4.09992652 4.70386885 1.28647082 5.5340164  0.43601789
 1.83177488 4.94447142 4.33975948 5.21647292 5.55446489 1.72971846
 5.76955987 5.13703453 6.40550926 2.6246615  1.62445518 3.97867094
 1.63300821 2.24476999 3.126049   3.89835746 1.93636104 1.18381681] 4.5909295208468905e-06 True
basinhopping step 92: f 7.2604e-07 trial_f 7.2604e-07 accepted 1  lowest_f 6.88034e-07
[0.22587005 2.86102437 0.52966388 4.7457138  1.0512702  1.06431726
 4.30128927 3.59000225 4.83893212 1.53279482 4.98969373 0.1541355
 1.56314351 4.62801965 4.27866982 5.33649704 5.86892632 1.61304354
 5.23626189 5.51432568 6.01609647 2.57982552 1.89371557 4.04678083
 1.77929594 1.73226844 3.92426264 4.31190577 1.49564301 2.4561405 ] 7.260404310083612e-07 True
basinhopping step 93: f 2.031e-06 trial_f 2.031e-06 accepted 1  lowest_f 6.88034e-07
[0.41611936 3.13502959 0.93271487 4.82801867 1.02244441 1.42290333
 4.18685465 3.05894641 4.43735041 1.57804479 5.36793285 0.33391511
 1.94322719 4.28995368 4.62620402 5.2366947  5.83487631 1.99507615
 5.76193103 5.02889154 5.72239699 2.75127979 2.08954577 3.94732519
 1.19728762 1.76035959 3.83928929 4.30644727 1.65547298 2.13422619] 2.0309995536854327e-06 True
basinhopping step 94: f 4.66243e-06 trial_f 4.66243e-06 accepted 1  lowest_f 6.88034e-07
[0.32995551 2.7586523  1.05947479 4.37350746 1.19714598 1.39880722
 4.42890471 2.77840314 4.71462926 1.2954852  5.88453574 0.63062073
 2.45827706 4.4578725  4.85549009 4.99754908 5.92073088 1.9192135
 5.90047194 5.21171989 5.55359925 2.47969994 2.27237156 3.79046545
 1.4647975  1.7899689  3.75679089 3.77395469 1.70017823 2.09835851] 4.662427566328413e-06 True
basinhopping step 95: f 1.39427e-06 trial_f 1.39427e-06 accepted 1  lowest_f 6.88034e-07
[0.4123144  2.83643745 1.0544294  3.9956539  1.00574906 1.59842136
 4.51230058 2.37830137 4.49030575 1.21070875 6.36204746 0.99117942
 1.66657449 4.05264461 5.54233631 5.07460128 5.75001672 1.86970631
 5.36912512 5.39037582 5.31211498 2.20803135 1.87776484 3.68041234
 1.03509658 1.74813007 3.38559805 3.67902879 1.82305258 1.59971574] 1.3942676702938797e-06 True
basinhopping step 96: f 1.60152e-06 trial_f 1.60152e-06 accepted 1  lowest_f 6.88034e-07
[0.34080878 2.59457066 1.07122823 3.09664622 0.90819356 1.42239826
 4.45374774 1.81043186 4.24960011 0.71361821 6.27318433 0.85932198
 1.56310095 4.18676421 4.96042973 5.46034318 5.83542412 1.6908329
 4.95938523 5.46479961 5.38565798 2.30847681 2.33893606 4.0503641
 0.78518244 1.66376398 3.95564461 4.10327883 2.1875447  1.70983483] 1.601519127247261e-06 True
basinhopping step 97: f 2.8455e-06 trial_f 2.8455e-06 accepted 1  lowest_f 6.88034e-07
[0.83233771 3.0699771  1.28038496 3.44763908 1.24151426 1.39686256
 4.41385152 1.35196804 4.35910683 1.20075487 6.2949871  0.85034001
 1.16498279 4.08479118 4.36586729 5.67873312 5.56452049 1.25793459
 5.18824918 5.94933944 5.04727142 2.46236726 2.34793837 4.06249512
 0.22328952 1.96752515 3.98732759 3.73138464 2.39791855 1.81766949] 2.8454990986308223e-06 True
basinhopping step 98: f 3.43531e-06 trial_f 3.43531e-06 accepted 1  lowest_f 6.88034e-07
[0.84620928 3.0254762  0.71422949 2.96016508 0.29470153 1.05542244
 4.51628314 0.92241768 3.72912147 0.70078507 5.96963087 1.11294459
 1.4492004  4.21446505 3.93473042 5.80977587 5.56123318 0.67795354
 5.92920981 6.41669915 5.3800553  2.59699048 2.49994711 4.04500526
 0.59751469 2.51688635 3.58879161 3.54226377 2.52888351 2.55938391] 3.435306238533901e-06 True
basinhopping step 99: f 4.98269e-06 trial_f 4.98269e-06 accepted 1  lowest_f 6.88034e-07
[1.30894495 3.03591315 0.36548309 2.74799362 0.5042439  0.74508326
 4.62898509 0.64556509 3.71283627 0.61337284 5.24854656 0.91396446
 1.43930836 4.15434701 3.75045793 5.73207196 5.84458188 0.02094521
 5.42215781 5.80726624 5.66272465 2.80171391 3.03545982 4.2206537
 1.02369301 2.80138894 3.35181211 3.21848991 2.25638495 2.80763608] 4.982685398582592e-06 True
adaptive stepsize: acceptance rate 0.990000 target 0.500000 new stepsize 0.617284 old stepsize 0.555556
basinhopping step 100: f 3.79183e-06 trial_f 3.79183e-06 accepted 1  lowest_f 6.88034e-07
[1.81880504 3.02070607 0.48048538 3.20193115 0.76303017 0.65336378
 4.09282049 0.93093431 3.0760262  0.9135277  5.53432042 0.55211718
 1.51513401 4.10617364 4.02968484 6.33415403 5.88270654 0.10305694
 5.90229228 5.16485449 6.16673359 2.4873785  2.89099814 4.68344246
 0.83114578 2.33372872 3.03373902 3.63161263 1.67049549 3.41074589] 3.7918297815590864e-06 True
                        fun: 6.880338245035075e-07
 lowest_optimization_result:       fun: 6.880338245035075e-07
 hess_inv: array([[ 8.08790842e+03, -6.57840995e+02, -9.93950718e+02,
        -2.89292508e+03, -1.04806172e+03, -3.49401433e+03,
        -5.72660141e+03, -3.91790165e+03, -2.66157527e+03,
         4.83006195e+01, -1.11410487e+03, -2.18403038e+03,
         1.33597516e+03,  5.58609040e+02,  4.11528251e+03,
         3.27450868e+01, -5.29675918e+03,  7.45139618e+02,
        -1.20560123e+03,  5.29594587e+03,  1.91780844e+03,
        -3.98560348e+03, -5.92908794e+02,  2.77179696e+03,
         1.33347445e+03,  6.88883390e+02,  7.56756575e+02,
         4.86387291e+00,  3.44879812e+03,  4.60884936e+03],
       [-6.57840995e+02,  9.06793337e+02,  5.34009031e+01,
         2.13524142e+02, -6.94333419e+01, -1.78825255e+02,
         4.23943934e+02,  3.17445773e+02, -6.19409609e+01,
         2.34844898e+02,  1.55848226e+01,  1.49677004e+02,
        -4.53122036e+01, -3.72322816e+02, -2.63980726e+02,
        -5.31405353e+01,  4.23127177e+02,  1.32866814e+01,
         1.80333930e+02, -4.60915642e+02, -8.98616426e-02,
         1.93590302e+02, -2.47784299e+02, -2.02068210e+01,
        -2.28857174e+02, -2.67996076e+02,  1.61776852e+02,
        -1.67347580e+02, -4.59616121e+01, -1.43187788e+02],
       [-9.93950718e+02,  5.34009031e+01,  4.75060064e+02,
         6.15878437e+02,  4.32959504e+01,  5.10026897e+02,
         9.72354648e+02,  2.46929186e+02,  2.48062259e+02,
        -1.79518722e+02,  5.48326226e+01,  3.02637712e+02,
        -1.41587795e+02, -7.22307579e+01, -5.74199445e+02,
         6.07496718e+01,  6.89785413e+02, -5.62087853e+01,
         1.00450303e+02, -8.54932049e+02, -3.16720824e+02,
         6.41061140e+02,  2.86502761e+00, -3.15221687e+02,
        -1.79377776e+02, -5.37641934e+01, -2.30172287e+02,
         1.31421687e+02, -4.22288355e+02, -7.54096089e+02],
       [-2.89292508e+03,  2.13524142e+02,  6.15878437e+02,
         1.47392655e+03,  4.61007907e+01,  1.31253899e+03,
         2.41274878e+03,  1.06332029e+03,  8.38390429e+02,
        -2.25929427e+02,  4.13406749e+02,  7.52495745e+02,
        -4.79932115e+02, -1.64066119e+02, -1.44223273e+03,
         5.29348959e+01,  1.82947378e+03, -2.28488004e+02,
         3.53329738e+02, -1.94336184e+03, -7.16200646e+02,
         1.45202130e+03,  2.34337314e+02, -9.67218120e+02,
        -4.31951295e+02, -1.91722508e+02, -4.33285554e+02,
         1.43372292e+02, -1.34615445e+03, -1.73536340e+03],
       [-1.04806172e+03, -6.94333419e+01,  4.32959504e+01,
         4.61007907e+01,  9.88111338e+02,  7.71430022e+02,
         5.53887725e+02,  8.49045567e+02,  3.09261062e+02,
        -3.67738964e+02, -2.44216508e+02,  3.47253313e+02,
        -1.59589533e+02,  2.05083150e+02, -8.56679657e+02,
        -2.64725550e+02,  8.43544949e+02, -1.92655672e+02,
         1.10914683e+02, -1.00989831e+03, -4.70474971e+02,
         8.11990245e+02,  3.58246091e+02, -6.08526019e+02,
        -1.10588375e+02, -5.89085753e+01, -1.56366796e+02,
         2.64502477e+02, -2.67868688e+02, -6.09281007e+02],
       [-3.49401433e+03, -1.78825255e+02,  5.10026897e+02,
         1.31253899e+03,  7.71430022e+02,  1.95807971e+03,
         2.59983562e+03,  1.67676946e+03,  1.19722484e+03,
        -4.62301681e+02,  3.34991443e+02,  9.65285040e+02,
        -6.18792973e+02,  1.02770399e+02, -1.97340219e+03,
        -1.18126945e+02,  2.34880329e+03, -4.04424958e+02,
         4.27942885e+02, -2.46704953e+03, -1.02900447e+03,
         1.93514009e+03,  5.69035442e+02, -1.41797011e+03,
        -4.62022312e+02, -1.43382169e+02, -5.62610257e+02,
         2.96550873e+02, -1.56763706e+03, -2.09396762e+03],
       [-5.72660141e+03,  4.23943934e+02,  9.72354648e+02,
         2.41274878e+03,  5.53887725e+02,  2.59983562e+03,
         4.60248814e+03,  2.70110701e+03,  1.92293401e+03,
        -2.24344284e+02,  7.83904331e+02,  1.63162425e+03,
        -9.39928781e+02, -3.44350097e+02, -3.09112382e+03,
         9.23246049e+01,  3.89629377e+03, -4.88963271e+02,
         8.17457195e+02, -4.04300897e+03, -1.47659320e+03,
         3.08153551e+03,  4.72874831e+02, -2.03174090e+03,
        -9.58235691e+02, -3.95300307e+02, -7.26219484e+02,
         5.76826172e+00, -2.76566869e+03, -3.74175578e+03],
       [-3.91790165e+03,  3.17445773e+02,  2.46929186e+02,
         1.06332029e+03,  8.49045567e+02,  1.67676946e+03,
         2.70110701e+03,  2.42081411e+03,  1.51669727e+03,
         1.50790044e+02,  5.34150326e+02,  1.17881783e+03,
        -6.44083374e+02, -2.72505888e+02, -2.18951671e+03,
        -1.10504760e+01,  2.78435406e+03, -3.78956168e+02,
         6.66638238e+02, -2.72213125e+03, -9.80446451e+02,
         2.11356108e+03,  3.51379464e+02, -1.46936426e+03,
        -7.12292775e+02, -3.31257964e+02, -2.70732206e+02,
        -2.43775247e+02, -1.85597562e+03, -2.56000393e+03],
       [-2.66157527e+03, -6.19409609e+01,  2.48062259e+02,
         8.38390429e+02,  3.09261062e+02,  1.19722484e+03,
         1.92293401e+03,  1.51669727e+03,  1.20653846e+03,
         1.76286146e+02,  5.69712758e+02,  8.08266910e+02,
        -4.85391831e+02, -1.82746578e+02, -1.40414425e+03,
         1.43057799e+02,  1.86595331e+03, -2.48711834e+02,
         4.59067677e+02, -1.74372611e+03, -6.38424776e+02,
         1.38870816e+03,  1.98493042e+02, -9.79593155e+02,
        -4.96382477e+02, -1.37065165e+02, -2.62735202e+02,
        -2.23538994e+02, -1.43707644e+03, -1.87858393e+03],
       [ 4.83006195e+01,  2.34844898e+02, -1.79518722e+02,
        -2.25929427e+02, -3.67738964e+02, -4.62301681e+02,
        -2.24344284e+02,  1.50790044e+02,  1.76286146e+02,
         6.49694360e+02,  3.13452505e+02,  1.40116948e+01,
         2.32905185e+01, -3.66514084e+02,  2.33689475e+02,
         2.17625146e+02, -3.34147144e+01,  8.23941652e+01,
         1.40052008e+02,  2.83947779e+02,  2.34403254e+02,
        -2.35566530e+02, -3.44355799e+02,  2.22654111e+02,
        -1.44665227e+02, -1.08834196e+02,  2.73699772e+02,
        -4.91919263e+02, -6.60488038e+01, -5.08835423e+01],
       [-1.11410487e+03,  1.55848226e+01,  5.48326226e+01,
         4.13406749e+02, -2.44216508e+02,  3.34991443e+02,
         7.83904331e+02,  5.34150326e+02,  5.69712758e+02,
         3.13452505e+02,  4.74391260e+02,  3.05933179e+02,
        -2.31720212e+02, -2.06299545e+02, -4.08073880e+02,
         1.77616185e+02,  6.97989119e+02, -7.06918984e+01,
         2.33889595e+02, -5.14863621e+02, -1.38522837e+02,
         4.01951114e+02, -4.20978274e+01, -2.99406686e+02,
        -2.38416369e+02, -7.14018676e+01, -4.87898115e+01,
        -2.65553134e+02, -6.87124040e+02, -7.29170439e+02],
       [-2.18403038e+03,  1.49677004e+02,  3.02637712e+02,
         7.52495745e+02,  3.47253313e+02,  9.65285040e+02,
         1.63162425e+03,  1.17881783e+03,  8.08266910e+02,
         1.40116948e+01,  3.05933179e+02,  6.56953097e+02,
        -3.61148491e+02, -1.56178453e+02, -1.20938187e+03,
         3.80684820e+01,  1.53795890e+03, -1.93705315e+02,
         3.48072528e+02, -1.55952081e+03, -5.62298960e+02,
         1.20333531e+03,  1.55191993e+02, -7.89282005e+02,
        -3.96977405e+02, -1.63371813e+02, -2.22050913e+02,
        -7.62247431e+01, -1.04357368e+03, -1.47073889e+03],
       [ 1.33597516e+03, -4.53122036e+01, -1.41587795e+02,
        -4.79932115e+02, -1.59589533e+02, -6.18792973e+02,
        -9.39928781e+02, -6.44083374e+02, -4.85391831e+02,
         2.32905185e+01, -2.31720212e+02, -3.61148491e+02,
         2.55841414e+02,  5.49576057e+01,  6.76097341e+02,
         2.34960217e+00, -8.73605215e+02,  1.36523439e+02,
        -2.02800498e+02,  8.56466158e+02,  3.17048203e+02,
        -6.49651582e+02, -1.29039321e+02,  4.83771539e+02,
         2.16212209e+02,  8.01338621e+01,  1.55907929e+02,
        -5.57392151e+00,  6.13980926e+02,  7.57064108e+02],
       [ 5.58609040e+02, -3.72322816e+02, -7.22307579e+01,
        -1.64066119e+02,  2.05083150e+02,  1.02770399e+02,
        -3.44350097e+02, -2.72505888e+02, -1.82746578e+02,
        -3.66514084e+02, -2.06299545e+02, -1.56178453e+02,
         5.49576057e+01,  3.35295364e+02,  1.45438589e+02,
        -1.24235661e+02, -3.47149953e+02, -2.31264414e+01,
        -1.62986671e+02,  2.63584874e+02, -1.45282169e+01,
        -1.43520722e+02,  2.49623628e+02,  4.26889109e+00,
         2.06545351e+02,  1.61232948e+02, -1.16812695e+02,
         2.60191213e+02,  1.98330899e+02,  3.25221374e+02],
       [ 4.11528251e+03, -2.63980726e+02, -5.74199445e+02,
        -1.44223273e+03, -8.56679657e+02, -1.97340219e+03,
        -3.09112382e+03, -2.18951671e+03, -1.40414425e+03,
         2.33689475e+02, -4.08073880e+02, -1.20938187e+03,
         6.76097341e+02,  1.45438589e+02,  2.36540251e+03,
         6.54583210e+01, -2.89122242e+03,  4.05789598e+02,
        -6.01692487e+02,  3.02311219e+03,  1.13815911e+03,
        -2.32498610e+03, -4.42104322e+02,  1.56902412e+03,
         6.79355148e+02,  2.90787328e+02,  4.87592443e+02,
        -5.77735868e+01,  1.87316343e+03,  2.64998388e+03],
       [ 3.27450868e+01, -5.31405353e+01,  6.07496718e+01,
         5.29348959e+01, -2.64725550e+02, -1.18126945e+02,
         9.23246049e+01, -1.10504760e+01,  1.43057799e+02,
         2.17625146e+02,  1.77616185e+02,  3.80684820e+01,
         2.34960217e+00, -1.24235661e+02,  6.54583210e+01,
         1.80683617e+02,  1.82533703e+01,  5.06445396e+01,
         3.88233073e+01,  5.23919485e+01,  5.63392471e+01,
        -1.58197200e+01, -1.35666163e+02,  7.37981670e+01,
        -6.20838531e+01,  1.92277901e+01,  1.91902636e+01,
        -2.00534032e+02, -1.73240394e+02, -2.34350733e+02],
       [-5.29675918e+03,  4.23127177e+02,  6.89785413e+02,
         1.82947378e+03,  8.43544949e+02,  2.34880329e+03,
         3.89629377e+03,  2.78435406e+03,  1.86595331e+03,
        -3.34147144e+01,  6.97989119e+02,  1.53795890e+03,
        -8.73605215e+02, -3.47149953e+02, -2.89122242e+03,
         1.82533703e+01,  3.66506667e+03, -4.87220911e+02,
         8.26256795e+02, -3.71382736e+03, -1.34339882e+03,
         2.83667774e+03,  4.07942505e+02, -1.90163181e+03,
        -9.27302002e+02, -4.15897190e+02, -5.28396366e+02,
        -1.03465656e+02, -2.42701469e+03, -3.36515100e+03],
       [ 7.45139618e+02,  1.32866814e+01, -5.62087853e+01,
        -2.28488004e+02, -1.92655672e+02, -4.04424958e+02,
        -4.88963271e+02, -3.78956168e+02, -2.48711834e+02,
         8.23941652e+01, -7.06918984e+01, -1.93705315e+02,
         1.36523439e+02, -2.31264414e+01,  4.05789598e+02,
         5.06445396e+01, -4.87220911e+02,  9.63404287e+01,
        -9.86888894e+01,  4.92043509e+02,  2.03814502e+02,
        -3.78391777e+02, -1.25668814e+02,  3.00983093e+02,
         9.62590179e+01,  4.08453583e+01,  9.60760184e+01,
        -6.07596182e+01,  2.99370624e+02,  3.75656171e+02],
       [-1.20560123e+03,  1.80333930e+02,  1.00450303e+02,
         3.53329738e+02,  1.10914683e+02,  4.27942885e+02,
         8.17457195e+02,  6.66638238e+02,  4.59067677e+02,
         1.40052008e+02,  2.33889595e+02,  3.48072528e+02,
        -2.02800498e+02, -1.62986671e+02, -6.01692487e+02,
         3.88233073e+01,  8.26256795e+02, -9.86888894e+01,
         2.28074151e+02, -7.74372421e+02, -2.44402932e+02,
         5.75877496e+02,  1.07078770e+01, -3.81928537e+02,
        -2.48195099e+02, -1.23458738e+02, -5.36154065e+01,
        -1.30200074e+02, -5.50118581e+02, -7.36260118e+02],
       [ 5.29594587e+03, -4.60915642e+02, -8.54932049e+02,
        -1.94336184e+03, -1.00989831e+03, -2.46704953e+03,
        -4.04300897e+03, -2.72213125e+03, -1.74372611e+03,
         2.83947779e+02, -5.14863621e+02, -1.55952081e+03,
         8.56466158e+02,  2.63584874e+02,  3.02311219e+03,
         5.23919485e+01, -3.71382736e+03,  4.92043509e+02,
        -7.74372421e+02,  3.93334838e+03,  1.45043145e+03,
        -2.99755871e+03, -4.74377884e+02,  1.95904538e+03,
         9.04594383e+02,  4.01606705e+02,  6.29174914e+02,
        -7.44770238e+01,  2.36857650e+03,  3.42389427e+03],
       [ 1.91780844e+03, -8.98616421e-02, -3.16720824e+02,
        -7.16200646e+02, -4.70474971e+02, -1.02900447e+03,
        -1.47659320e+03, -9.80446451e+02, -6.38424776e+02,
         2.34403254e+02, -1.38522837e+02, -5.62298960e+02,
         3.17048203e+02, -1.45282169e+01,  1.13815911e+03,
         5.63392471e+01, -1.34339882e+03,  2.03814502e+02,
        -2.44402932e+02,  1.45043145e+03,  5.84724637e+02,
        -1.13521610e+03, -2.80758851e+02,  7.76111914e+02,
         2.79034413e+02,  1.03417699e+02,  2.89766793e+02,
        -1.25003207e+02,  8.68744875e+02,  1.24647813e+03],
       [-3.98560348e+03,  1.93590302e+02,  6.41061140e+02,
         1.45202130e+03,  8.11990245e+02,  1.93514009e+03,
         3.08153551e+03,  2.11356108e+03,  1.38870816e+03,
        -2.35566530e+02,  4.01951114e+02,  1.20333531e+03,
        -6.49651582e+02, -1.43520722e+02, -2.32498610e+03,
        -1.58197200e+01,  2.83667774e+03, -3.78391777e+02,
         5.75877496e+02, -2.99755871e+03, -1.13521610e+03,
         2.32987457e+03,  4.19886904e+02, -1.52850372e+03,
        -6.65369064e+02, -2.63382506e+02, -5.06565607e+02,
         4.24536281e+01, -1.87729994e+03, -2.70639082e+03],
       [-5.92908794e+02, -2.47784299e+02,  2.86502760e+00,
         2.34337314e+02,  3.58246091e+02,  5.69035442e+02,
         4.72874831e+02,  3.51379464e+02,  1.98493042e+02,
        -3.44355799e+02, -4.20978274e+01,  1.55191993e+02,
        -1.29039321e+02,  2.49623628e+02, -4.42104322e+02,
        -1.35666163e+02,  4.07942505e+02, -1.25668814e+02,
         1.07078770e+01, -4.74377884e+02, -2.80758851e+02,
         4.19886904e+02,  3.64377475e+02, -4.01581641e+02,
         2.42525396e+01,  5.17515358e+01, -1.97598858e+02,
         2.21163571e+02, -3.29306071e+02, -3.44322016e+02],
       [ 2.77179696e+03, -2.02068210e+01, -3.15221687e+02,
        -9.67218120e+02, -6.08526019e+02, -1.41797011e+03,
        -2.03174090e+03, -1.46936426e+03, -9.79593155e+02,
         2.22654111e+02, -2.99406686e+02, -7.89282005e+02,
         4.83771539e+02,  4.26889109e+00,  1.56902412e+03,
         7.37981670e+01, -1.90163181e+03,  3.00983093e+02,
        -3.81928537e+02,  1.95904538e+03,  7.76111914e+02,
        -1.52850372e+03, -4.01581641e+02,  1.11028235e+03,
         4.09293225e+02,  1.52040418e+02,  3.64136455e+02,
        -1.01898323e+02,  1.28943525e+03,  1.71948685e+03],
       [ 1.33347445e+03, -2.28857174e+02, -1.79377776e+02,
        -4.31951295e+02, -1.10588375e+02, -4.62022312e+02,
        -9.58235691e+02, -7.12292775e+02, -4.96382477e+02,
        -1.44665227e+02, -2.38416369e+02, -3.96977405e+02,
         2.16212209e+02,  2.06545351e+02,  6.79355148e+02,
        -6.20838531e+01, -9.27302002e+02,  9.62590179e+01,
        -2.48195099e+02,  9.04594383e+02,  2.79034413e+02,
        -6.65369064e+02,  2.42525396e+01,  4.09293225e+02,
         2.95193784e+02,  1.39454007e+02,  7.51588400e+01,
         1.32836458e+02,  6.02113183e+02,  8.66987691e+02],
       [ 6.88883390e+02, -2.67996076e+02, -5.37641934e+01,
        -1.91722508e+02, -5.89085753e+01, -1.43382169e+02,
        -3.95300307e+02, -3.31257964e+02, -1.37065165e+02,
        -1.08834196e+02, -7.14018676e+01, -1.63371813e+02,
         8.01338621e+01,  1.61232948e+02,  2.90787328e+02,
         1.92277901e+01, -4.15897190e+02,  4.08453583e+01,
        -1.23458738e+02,  4.01606705e+02,  1.03417699e+02,
        -2.63382506e+02,  5.17515358e+01,  1.52040418e+02,
         1.39454007e+02,  1.44215773e+02, -3.66355829e+01,
         5.66140498e+01,  1.67028521e+02,  2.64726364e+02],
       [ 7.56756575e+02,  1.61776852e+02, -2.30172287e+02,
        -4.33285554e+02, -1.56366796e+02, -5.62610257e+02,
        -7.26219484e+02, -2.70732206e+02, -2.62735202e+02,
         2.73699772e+02, -4.87898115e+01, -2.22050913e+02,
         1.55907929e+02, -1.16812695e+02,  4.87592443e+02,
         1.91902636e+01, -5.28396366e+02,  9.60760184e+01,
        -5.36154065e+01,  6.29174914e+02,  2.89766793e+02,
        -5.06565607e+02, -1.97598858e+02,  3.64136455e+02,
         7.51588400e+01, -3.66355829e+01,  2.47235097e+02,
        -1.75908272e+02,  4.15912270e+02,  5.53777378e+02],
       [ 4.86387291e+00, -1.67347580e+02,  1.31421687e+02,
         1.43372292e+02,  2.64502477e+02,  2.96550873e+02,
         5.76826172e+00, -2.43775247e+02, -2.23538994e+02,
        -4.91919263e+02, -2.65553134e+02, -7.62247431e+01,
        -5.57392151e+00,  2.60191213e+02, -5.77735868e+01,
        -2.00534032e+02, -1.03465656e+02, -6.07596182e+01,
        -1.30200074e+02, -7.44770238e+01, -1.25003207e+02,
         4.24536281e+01,  2.21163571e+02, -1.01898323e+02,
         1.32836458e+02,  5.66140498e+01, -1.75908272e+02,
         4.56342668e+02,  2.24615418e+02,  2.66882748e+02],
       [ 3.44879812e+03, -4.59616121e+01, -4.22288355e+02,
        -1.34615445e+03, -2.67868688e+02, -1.56763706e+03,
        -2.76566869e+03, -1.85597562e+03, -1.43707644e+03,
        -6.60488038e+01, -6.87124040e+02, -1.04357368e+03,
         6.13980926e+02,  1.98330899e+02,  1.87316343e+03,
        -1.73240394e+02, -2.42701469e+03,  2.99370624e+02,
        -5.50118581e+02,  2.36857650e+03,  8.68744875e+02,
        -1.87729994e+03, -3.29306071e+02,  1.28943525e+03,
         6.02113183e+02,  1.67028521e+02,  4.15912270e+02,
         2.24615418e+02,  1.96732168e+03,  2.51748206e+03],
       [ 4.60884936e+03, -1.43187788e+02, -7.54096089e+02,
        -1.73536340e+03, -6.09281007e+02, -2.09396762e+03,
        -3.74175578e+03, -2.56000393e+03, -1.87858393e+03,
        -5.08835423e+01, -7.29170439e+02, -1.47073889e+03,
         7.57064108e+02,  3.25221374e+02,  2.64998388e+03,
        -2.34350733e+02, -3.36515100e+03,  3.75656171e+02,
        -7.36260118e+02,  3.42389427e+03,  1.24647813e+03,
        -2.70639082e+03, -3.44322016e+02,  1.71948685e+03,
         8.66987691e+02,  2.64726364e+02,  5.53777378e+02,
         2.66882748e+02,  2.51748206e+03,  3.56545572e+03]])
      jac: array([-3.50618485e-07,  2.28807063e-06,  6.84616232e-07, -6.61475643e-06,
       -3.67681352e-08, -5.93964344e-08,  2.10782770e-06, -4.02874073e-06,
        1.79987396e-06,  1.95017492e-07,  6.58049685e-06, -7.05627430e-06,
        6.84558747e-06, -5.81240982e-06,  2.51742105e-06, -1.84491277e-07,
       -1.31553193e-07, -1.98894412e-07, -9.54055515e-07, -1.07311755e-06,
       -2.71824898e-06,  2.12158527e-06,  5.60899099e-06, -4.40656118e-06,
        3.02859533e-08, -2.72935146e-07,  5.16990632e-07,  3.51557882e-06,
        1.17336488e-06, -2.04802561e-06])
  message: 'Optimization terminated successfully.'
     nfev: 13206
      nit: 395
     njev: 426
   status: 0
  success: True
        x: array([ 2.77164963,  5.15459954,  1.7716072 ,  5.46877726,  2.02547904,
        2.60484546,  3.1718642 ,  6.23910655,  3.79247257,  6.13877754,
        3.33083042,  2.21955938,  0.53907463,  3.90548649,  3.07489618,
        2.22563038,  6.41618674,  4.96944594,  6.25342123,  3.84949461,
        2.87709806,  1.13888788,  1.06688884,  3.74241557,  3.31713079,
        1.91312699,  3.21552198,  3.28165964,  2.39611964, -0.72419115])
                    message: ['requested number of basinhopping iterations completed successfully']
      minimization_failures: 0
                       nfev: 587326
                        nit: 100
                       njev: 18946
                          x: array([ 2.77164963,  5.15459954,  1.7716072 ,  5.46877726,  2.02547904,
        2.60484546,  3.1718642 ,  6.23910655,  3.79247257,  6.13877754,
        3.33083042,  2.21955938,  0.53907463,  3.90548649,  3.07489618,
        2.22563038,  6.41618674,  4.96944594,  6.25342123,  3.84949461,
        2.87709806,  1.13888788,  1.06688884,  3.74241557,  3.31713079,
        1.91312699,  3.21552198,  3.28165964,  2.39611964, -0.72419115])
0.016125139405602472

Process finished with exit code 0
