E:\CURPROJECT\SimsV3\venv\Scripts\python.exe E:/CURPROJECT/SimsV3/Simple_ManyWP_reproducability_test1.py
basinhopping step 0: f 1.77904e-06
[ 3.44305988  5.3947273   2.62257441  3.72781602  0.57048836  0.72955328
  2.85452886  1.00494162  5.68802928  3.61976436  5.20310832  3.50355049
  1.56814191  1.09284742  6.04270889  3.86657435  2.85103658  5.7529803
  6.47362384  5.73434219  5.46352706  1.39112997  2.04040903  5.62638093
  5.57758611  5.26306331  6.06359065  5.16583879  0.50661666  2.20427759
  3.20212344  3.27360189  0.02255097  4.59377505  5.75042086  0.11363928
  1.39142863  1.35240188  4.96137168 -0.19162491] 1.7790426616455167e-06 True
basinhopping step 1: f 3.60406e-06 trial_f 3.60406e-06 accepted 1  lowest_f 1.77904e-06
[3.27018793 5.67091959 2.40912861 3.89653158 0.38904996 0.30270977
 2.81103244 0.61964812 6.00952316 3.88750468 5.04917391 3.92450138
 1.73952713 0.81292134 6.3076841  3.8359472  2.71550991 6.25508237
 6.10173843 5.42234174 5.22854612 1.24664986 1.92913943 6.11792574
 5.295911   5.25989482 5.94005642 5.2076117  0.88875015 2.22296488
 2.85569497 3.1702612  0.04020569 4.57177405 6.14143677 0.19613062
 0.94299785 1.90207614 4.59129238 0.1792486 ] 3.604058609172564e-06 True
basinhopping step 2: f 4.70284e-06 trial_f 4.70284e-06 accepted 1  lowest_f 1.77904e-06
[3.32856986 5.64975737 2.83716126 3.87906376 0.29533463 0.67737248
 3.17900683 0.48962988 5.91326554 3.77689854 5.37551297 3.53893976
 1.91600869 1.2441691  5.90358148 3.74279178 2.3392091  6.4331849
 5.81841803 5.31808373 4.86202935 1.27391594 2.12382317 5.8184621
 5.44284301 5.10448456 6.15420336 5.31980954 0.47918256 1.83267359
 3.0917277  3.3773654  0.24513462 5.07935122 5.74036382 0.10287248
 0.87302962 1.45307921 4.40691373 0.36467333] 4.702843192175206e-06 True
basinhopping step 3: f 6.30483e-07 trial_f 6.30483e-07 accepted 1  lowest_f 6.30483e-07
found new global minimum on step 3 with function value 6.30483e-07
[ 2.760816    5.25323637  2.66304144  3.42244278  0.05077564  1.18756904
  3.69294442  0.37510013  5.87018569  4.0106167   5.78328038  3.80685423
  1.8179737   1.90101785  5.64709517  3.61697055  2.01104475  6.16206397
  5.41328333  5.48272699  4.42270201  0.93729279  2.0523155   5.94081033
  5.14514047  4.88016239  5.98024932  5.55609717  0.10056906  2.14327156
  3.17914544  3.34145061  0.18785971  5.8163939   6.33563604 -0.21028576
  0.9472791   1.39247795  4.0855566   0.40363488] 6.30482967807646e-07 True
basinhopping step 4: f 9.56171e-06 trial_f 9.56171e-06 accepted 1  lowest_f 6.30483e-07
[ 2.83230617  5.11575814  2.61208235  3.51340212  0.11462955  1.02893949
  3.60388978  0.58729535  5.57356357  4.34950924  6.04372897  3.9490002
  2.19577871  1.60902379  6.09355035  3.94488942  2.21979263  6.30397311
  4.90382224  5.64505372  4.03359719  0.67552096  1.77287093  6.02952274
  5.44187433  4.61613498  6.07195608  5.44930314  0.09742564  2.27595433
  3.09163976  3.58024646  0.45945621  5.86001998  5.82774275 -0.26430359
  0.58993803  0.95552644  4.51370825  0.717417  ] 9.561708325580338e-06 True
basinhopping step 5: f 3.63425e-06 trial_f 3.63425e-06 accepted 1  lowest_f 6.30483e-07
[ 2.50278248  5.51428884  2.51867725  3.89498782  0.43923999  1.08155577
  3.38721944  0.80118487  5.74953183  4.10107543  5.87707435  3.97049322
  2.37556771  2.1685925   5.64589223  3.88287911  2.62877661  5.95851639
  5.06860252  5.65178763  4.07733262  0.32215475  1.62665003  6.0662381
  5.30998324  4.74164431  6.19079433  5.39455492  0.51832744  2.00451207
  3.11339619  3.32054771  0.64893282  5.56825994  6.01740054 -0.17176732
  1.10662873  0.57959122  3.63702462  0.88333818] 3.634247536108917e-06 True
basinhopping step 6: f 4.25154e-06 trial_f 4.25154e-06 accepted 1  lowest_f 6.30483e-07
[2.29503683 6.05571658 2.61335742 3.71299823 0.86150013 1.02031858
 3.17574756 1.04751388 5.81724101 3.95274114 5.52463421 3.99691468
 2.65018113 1.91719353 5.4052521  4.15144485 2.88549729 6.13815551
 5.27290532 5.43974627 3.75559784 0.47386768 2.1447214  6.2098095
 5.23461395 5.00406464 6.16982652 5.57126459 0.07792176 1.87661823
 2.91904644 3.44939707 0.62802168 5.10446543 6.29554384 0.41626273
 1.27878726 1.19266297 3.39273435 0.22553461] 4.25153663206006e-06 True
basinhopping step 7: f 3.73345e-06 trial_f 3.73345e-06 accepted 1  lowest_f 6.30483e-07
[2.1675399  5.51073581 2.8993271  3.69986301 1.02611837 1.44826552
 3.33897488 1.19429006 5.88218585 3.55659536 5.48759597 4.30594516
 2.25557047 2.20234058 5.42246522 3.62225228 2.66545056 6.09820455
 5.2549195  5.27549332 3.2856969  0.20572351 2.11213777 6.19543123
 5.57246451 4.99925665 5.7605047  5.33586066 0.16530579 1.35198436
 3.33128799 3.34009696 0.8472266  5.57504943 6.02101198 0.29291406
 1.55467163 1.26562439 3.61102664 0.42141101] 3.733452781094185e-06 True
basinhopping step 8: f 2.00535e-06 trial_f 2.00535e-06 accepted 1  lowest_f 6.30483e-07
[ 2.18384485  6.25482051  3.23244513  4.0954106   1.02979669  1.23545173
  3.33391165  1.02202305  6.32382821  3.39614736  5.58462422  4.47696938
  2.32925096  2.63966365  5.43522926  3.47308538  2.79360715  5.99370338
  5.59734127  5.31287873  3.85601536 -0.12982136  1.96887085  5.53247114
  5.38856275  4.90348761  5.54782569  5.1873131   0.20322452  1.67321884
  3.46521588  3.31950911  1.36051396  5.94437618  5.3854337  -0.12261587
  1.94544569  1.55698401  3.07073594  0.92445173] 2.005349663828158e-06 True
basinhopping step 9: f 3.94096e-06 trial_f 3.94096e-06 accepted 1  lowest_f 6.30483e-07
[1.63810913 6.18080746 2.83360761 4.41021318 1.38304046 1.58333116
 3.07666314 1.09266461 5.87843415 2.93088736 5.27731301 4.65917372
 1.81574458 2.78603379 5.50574032 3.73415343 2.40087978 5.86466453
 5.52601552 5.31690696 4.0187896  0.11879012 2.01469194 5.38293323
 5.77250682 4.72992661 5.50712704 5.53891303 0.14215319 1.52810228
 3.49440204 3.25113616 0.85351762 6.25024534 5.65895409 0.27216989
 1.40136863 1.93697144 3.26516424 0.48495494] 3.940956127515391e-06 True
basinhopping step 10: f 4.50406e-06 trial_f 4.50406e-06 accepted 1  lowest_f 6.30483e-07
[ 1.99428394  5.74301761  2.41172683  4.28199809  1.46136205  1.64502433
  2.68061537  1.2469138   5.52965809  3.16038962  5.13207879  4.2386708
  2.0424922   2.69308389  5.45415184  3.57818236  2.49680576  6.22954515
  5.09298956  5.29280902  4.09546818  0.80074288  2.13857435  5.30893088
  6.07880691  4.4878783   5.23148209  5.73567166  0.02994327  1.33671921
  3.72912801  3.09493879  1.24270918  6.00569201  5.42827111 -0.04111597
  0.99021251  2.25035735  3.28110803  0.64039096] 4.504061671691125e-06 True
basinhopping step 11: f 2.01432e-06 trial_f 2.01432e-06 accepted 1  lowest_f 6.30483e-07
[ 2.15132465  6.26944862  2.42449285  4.44571996  1.94978911  1.31459169
  2.32080441  1.15245549  5.53790188  2.46150738  5.02195273  4.21190149
  1.97699833  3.05778278  5.42874931  4.14369165  2.65442842  5.97518259
  5.32855121  5.80130214  3.79536249  1.00385261  2.3503091   5.50251401
  5.92805733  4.69684044  4.96070769  5.39700296  0.16209518  0.86377986
  3.78728875  2.72808016  1.03769228  5.8843994   5.47565489 -0.06849272
  0.73157079  2.4662207   3.51357202  0.95019354] 2.0143159319456464e-06 True
basinhopping step 12: f 6.43158e-07 trial_f 6.43158e-07 accepted 1  lowest_f 6.30483e-07
[ 2.43030184  5.99148908  2.11052201  4.10706711  2.3739479   0.94081635
  2.04757246  1.0224192   5.53971142  2.12423513  5.05617432  3.67080063
  2.10657131  2.77652785  4.82639735  4.64802205  2.88672102  5.85569891
  5.2674396   6.07585603  3.56049478  0.73722717  2.8561735   5.56811729
  5.48500232  4.90422286  5.40437694  5.44189088  0.46592862 -0.03011844
  3.7616797   2.29553762  0.81734476  5.66783689  5.9594023   0.32095239
  0.81541673  2.47179116  3.88770508  1.17719881] 6.431578657294279e-07 True
basinhopping step 13: f 6.9628e-07 trial_f 6.9628e-07 accepted 1  lowest_f 6.30483e-07
[2.30877806 5.76925316 2.2650014  4.15725067 2.63543724 1.19394859
 2.34376838 0.86005571 5.16633693 2.28017513 4.87450473 3.1693291
 2.60378376 2.99960639 5.19216059 4.6202828  2.91735597 6.0306891
 4.71761913 5.86971479 3.32658522 0.83039181 3.20847285 5.76375133
 5.38429901 5.13763518 5.23092392 5.23939895 0.19518486 0.23614882
 3.98941044 2.48441483 1.12276669 5.90445581 5.93034602 0.55719235
 0.8131574  2.45376536 3.84661258 0.88235832] 6.962801672467029e-07 True
basinhopping step 14: f 1.99527e-06 trial_f 1.99527e-06 accepted 1  lowest_f 6.30483e-07
[2.95547571 5.89276977 2.53239829 4.55724231 2.2754559  1.02218158
 1.89438102 0.93364398 5.55486919 2.43038853 4.86621417 3.54436675
 2.0803374  2.41652864 4.96893128 4.63310698 2.84832893 5.78694276
 5.27861161 5.80087904 3.55766112 0.57965706 2.89620188 5.95708887
 5.2817222  4.92776682 4.98928714 5.16329513 0.22577758 0.44502103
 3.96990223 2.59415727 0.98686994 5.68048092 6.17916123 0.92527235
 0.91214804 2.16615817 3.25695256 0.33779914] 1.9952682207864274e-06 True
basinhopping step 15: f 1.88596e-06 trial_f 1.88596e-06 accepted 1  lowest_f 6.30483e-07
[2.8253076  5.98893145 2.1991603  4.16379851 2.25866132 0.90800133
 1.58863586 0.87758692 5.84525889 1.65034374 4.45499989 4.06243332
 1.46876392 2.5686105  5.50599283 4.7140179  2.55533522 5.41939237
 5.28120089 5.9691126  3.48577879 0.54716063 3.00901868 6.53863617
 5.6651527  5.20602485 5.37875184 5.17002871 0.05426269 0.35499373
 3.8650605  2.20076475 1.89104205 5.41801255 6.04917323 1.54604531
 1.12900309 2.51547905 2.9354943  0.36961586] 1.8859550563094703e-06 True
basinhopping step 16: f 4.00037e-06 trial_f 4.00037e-06 accepted 1  lowest_f 6.30483e-07
[ 2.67006688  5.9415545   2.65361303  4.17728645  2.17314574  0.93849156
  1.65267059  0.89795084  5.60138734  1.54080479  4.56816726  3.80859116
  1.53775493  2.01259699  5.97076683  4.83121517  2.66572706  5.4117469
  5.73280006  5.53996764  3.66609723  0.63700431  3.16260345  6.37483611
  5.79379671  5.51200287  5.25980864  4.96655498 -0.0368559   0.64311154
  3.95191272  2.0193622   1.2996004   5.65980791  6.02950984  2.14188107
  1.42293184  2.83143445  2.80697175  0.40222514] 4.000374852008338e-06 True
basinhopping step 17: f 7.90094e-06 trial_f 7.90094e-06 accepted 1  lowest_f 6.30483e-07
[ 2.56867517  6.21327818  2.30517078  4.13606875  2.63036429  0.99990053
  1.67644665  1.1237046   5.8141724   1.40677724  4.9732484   3.96169033
  1.97602093  2.00130511  6.23752357  5.62110771  2.88854675  5.31355116
  6.09888404  5.61750522  3.71872984  0.28424269  3.34110517  6.09523912
  6.3757412   4.92224467  5.42881741  4.83027635  0.15394995 -0.18374695
  4.34964983  1.83536264  1.36946429  5.99908733  6.17477032  1.54860288
  1.02408739  2.89164247  2.19864068  0.04433219] 7.90094224665605e-06 True
basinhopping step 18: f 3.7812e-07 trial_f 3.7812e-07 accepted 1  lowest_f 3.7812e-07
found new global minimum on step 18 with function value 3.7812e-07
[ 1.48526827  5.68648854  2.78825831  2.91651771  2.81884487  0.78918152
  2.07029213  1.27541674  5.14464022  1.5567863   5.32316252  4.37550918
  1.28968715  1.89523375  6.30634352  5.57707961  2.65804305  5.82311374
  6.29053     5.73997893  3.5926664   0.49653279  3.54711758  6.35698866
  6.05193924  4.62530237  6.00679083  5.0712867   0.06906525 -0.69931257
  4.03977268  1.89175715  0.74023309  6.26873037  6.1411231   1.79606476
  1.1411559   2.52509121  2.6446789  -0.0372008 ] 3.781197519759464e-07 True
basinhopping step 19: f 1.67486e-06 trial_f 1.67486e-06 accepted 1  lowest_f 3.7812e-07
[ 1.45486413  5.25183622  3.00205871  2.83086922  2.60547665  0.51673206
  2.10712903  1.45213319  5.17432133  1.18497128  5.04758956  4.0237123
  1.25612592  2.54181635  5.92877273  5.8914417   2.19814678  5.15941996
  6.27332975  6.31003429  3.3232074   0.59820012  4.10801323  6.03733656
  5.96436886  4.41231713  6.00793426  5.17005409  0.20399134 -0.01485519
  3.4757423   1.86455677  0.99722393  6.1518326   6.11105313  2.17437503
  1.50318161  2.3031029   2.89649375  0.3328239 ] 1.6748619054415507e-06 True
basinhopping step 20: f 8.25386e-06 trial_f 8.25386e-06 accepted 1  lowest_f 3.7812e-07
[1.13328567 5.36341776 2.6899499  3.24894259 2.22600356 0.57388974
 2.13454441 1.93705069 5.32819778 0.90946097 5.24303744 4.17715112
 1.56587485 2.10592909 5.58457933 5.88306164 1.93420043 4.86252402
 6.05223322 5.77700222 3.88801104 0.76003747 4.63202479 5.75539465
 5.82612928 4.1809025  6.06469326 5.45340235 0.51158861 0.21210255
 3.02298975 1.41851583 0.91194686 5.96539939 5.68143681 2.51360025
 1.16700032 1.81146882 2.63053817 0.76194718] 8.253857478984158e-06 True
basinhopping step 21: f 2.44438e-06 trial_f 2.44438e-06 accepted 1  lowest_f 3.7812e-07
[1.14749221 5.33582981 2.94987895 3.14405079 2.12980469 1.02645458
 2.22386329 1.40083147 5.12271121 1.24224441 5.06262374 4.72374736
 2.00980307 2.07539819 5.82718558 6.12162051 2.04950186 4.82476791
 5.83110831 5.87387979 3.99272867 1.28991127 5.67466718 5.49502055
 5.81663056 3.91079038 5.79037705 5.77262651 0.4321773  0.66236262
 2.86813917 1.64666449 1.0384994  6.29817865 5.25301852 2.13477554
 1.12755171 1.39698821 3.15525772 0.68933053] 2.4443837551106304e-06 True
basinhopping step 22: f 3.62498e-06 trial_f 3.62498e-06 accepted 1  lowest_f 3.7812e-07
[ 1.22547267  5.50495509  2.53241062  2.85082655  1.69039438  1.01656042
  1.38143046  2.27059656  5.64569205  1.48469123  5.41479752  4.2540164
  1.21773338  1.44794331  5.15820215  5.74475912  2.18512641  5.03503677
  6.04728849  6.17827329  3.4421072   1.29477777  6.65835496  6.00386356
  5.56445713  4.16313086  5.51056157  5.8383161  -0.28379664  1.22779506
  2.59797633  2.18013144  1.02196672  6.16439827  4.7530602   2.1479063
  1.12285638  1.32250778  3.106648    0.365111  ] 3.624981530904554e-06 True
basinhopping step 23: f 9.01279e-07 trial_f 9.01279e-07 accepted 1  lowest_f 3.7812e-07
[ 1.11321203  5.54500974  2.96661935  2.46044816  1.81705897  0.81199112
  1.51700864  1.70527173  6.12691482  1.26081098  5.52060741  4.46667408
  1.35995632  1.475425    4.90201841  6.03678846  2.28848893  5.58680704
  6.26047435  6.2869893   3.2402109   1.62528933  6.35446687  5.71442561
  5.37079547  3.63021753  5.14815613  5.96943297 -0.18421834  0.79326603
  2.6169221   2.28122575  1.52228764  5.85081601  4.99261443  2.47784222
  1.01737484  1.45636536  2.7359243   0.36835854] 9.012791605649826e-07 True
basinhopping step 24: f 2.00934e-06 trial_f 2.00934e-06 accepted 1  lowest_f 3.7812e-07
[1.1052476  5.41969201 3.21551014 2.01473222 1.49190019 1.05989215
 1.78841182 2.26205639 5.78113105 0.93423199 5.28011171 4.40893456
 0.95199387 1.17722022 5.24910785 5.96641292 2.69374889 5.69921924
 6.08624399 5.80114858 3.45234388 2.04719378 6.27705182 5.45792613
 5.32434722 3.79096527 5.15498052 6.12814279 0.13800988 0.77122716
 2.68587581 2.3871357  1.31092423 5.80541178 5.13693565 2.12494031
 0.59923581 1.3689343  2.30847114 0.5452012 ] 2.0093442245066048e-06 True
basinhopping step 25: f 5.9571e-06 trial_f 5.9571e-06 accepted 1  lowest_f 3.7812e-07
[0.96333172 5.34614775 2.91546512 1.98876467 1.62895925 0.61140736
 0.90976802 2.07727272 5.6038565  0.97192491 5.16547851 4.87550686
 0.77602002 0.9774898  5.42566778 5.86584569 2.93143642 5.74798507
 5.98564244 5.70755101 3.22997679 2.36721278 6.36133963 5.38801461
 5.76852568 4.21614909 5.40813997 6.20510032 0.32082907 0.61158816
 2.92407511 2.16064989 1.07082611 5.81901072 4.78688056 2.0106853
 0.38415823 1.47770841 2.86052407 0.39347579] 5.95710250441906e-06 True
basinhopping step 26: f 1.07573e-06 trial_f 1.07573e-06 accepted 1  lowest_f 3.7812e-07
[ 1.35734265  6.09063677  2.95346205  2.54245984  2.1991031   1.14501458
  0.89265576  2.22359713  5.3699117   1.27105836  5.30593973  4.67933223
  1.56219249  1.09158783  5.36799585  5.1871209   1.89007236  5.08583741
  5.26113365  6.34818742  3.65559095  2.03860176  6.38143339  5.80664264
  5.41330343  4.27221701  4.88517158  5.90543601  0.3388382  -0.05673007
  3.26520586  2.44746466  0.53048513  5.45354904  4.64701929  1.84572337
  0.75299611  1.25344245  2.83763031 -0.07862472] 1.0757263651544124e-06 True
basinhopping step 27: f 1.10034e-06 trial_f 1.10034e-06 accepted 1  lowest_f 3.7812e-07
[ 1.47745774  5.43758586  3.01045495  2.43103029  2.56257229  1.18825573
  1.18483447  1.94782798  5.45168455  1.256998    4.94309206  4.67678987
  1.3640592   0.9017296   4.92043502  4.72709436  1.59308367  5.63627568
  5.21924735  5.96379151  4.05420889  2.32679647  6.09516272  5.74256764
  5.2793089   4.15090533  4.52727331  6.16827379 -0.07594405  0.33112313
  2.96193453  2.56389686 -0.06537285  5.47274275  4.66038019  2.20709217
  1.05115516  1.25560146  2.64030708  0.00622828] 1.1003350677356787e-06 True
basinhopping step 28: f 1.86136e-06 trial_f 1.86136e-06 accepted 1  lowest_f 3.7812e-07
[1.93728214 5.00640363 2.28184852 2.44642472 2.33239013 1.69394482
 1.48951516 1.70679992 5.38683395 1.21369539 4.95177021 4.30756283
 1.66247611 0.762387   4.74859126 4.70422421 1.32456416 5.04614531
 4.77802994 6.15643323 3.72672676 2.69879578 5.96578633 5.42436265
 4.81583397 4.41905701 4.41553128 5.64566139 0.35225481 0.41903536
 3.47195869 3.15346269 0.28353146 5.9327672  4.2005175  2.36524157
 0.67775491 1.44638932 2.81935448 0.44698209] 1.8613557425974666e-06 True
basinhopping step 29: f 1.32179e-06 trial_f 1.32179e-06 accepted 1  lowest_f 3.7812e-07
[2.03457725 4.71731422 1.92568305 2.80965451 2.8542541  1.37519096
 1.6880158  1.49467396 5.29908928 1.75772398 4.36212434 3.60318455
 2.16171859 0.38925235 4.22284617 4.83128129 1.77701185 5.59423172
 5.16945917 5.96162633 3.46562688 2.53966114 5.83637203 5.30704866
 5.32479499 4.48325086 4.43099731 5.30344335 0.80565069 0.0612021
 2.79175052 3.39217484 0.1018599  5.80280972 4.62823788 2.3990064
 0.73315815 1.44119461 2.82636959 0.49906542] 1.3217949226169337e-06 True
basinhopping step 30: f 1.28444e-06 trial_f 1.28444e-06 accepted 1  lowest_f 3.7812e-07
[2.16035146 4.39889913 1.74868552 2.29675041 3.36943878 1.60290904
 1.95483418 1.14111981 5.49665862 1.256169   4.4373149  3.8660644
 2.65721144 0.52632725 4.27633937 4.7383721  1.34786184 5.27008437
 5.49395901 5.5003728  3.85488871 2.66307541 5.61879008 5.20544826
 5.66113355 4.47610736 4.5406961  5.58811917 0.16661187 0.26853736
 2.47198566 2.75746577 0.41225909 6.07196083 5.10388973 1.94864609
 1.1664863  1.0938814  2.37106857 0.62388174] 1.2844445116578119e-06 True
basinhopping step 31: f 4.21512e-06 trial_f 4.21512e-06 accepted 1  lowest_f 3.7812e-07
[ 2.53287487  4.94383022  2.1253858   1.83827308  3.71252577  1.67994019
  1.43665346  0.98907972  6.2703513   1.00539608  4.02585493  3.38695665
  2.9972436   0.48665823  4.73646421  5.13154984  1.17691185  5.15030957
  5.10274091  5.36313387  4.55672449  2.47773431  5.93097456  5.64973915
  5.53733543  4.29189479  4.36913787  5.51532413 -0.23993852 -0.11344798
  2.10261919  2.75304924  0.69575746  5.80661296  5.74971568  1.45670233
  1.38684257  1.61565127  2.46955197  0.44888256] 4.215120174058804e-06 True
basinhopping step 32: f 4.68546e-07 trial_f 4.68546e-07 accepted 1  lowest_f 3.7812e-07
[2.54369649 4.68598342 1.86570762 1.97508143 4.14966046 1.55051737
 1.70675141 1.49781809 6.09603881 1.35014551 4.22619033 3.56024374
 2.73393264 0.86753671 4.74561505 4.73092805 0.71799133 4.80490122
 5.67441352 5.02662885 4.31879455 2.56507937 5.65260928 6.04777524
 5.22398926 4.13490696 4.86351549 5.62979024 0.16796009 0.07568585
 2.31846615 2.74223566 0.98523542 5.98472524 5.73175046 1.67302263
 1.91263926 1.20291879 2.50655523 0.28364726] 4.685459436310742e-07 True
basinhopping step 33: f 2.35554e-06 trial_f 2.35554e-06 accepted 1  lowest_f 3.7812e-07
[3.04932608 5.25079137 1.66741513 2.24171391 4.36466706 1.30518455
 2.05401054 1.62306359 5.98133178 1.30450945 4.1037348  3.9170032
 2.93664206 1.27635711 5.16729669 4.81752284 0.64620555 4.94729267
 5.3342509  4.3840998  4.51265054 2.40661804 5.71116136 6.33187903
 5.78312533 4.10022017 4.86195458 5.6787047  0.56918897 0.21591374
 2.11717335 3.06808864 1.38757953 6.12917616 5.53012261 1.89863691
 2.59988664 1.21937828 2.27461214 0.10332942] 2.355535368283375e-06 True
basinhopping step 34: f 6.08424e-06 trial_f 6.08424e-06 accepted 1  lowest_f 3.7812e-07
[ 3.37040302  4.85062202  1.94880719  2.75935984  4.50070029  1.00299354
  2.55922116  1.37493444  5.38031562  1.1746751   3.85446488  3.92627405
  3.42291572  0.95399123  5.3368142   5.13134512  0.86257293  5.47547784
  5.57224404  4.71413518  4.25089873  2.54166516  6.07581134  5.95263189
  5.43945862  4.16962782  4.96655804  5.43155402 -0.01480038  0.59691073
  2.51114814  2.66531477  1.60257998  5.98847544  5.60345461  2.15672008
  2.53420118  1.21160173  2.58276973  0.02345967] 6.0842410118750375e-06 True
basinhopping step 35: f 2.52117e-06 trial_f 2.52117e-06 accepted 1  lowest_f 3.7812e-07
[3.06389555 4.65998058 1.80835867 2.30787098 4.71944592 0.70328984
 2.99334655 1.16684506 4.9884615  0.98813135 3.82386824 4.15752532
 3.30819809 0.84539988 4.97427777 5.35251829 0.75892685 5.16867922
 5.9852055  4.94286824 4.04212784 2.88559808 5.41584964 5.24887861
 5.49301561 4.19321494 4.9913827  5.86070022 0.36447095 0.99057919
 2.28494626 2.84971542 1.79216952 5.89343213 5.45498226 2.28501287
 2.28551446 1.71956681 2.45831274 0.25483445] 2.5211733415890295e-06 True
basinhopping step 36: f 1.1321e-06 trial_f 1.1321e-06 accepted 1  lowest_f 3.7812e-07
[ 2.2348571   4.64843472  1.58025282  2.49545881  4.65722192  0.92776672
  2.75785412  1.21367846  4.77984016  0.79108474  4.13002184  3.77690688
  3.07644026  0.72541486  4.58667553  5.31656099  1.24101117  5.37334249
  5.77982551  5.74456569  3.53738747  3.61709568  4.64920585  5.52292317
  5.54242547  4.03722002  4.81152093  5.16752282  1.02292234  0.73114999
  1.45680541  2.09554403  1.59113618  5.69026421  5.0682141   2.46696845
  1.96945473  2.31029347  3.45465404 -0.11967675] 1.132095880523907e-06 True
basinhopping step 37: f 2.2837e-06 trial_f 2.2837e-06 accepted 1  lowest_f 3.7812e-07
[1.66775355 4.60091714 1.97374242 2.55861998 4.60745713 0.85921131
 2.37060814 0.96225993 5.04230414 0.37479154 4.1213327  3.22258514
 3.91962324 1.23078626 4.42551351 5.29789834 1.39656967 5.0397459
 5.41771079 5.85887409 3.56318671 3.08077445 4.65007841 5.74264215
 5.91556682 4.24422708 4.91988963 4.93631682 1.10199293 0.66340043
 1.30719946 2.67578283 1.46385646 5.69199863 4.84563287 2.45478636
 2.36288339 2.3176094  3.69679434 0.12072519] 2.2836993847156053e-06 True
basinhopping step 38: f 2.86261e-06 trial_f 2.86261e-06 accepted 1  lowest_f 3.7812e-07
[2.16803369 4.72492699 1.8850755  2.52388542 4.6843199  0.52240109
 1.94809843 0.98165404 4.79251451 0.17730227 3.84149641 2.81468773
 4.09408358 1.36672913 4.94061566 4.97082725 1.76341541 5.16666002
 5.09326391 5.99444694 3.76196605 3.48453668 4.28283028 6.05655067
 5.48006653 3.83635463 5.05318016 5.61086259 0.94216886 0.84312273
 1.87827761 2.73204657 2.01989342 6.19827923 4.71721622 2.57932585
 2.21807728 2.10863536 3.20046858 0.50339218] 2.8626098709178686e-06 True
basinhopping step 39: f 1.61979e-06 trial_f 1.61979e-06 accepted 1  lowest_f 3.7812e-07
[1.81332687 4.72271583 2.12531112 2.41610709 4.4683456  0.7321519
 1.99365445 1.30915843 4.64516415 0.40608987 3.98447794 2.45770461
 3.83211604 0.83833221 5.12472033 5.17376072 1.35420274 5.31281221
 5.00719141 5.80637407 3.31144497 3.25344565 4.32989655 6.22109212
 5.62710305 4.36833167 5.18337822 5.45730695 1.27306493 0.55122475
 2.13164551 2.99686543 1.5788159  6.03221801 4.81914624 2.4560938
 2.60825776 1.84947035 3.04853613 0.54950053] 1.6197896373309202e-06 True
basinhopping step 40: f 1.4354e-06 trial_f 1.4354e-06 accepted 1  lowest_f 3.7812e-07
[1.5004075  4.82878309 1.93928975 2.81628032 4.46310722 0.09128715
 2.25444659 1.34573058 4.62834609 0.89562892 4.02920678 2.82076792
 3.75009726 0.9383114  4.73283616 4.95897027 1.2568009  4.81680932
 5.03875797 4.91196279 3.28471428 3.4013415  4.60222892 6.02911735
 5.95575175 4.5498502  5.4411001  5.16350898 1.70022429 0.82406693
 2.32849229 3.56013907 1.37823645 5.790996   4.90294814 2.80125809
 2.7278635  1.54095226 2.77662192 0.25234026] 1.4353988100567946e-06 True
basinhopping step 41: f 5.13909e-06 trial_f 5.13909e-06 accepted 1  lowest_f 3.7812e-07
[1.63448131 4.4265811  2.18108219 2.7120927  4.9082526  0.36512728
 1.82071225 1.25260288 5.07358591 1.29491479 3.48782771 2.74469184
 3.88820533 0.93776165 4.34721204 5.25864755 1.03719634 4.35079009
 4.59460216 4.74041126 3.12403641 3.33257474 5.04865084 5.80599779
 6.08091185 4.73557296 5.29481848 5.31132966 1.75276878 0.69272895
 2.32122543 3.57701645 1.76172997 5.84514351 5.06869363 2.78395111
 3.04681139 1.3703457  2.39486412 0.40861869] 5.139094097707642e-06 True
basinhopping step 42: f 2.78166e-06 trial_f 2.78166e-06 accepted 1  lowest_f 3.7812e-07
[1.49077713 4.45670234 2.46654212 2.34949439 4.44281024 0.67696098
 1.99482979 1.03715738 4.92705875 1.26821836 3.51393346 2.71558656
 3.85543318 1.18453765 4.33580374 5.18584695 1.09902795 4.16680335
 4.51428542 4.77067951 3.68784056 3.29631164 5.41987353 6.03380255
 6.18390752 4.41444298 5.94184063 5.69089474 1.43782778 1.05807021
 2.05945585 3.97184488 1.31201184 6.36410164 4.72069498 3.15192175
 3.48940251 0.66082733 2.22388692 0.09714959] 2.7816612507472108e-06 True
basinhopping step 43: f 2.32695e-06 trial_f 2.32695e-06 accepted 1  lowest_f 3.7812e-07
[1.66387801 3.9423749  2.68048053 2.88269631 4.1828349  0.55706411
 2.08114191 0.63441375 5.21301406 1.46286289 3.76013559 2.62512
 3.60946854 0.77088103 5.006454   4.81865072 1.68095338 4.41904443
 5.13964554 4.98492532 3.38834952 3.56748734 4.90061313 6.32760843
 5.50668472 4.61463676 6.15883438 5.05613377 1.17945475 0.98897314
 1.35528748 4.63488124 1.43585305 6.29588588 4.64685828 3.57403892
 3.45521989 0.40380912 3.05619259 0.82822666] 2.326953040160347e-06 True
basinhopping step 44: f 1.55596e-06 trial_f 1.55596e-06 accepted 1  lowest_f 3.7812e-07
[1.76285653 4.00922529 3.20327318 3.33689712 4.32456484 0.36345739
 2.51558442 0.2323712  5.27052059 1.58497496 3.69265544 2.16305705
 3.72359965 0.77037321 4.94824548 4.50213239 2.28430117 4.58014161
 5.054684   4.41062638 3.17309898 3.87621355 5.04868567 5.99929364
 5.5377225  4.3071007  6.42607365 4.72391353 1.36014334 1.26736489
 1.22502779 4.56957772 1.20812233 5.84863347 4.32759167 3.58107004
 3.4780651  0.23804413 3.04456019 0.56968105] 1.5559629361699062e-06 True
basinhopping step 45: f 6.48344e-06 trial_f 6.48344e-06 accepted 1  lowest_f 3.7812e-07
[1.47618083 3.80922171 3.59707847 3.39024721 4.32449929 0.35428376
 2.66396492 0.47419518 5.69398103 1.16225053 4.18521874 2.19904559
 3.86488131 0.96850666 5.40202458 4.58591767 2.23598138 4.27784982
 5.34492293 4.17395269 2.82063191 4.2553816  5.21277466 5.5991977
 5.57858478 4.46312958 6.04408472 4.54319297 1.62988293 0.99177941
 0.68923559 3.89180101 1.63021173 6.06019599 4.58334146 3.52459865
 3.35164151 0.14439556 3.40656807 0.44365797] 6.483436457561206e-06 True
basinhopping step 46: f 7.36646e-06 trial_f 7.36646e-06 accepted 1  lowest_f 3.7812e-07
[1.7830381  3.79619594 3.45062925 3.85764959 3.77857707 0.26414648
 2.3283364  0.5235484  5.76401612 0.84718553 4.64378269 1.99793792
 3.82058907 1.02648207 5.52776148 4.59054395 2.00364769 3.99466485
 5.54503333 4.4980422  2.55025446 4.59465896 5.80923402 5.47070393
 5.28534858 3.84160262 5.96080893 5.16700739 1.30359194 0.91377478
 1.13594813 3.96940523 1.56756538 6.25918925 4.62140358 4.02306553
 3.68270196 0.24347027 3.13687535 0.85300437] 7.366456722414922e-06 True
basinhopping step 47: f 7.04459e-06 trial_f 7.04459e-06 accepted 1  lowest_f 3.7812e-07
[1.75542095 3.71742539 3.61069964 4.07804251 4.14472457 0.1819396
 2.54123286 0.68021146 6.10805663 0.78410741 4.07841843 2.37529809
 3.80585622 1.57293988 5.25916894 4.3064786  1.60123739 3.96396682
 5.54870826 4.68496817 2.70013769 4.59991235 5.70344182 5.82209858
 5.03509755 4.14436371 5.57216366 4.76162278 1.40742935 0.54777739
 1.46029195 3.66329984 1.70344396 5.96645456 4.65635588 3.85736855
 3.22923121 0.66420031 3.05238788 0.70541683] 7.044588738696336e-06 True
basinhopping step 48: f 2.75863e-06 trial_f 2.75863e-06 accepted 1  lowest_f 3.7812e-07
[ 1.55538504  4.64646369  3.96568195  4.66678502  4.67936774  0.42310891
  2.41669882 -0.07020448  5.80906067  0.78926161  4.66419563  2.16640817
  3.47144021  1.94050366  5.64686386  4.2205226   1.78135788  3.92287152
  5.50951406  4.37614874  2.70333512  4.07734556  5.92642654  5.22131186
  5.18414397  4.07334998  6.09562993  4.11962813  0.44818467  0.34191246
  0.41023946  3.66871318  1.42406583  6.65902594  4.05861855  3.72391243
  3.01865411  0.35497296  3.4973457   0.9457875 ] 2.7586349110509226e-06 True
basinhopping step 49: f 4.25459e-06 trial_f 4.25459e-06 accepted 1  lowest_f 3.7812e-07
[1.68594698 4.63501604 3.65530365 4.77210062 4.35007862 0.28198268
 2.33559102 0.15370594 6.25983451 1.26169565 4.83214348 2.19634142
 4.03659636 1.85625597 5.5334327  4.5148946  1.96329174 3.99227632
 4.96213655 4.20333167 3.23564986 3.73298982 5.61542452 5.67761808
 5.10434388 3.73373232 6.05839723 3.92236079 0.46708241 0.71209631
 0.58446979 3.67793229 1.83851058 6.23936272 3.87031741 4.15976008
 3.30583428 0.96620807 3.0298462  1.39041493] 4.254593327167207e-06 True
adaptive stepsize: acceptance rate 0.980000 target 0.500000 new stepsize 0.555556 old stepsize 0.5
basinhopping step 50: f 7.31838e-06 trial_f 7.31838e-06 accepted 1  lowest_f 3.7812e-07
[1.18285761 4.26856182 3.32933065 4.9645679  4.26854758 0.78676633
 2.46767423 0.04132121 6.25548143 1.73123842 4.6872058  2.11445522
 3.52825351 1.92889638 5.3935755  4.51340191 1.64564057 3.98855861
 4.66817126 4.1248605  2.71010253 4.01401327 6.06444319 5.56872515
 5.32390134 3.91031476 5.94953883 3.64024713 0.59729796 0.22180801
 0.74877632 3.16541069 1.69054744 6.23791381 4.32199309 4.13667701
 3.16421067 0.61485553 3.26644232 1.13580249] 7.318377783934025e-06 True
basinhopping step 51: f 4.87375e-06 trial_f 4.87375e-06 accepted 1  lowest_f 3.7812e-07
[ 1.20844379  3.91278236  2.71341091  5.38933276  4.80014681  0.5096896
  2.27366494 -0.01148152  5.85595386  1.94294604  5.26547972  1.66739536
  3.71140624  1.82589912  5.61448377  4.29633729  1.00275745  3.68844615
  3.95359529  4.21007542  2.0656232   4.29104822  6.03089282  5.20010189
  5.35345839  3.76858477  5.35939619  3.78491788  1.63519377  0.22065126
  1.37269873  3.63113053  1.74930225  5.90442805  4.3900813   4.29427311
  4.12230374  1.16887838  3.24280738  0.93497324] 4.87374643153463e-06 True
basinhopping step 52: f 5.52337e-06 trial_f 5.52337e-06 accepted 1  lowest_f 3.7812e-07
[1.16637685 3.74853731 2.53077491 5.48726543 4.61050399 0.76962777
 2.30428867 0.24789799 5.945688   2.05049403 5.63525201 2.16985441
 3.65967693 2.20781503 5.96906833 4.66240177 1.18872579 3.83918818
 4.50057201 4.3318269  1.67771118 4.21574798 5.92392365 5.07457476
 4.91544347 3.83436219 5.70139086 3.44752642 1.78539444 0.57328504
 1.54489241 3.61360906 1.22152771 5.7401845  4.07133489 4.01451011
 4.44493687 1.31989068 3.2895277  0.94553036] 5.523371068961065e-06 True
basinhopping step 53: f 3.12112e-06 trial_f 3.12112e-06 accepted 1  lowest_f 3.7812e-07
[1.51182139 3.43687922 2.08182208 5.92170752 5.12215543 0.83102238
 2.10822121 0.0820618  5.30827857 2.17486617 6.4558595  2.1282942
 3.0782918  1.94381902 5.13849389 4.62937148 1.59065819 3.72058829
 3.62830891 3.82297963 1.83880558 3.8523734  5.62969735 4.81502714
 5.49018451 3.14700421 6.36758042 3.49558227 1.58902269 1.37124042
 1.79031568 4.11206595 1.08022307 5.35738045 4.25897823 4.63861792
 4.88303681 1.19654083 2.88905492 1.20193615] 3.1211172928470517e-06 True
basinhopping step 54: f 1.05747e-06 trial_f 1.05747e-06 accepted 1  lowest_f 3.7812e-07
[1.86396638 2.45087349 1.7128032  6.10004073 4.87080412 1.36933009
 2.18134002 0.23588112 5.65945313 2.6629346  6.55157866 2.40702734
 2.59078974 2.05958501 5.76434417 4.92712399 2.2594133  2.83010264
 3.00618804 3.52203076 1.79108794 4.17717826 5.93698378 5.01958346
 5.30133557 3.17396778 6.42319077 3.5360187  2.48946897 1.87189018
 1.72301618 3.59783893 0.34977821 5.07064826 3.91699967 3.93798875
 4.47164399 0.60822351 2.79714411 0.1722959 ] 1.0574670189418878e-06 True
basinhopping step 55: f 3.00127e-06 trial_f 3.00127e-06 accepted 1  lowest_f 3.7812e-07
[2.36580856 1.91591148 1.95025268 5.84401291 4.89310621 1.6167707
 2.64522593 0.34924107 6.39669069 2.6869832  6.25672592 3.10137824
 2.51466676 1.99434883 5.53261165 5.2406006  1.7951219  3.36051267
 3.36712485 4.07680037 2.1462068  3.87702755 6.11486952 4.74745572
 5.17108417 2.71324622 5.85638362 3.2996984  3.01187767 1.66509725
 1.87911736 3.41889837 0.08211024 4.92979454 3.42814675 4.28690754
 4.3667527  0.64265402 2.90125932 0.57900259] 3.001268168031784e-06 True
basinhopping step 56: f 1.7327e-06 trial_f 1.7327e-06 accepted 1  lowest_f 3.7812e-07
[2.18996788 2.27025326 2.57152615 5.47354861 4.47680257 1.93519746
 3.0509097  0.75927282 5.92093167 2.85718583 6.22799836 3.54232616
 3.12638849 1.80068388 5.16633234 5.41115552 1.88049898 3.88045047
 3.34687732 3.86139132 2.13327006 3.70415151 5.59623972 5.21892945
 5.58854316 2.74710009 5.74771308 2.96450209 3.24154942 1.71637946
 1.61413763 3.39883591 0.36424934 4.53877122 3.13966963 4.23196127
 4.36249338 0.29466515 2.65963903 0.58644578] 1.732699315722976e-06 True
basinhopping step 57: f 3.09478e-06 trial_f 3.09478e-06 accepted 1  lowest_f 3.7812e-07
[2.49482746 2.55722377 3.09066303 5.6404466  4.85730317 2.34323004
 3.44423838 1.22643337 5.81489745 2.46427875 6.0844291  3.69737807
 3.13528247 2.20058348 5.64073408 5.8124511  2.43837017 3.67903845
 3.82305925 3.97719395 1.60950685 3.7054509  5.9863198  5.79712614
 5.14128896 2.54822049 5.38881031 3.21429608 3.56682347 1.71847298
 1.77666633 3.74476678 0.70107113 4.45815284 3.422051   4.09810911
 4.59384467 0.25909294 2.41421532 0.4247275 ] 3.0947837356200073e-06 True
basinhopping step 58: f 2.22958e-06 trial_f 2.22958e-06 accepted 1  lowest_f 3.7812e-07
[2.50045492 3.09300939 3.27714972 5.24189689 5.15174722 2.54083069
 4.0677611  1.25632391 5.88219156 2.2810956  5.46737579 3.29483841
 2.74749069 2.45901099 6.01641039 5.96794592 2.44078989 3.42847443
 3.16137595 4.50321859 1.49715753 4.12496678 5.67781099 5.57229003
 4.86193918 2.65738803 5.72749193 3.46593413 3.40374956 1.88628616
 1.59984251 4.01787748 0.6122125  4.07731209 3.15481112 4.55716966
 4.04993067 0.5133036  2.95011719 0.23046523] 2.2295784292304758e-06 True
basinhopping step 59: f 2.00443e-06 trial_f 2.00443e-06 accepted 1  lowest_f 3.7812e-07
[3.2025554  3.10716475 3.56744662 5.66773418 5.01276597 2.09371977
 3.96521843 1.40287836 5.41056193 2.02357097 5.32232241 3.31905288
 3.16521024 3.56037882 6.00685089 6.5027695  2.78341863 3.63969278
 3.14051573 4.90941162 1.72384263 3.8047281  5.28232911 5.96061127
 4.91464801 2.84742071 5.30286789 3.49195642 3.5215884  1.78494272
 0.75627813 3.61350276 0.89169324 4.55762022 3.38254828 4.12552956
 4.00176061 0.37501018 2.95957833 0.01907546] 2.004431285282568e-06 True
basinhopping step 60: f 1.90207e-06 trial_f 1.90207e-06 accepted 1  lowest_f 3.7812e-07
[2.89766113 2.97555618 4.01908218 6.10299399 5.46968368 1.93916922
 3.66949652 0.96399073 4.93179535 1.62621909 5.19473609 2.93924388
 3.67813467 3.92150871 6.01276174 6.02058212 3.22272533 3.37086781
 3.47355205 5.33420909 1.4476786  3.95789813 5.60436267 5.36203885
 4.6715352  3.06292905 5.68045528 3.16213296 3.6617525  1.68330304
 0.66699375 3.73373407 0.87976991 4.6776061  3.87193844 4.46180566
 3.96586187 0.2829483  3.2886964  0.66141077] 1.902071444993204e-06 True
basinhopping step 61: f 1.44124e-06 trial_f 1.44124e-06 accepted 1  lowest_f 3.7812e-07
[2.41265668 3.24337807 3.75843888 6.28218319 5.69885443 2.4965751
 3.83957591 0.31639441 5.58371503 1.53230094 4.80138708 3.12584593
 3.58863168 3.71692593 6.02421056 5.67025175 2.72140836 3.43666174
 3.86659445 5.33366492 1.2183931  4.21685581 5.36390006 5.42191728
 4.83318201 2.6944461  5.99319993 3.22639779 3.57205951 2.30795147
 0.45222797 4.12027006 1.3736338  4.5803169  3.50844415 5.11940179
 3.41177198 0.0362143  3.96082466 0.64482538] 1.4412413415333055e-06 True
basinhopping step 62: f 8.23921e-06 trial_f 8.23921e-06 accepted 1  lowest_f 3.7812e-07
[ 2.41060635  3.22064957  3.86656796  5.59843593  5.37140868  2.46341875
  3.31932032  0.71008141  5.93636507  1.76465982  4.78175633  3.147945
  3.22553007  3.55691195  6.42027397  5.70624919  3.27145581  2.98127228
  4.00332707  5.01340147  0.9853243   4.71819501  5.44305332  5.39655025
  4.28641268  2.62290018  5.97625411  2.80760124  3.88134041  2.59427374
 -0.02136703  4.16897344  1.62519637  4.89099226  3.54964191  5.23623083
  3.79093775  0.54433365  4.00607076  0.18209826] 8.239207996515961e-06 True
basinhopping step 63: f 1.79144e-06 trial_f 1.79144e-06 accepted 1  lowest_f 3.7812e-07
[ 2.14987798  3.57948001  4.76446835  5.44423197  5.11818798  2.20997719
  3.4434916   0.4016383   6.13253562  1.89283312  4.79264603  2.74395621
  3.11184707  3.57937725  5.77458229  5.48080513  3.23256417  3.04607178
  4.2307506   5.40135494  0.72733243  4.39277621  5.38808344  5.09171322
  4.02306589  2.2999981   5.54016655  2.55887393  3.38737908  2.82758586
 -0.17808232  4.33847875  2.16966164  4.9251649   3.09746275  5.70932529
  3.40149766  0.57499349  4.26663402  0.40687694] 1.791441011494397e-06 True
basinhopping step 64: f 4.33391e-06 trial_f 4.33391e-06 accepted 1  lowest_f 3.7812e-07
[2.45275598 3.2975909  4.5413291  5.51291138 4.93246384 1.8251938
 3.04105323 0.60056792 5.61964633 1.68843094 5.05302801 3.29480189
 3.36183211 3.978806   5.86143693 5.94687026 3.53462779 2.76900016
 3.66375978 5.04403629 1.01644396 4.6168781  6.05244925 5.59850206
 4.16940467 2.5989241  5.78865554 2.4536566  3.14220893 2.75355019
 0.0364765  3.77410286 1.85041156 4.60190579 2.75548629 5.99710652
 3.16560579 0.90094463 4.38168567 0.50523551] 4.333910526441608e-06 True
basinhopping step 65: f 1.91362e-06 trial_f 1.91362e-06 accepted 1  lowest_f 3.7812e-07
[ 2.30177939  2.81594626  4.46915348  5.96148881  5.26110391  1.5837041
  3.06981381  0.32798578  5.18314155  1.68860786  5.29925291  3.80776079
  3.05208541  3.37570021  5.52535962  5.41507806  3.73343092  2.50944586
  3.9380838   5.08218522  1.23881492  5.19874135  5.63736104  6.06410248
  3.79896839  2.80094344  5.52433482  3.1543874   3.29240976  2.60555776
 -0.0194405   4.0572874   2.25373861  4.56415443  2.30985521  6.11992446
  3.38015106  0.78799615  4.56123066  0.54956573] 1.9136190100736706e-06 True
basinhopping step 66: f 2.25015e-06 trial_f 2.25015e-06 accepted 1  lowest_f 3.7812e-07
[2.78173064 2.13425347 4.52429392 5.45054142 5.69941976 1.57895711
 3.06734632 0.27817935 5.60883689 1.90641748 5.05037712 3.9735246
 2.84066047 2.95718516 5.28997273 5.33830908 3.49737799 2.15540344
 3.52326167 4.84939276 0.97842287 4.98262977 5.86995507 6.11856928
 3.57611688 3.07853566 5.48154583 3.15336827 3.01615489 3.37022437
 0.2310407  4.44786758 1.91556541 4.66232281 2.16722175 6.40935129
 3.2947456  0.3609098  4.96721633 0.98358149] 2.2501480044790716e-06 True
basinhopping step 67: f 1.7403e-06 trial_f 1.7403e-06 accepted 1  lowest_f 3.7812e-07
[ 3.62396971  1.69981031  4.78323461  4.80367549  5.63669367  2.28791091
  3.10902821 -0.16451437  6.18360735  1.3578488   5.69850232  4.50260856
  2.70639943  2.78231065  5.99479035  5.05328719  3.34597413  1.92615847
  3.4014468   4.90631187  0.84218564  5.15182076  5.7824746   6.29836996
  4.07468904  3.34097281  6.36561378  3.16763004  3.1924395   3.22423147
  0.02673115  4.69634332  2.1548065   4.22666835  2.34529768  6.21618882
  3.12006181  0.04403376  4.49126097  1.45001177] 1.740301517708843e-06 True
basinhopping step 68: f 8.23959e-06 trial_f 8.23959e-06 accepted 1  lowest_f 3.7812e-07
[4.42831692 1.76232732 4.47619094 4.57619987 5.7800333  2.02662118
 3.64617568 0.06280164 5.7398349  1.43017181 5.87463553 4.43359391
 2.68001931 3.30342874 5.66820465 5.16099979 3.18115692 2.05341437
 3.12198158 5.14625881 0.48996878 4.96376821 5.63931214 5.90442161
 3.94652641 2.85246431 6.0327152  3.67427221 4.0609162  2.86522429
 0.04482511 4.60733903 2.59343763 4.3267636  2.66625255 5.70054089
 2.58737639 0.51897297 4.21321556 2.22026202] 8.239585461737887e-06 True
basinhopping step 69: f 1.80479e-06 trial_f 1.80479e-06 accepted 1  lowest_f 3.7812e-07
[4.50980694 1.34095688 4.06205403 4.67453974 5.79194787 1.72806013
 4.46012922 0.05359936 5.37209405 1.91481667 6.1780162  3.97926956
 2.47041648 3.16100874 5.64944676 5.23878526 2.56196838 1.66333201
 2.43412172 5.37021466 0.03609585 5.65916736 5.93463279 6.28869145
 3.91813792 3.33075445 5.8555748  3.40286967 4.6118733  2.56249234
 0.20476411 4.75632474 2.20711594 4.99100685 2.57971517 6.33137324
 2.03315651 0.72415499 4.4262447  1.65079436] 1.8047852215845124e-06 True
basinhopping step 70: f 1.49526e-06 trial_f 1.49526e-06 accepted 1  lowest_f 3.7812e-07
[ 4.90363099  0.56435313  3.28655788  5.26706354  6.00539113  1.938971
  4.00598341 -0.0255973   5.00887896  1.86441465  5.78358907  4.35143872
  2.5891096   3.30425415  5.7331952   5.86940436  2.67624462  1.63792757
  2.58263897  5.64438994  0.29828628  5.87216     5.82444778  6.34880846
  3.76963137  3.23658386  5.88940345  3.69953652  4.63467955  3.01134516
  0.40531705  4.54104827  2.43913623  4.88416703  2.18953411  6.54504894
  1.73226567  0.34156517  3.8998384   1.25454373] 1.4952631208649417e-06 True
basinhopping step 71: f 1.22281e-06 trial_f 1.22281e-06 accepted 1  lowest_f 3.7812e-07
[5.27421694 1.01306557 3.1936996  4.68155219 5.9763545  2.14580006
 4.49213567 0.01615527 5.22278326 1.58752117 5.72379876 3.9480702
 2.25328089 2.98366741 5.2557998  5.88527163 2.40498128 1.61036679
 2.04384782 5.40018916 0.42908646 5.84818101 5.64222008 5.98300716
 3.43499671 3.12878758 5.60031816 4.00197039 4.39769969 3.08509967
 0.34127286 4.40089044 2.38940776 5.06131859 2.28139345 6.35173623
 2.34263793 0.47933791 3.93544526 1.05681156] 1.2228119922787692e-06 True
basinhopping step 72: f 5.6485e-06 trial_f 5.6485e-06 accepted 1  lowest_f 3.7812e-07
[4.77075671 0.87284296 3.52437434 4.40047532 5.32583098 2.25469068
 4.95706274 0.32551765 5.59453866 1.25619649 5.35746562 4.46103188
 2.57354952 2.953812   5.05902694 6.36168912 2.54001531 1.83552002
 2.36133043 5.42464507 0.66122381 5.26145997 6.52900931 5.93407032
 3.80634855 3.34708714 5.33945034 3.30476079 4.42432098 2.62197741
 0.04118362 5.04082447 2.21404986 4.86055223 2.02506599 5.71204901
 2.41693508 0.32470543 3.92824585 0.54800669] 5.648495770798065e-06 True
basinhopping step 73: f 2.407e-06 trial_f 2.407e-06 accepted 1  lowest_f 3.7812e-07
[ 4.81049205  0.89405088  3.09970049  4.61467616  4.92387341  2.21096494
  5.49220137  0.2428852   5.35690377  0.63440364  5.58837584  4.00988363
  2.47875943  3.35020265  4.29577595  6.42792562  2.47840772  1.8214095
  2.74924252  5.04419329  1.11475626  5.43006606  6.18575264  5.57384971
  4.53411349  2.66511758  5.86344253  2.82314684  4.67562034  2.73760115
 -0.05632014  4.97921782  1.60050534  4.49030937  1.76521169  4.86420597
  1.3254851   0.54425271  5.22499543  0.77484862] 2.406996831581123e-06 True
basinhopping step 74: f 3.44717e-06 trial_f 3.44717e-06 accepted 1  lowest_f 3.7812e-07
[4.56386864 0.6660805  2.73935897 4.13227053 5.02038153 2.04181922
 5.41172436 0.21620625 5.57952947 1.18447854 5.30753049 3.98545594
 1.96910619 3.6334619  4.39431733 6.11132695 2.49201058 2.01478909
 3.10735007 5.10379158 0.81901202 5.67946755 6.09271593 5.69189488
 4.93413163 2.6484168  5.51072189 3.13661263 4.68505167 2.26480637
 0.48097467 4.97361551 1.77856275 4.46799884 1.53396276 4.43405992
 1.57929036 0.74480076 5.57027733 0.56020533] 3.447171301652581e-06 True
basinhopping step 75: f 2.21528e-06 trial_f 2.21528e-06 accepted 1  lowest_f 3.7812e-07
[5.15944705 0.47572988 2.50856818 4.33623118 5.20481053 2.03842226
 5.5000301  0.25981033 6.0976106  1.64586617 5.62748065 4.41061012
 2.09311667 3.92308999 4.19867899 6.21430961 2.8905254  2.00428445
 3.45385828 5.43428014 1.03505554 5.77854286 5.42453608 4.91739136
 4.7382049  2.55310882 5.0109213  3.58766353 5.16269918 2.35451035
 0.88455081 4.93693156 1.72929673 4.21234847 1.29189128 3.81815306
 2.05938381 1.00551171 6.05893404 0.19208963] 2.2152767707750576e-06 True
basinhopping step 76: f 3.12123e-06 trial_f 3.12123e-06 accepted 1  lowest_f 3.7812e-07
[4.7775556  0.93466233 2.6772233  4.41248402 4.90830967 1.77985883
 5.24543246 0.0338126  5.61365754 1.62853647 4.84851174 5.30026634
 2.52697578 3.26844451 4.16396017 6.33145419 3.2280533  2.3166249
 3.61748507 5.35936989 0.71995612 5.82921456 6.05111488 4.43565256
 5.1548052  3.01575829 5.491066   3.85764649 5.01338773 3.00223459
 0.12854496 5.05413672 2.35901514 4.25041356 1.85485346 2.52129935
 2.51786371 0.71984449 5.65605614 0.8616893 ] 3.121226658155079e-06 True
basinhopping step 77: f 2.88304e-06 trial_f 2.88304e-06 accepted 1  lowest_f 3.7812e-07
[4.60107995 1.00640335 2.40562964 4.58685542 5.56952683 2.10093239
 5.4305247  0.17082664 6.24249541 2.05176139 4.87768892 4.86764652
 2.99624764 3.66064454 4.03779114 5.97279761 2.84842571 2.30960146
 3.11640715 5.63216409 0.33902115 6.12582026 5.96879646 4.74609504
 4.89909956 3.22642689 5.86236912 3.84802098 4.84218036 2.71981372
 0.56866741 5.18240911 2.36914787 4.31719945 1.42342108 2.87646743
 2.94097921 0.29375422 6.08631486 0.80135129] 2.883038893440595e-06 True
basinhopping step 78: f 1.70716e-06 trial_f 1.70716e-06 accepted 1  lowest_f 3.7812e-07
[5.45515859 0.61391377 2.36506535 4.7343211  5.59790952 1.88272581
 5.37163877 0.21681659 6.70211578 2.46158114 5.54689778 4.5669241
 2.61547931 3.86182281 3.1721924  6.02731078 2.65219111 1.86403978
 2.52772339 5.49634718 0.67275466 6.113548   5.94463822 4.6864731
 5.22692982 3.27016895 5.99710131 4.40326128 5.29113227 2.93701103
 0.20801181 4.49924667 3.07683613 4.16845193 1.40302084 3.38320647
 3.3464099  0.53814597 5.56165883 0.95652535] 1.7071642798247347e-06 True
basinhopping step 79: f 2.28726e-06 trial_f 2.28726e-06 accepted 1  lowest_f 3.7812e-07
[5.56576114 1.5232419  2.10017111 4.60232455 5.39640932 1.47268575
 5.79658043 0.26892858 6.26447294 2.60026167 5.86346495 4.34660762
 2.94009985 4.01640678 3.11506776 6.50533997 2.76797195 2.71153135
 3.00262    5.5126634  0.48563356 5.8425318  5.49528497 4.70524321
 4.90905767 3.32806012 5.93670007 4.44022184 4.99773709 3.0891762
 0.45735972 4.49953951 3.21005331 3.49438666 0.96677916 3.10914564
 3.05583587 0.9825361  5.44452399 0.80187377] 2.2872563889685338e-06 True
basinhopping step 80: f 2.47777e-06 trial_f 2.47777e-06 accepted 1  lowest_f 3.7812e-07
[5.15909661 1.80030643 2.24474657 4.37664579 4.6621761  2.1039991
 5.86478046 0.30729518 6.05813509 2.44975655 6.05762261 4.63353095
 2.68488019 4.09211174 2.61234552 6.30028128 3.07695913 3.07072967
 2.80879025 5.60629924 0.427864   6.17485321 5.12868657 4.93244577
 5.04876931 3.56641098 5.56147382 4.5842582  5.0965938  3.39893871
 0.03534831 4.53551235 2.72323769 2.79879493 1.27775672 3.07595869
 3.50175766 1.15165137 4.99874593 0.83136262] 2.4777686871688406e-06 True
basinhopping step 81: f 4.92083e-06 trial_f 4.92083e-06 accepted 1  lowest_f 3.7812e-07
[ 4.53892175  1.40884361  1.91495572  4.59530212  4.94177171  1.52817559
  6.07536785 -0.06796178  5.63411365  2.46038318  5.78814166  4.80175344
  3.11264585  4.49058391  2.68471176  5.85437046  3.4137557   2.65891667
  2.55917138  5.09729376  0.89014085  6.11711482  4.67427395  4.78067472
  5.36892198  3.12502773  5.82054993  4.45544894  4.65262182  3.28139335
  0.25428969  4.45761942  2.56843003  2.25556066  1.83326678  3.46547098
  3.11751103  1.07220576  5.25342551  0.93237669] 4.920827595982524e-06 True
basinhopping step 82: f 2.74908e-06 trial_f 2.74908e-06 accepted 1  lowest_f 3.7812e-07
[4.16616206 2.05335988 2.2829585  4.19826331 4.52625443 1.43143958
 5.65689746 0.34816385 5.76056627 2.42638122 6.02288194 5.05131463
 3.53357925 4.87775874 2.60803324 5.10562795 2.91067292 2.16591089
 2.08438996 5.12717569 0.62758308 6.13287725 4.7970784  4.63755896
 5.26675656 3.46782232 5.95360781 4.865498   5.04006678 3.31076914
 0.44115617 4.80797699 2.91502069 1.66063182 1.61048623 4.02250605
 3.72108654 0.76969559 4.84609137 1.30818765] 2.749080681631357e-06 True
basinhopping step 83: f 2.11612e-06 trial_f 2.11612e-06 accepted 1  lowest_f 3.7812e-07
[5.04614934 1.70160315 2.48547198 4.26554774 4.36799619 1.35850475
 5.84167561 0.01376037 5.08521018 2.3560924  6.00362783 5.03941315
 3.26598193 5.09303956 2.07399963 4.89941144 3.29284498 2.2108936
 2.39429806 5.18092981 0.78715917 6.18273583 4.8796868  4.29925914
 5.61750542 3.87772514 5.76306526 5.31447347 4.42842063 3.21825931
 0.53891232 4.71562364 3.63289118 1.31115693 1.24790327 4.64739107
 3.58433105 1.21512601 5.18771775 0.81250255] 2.1161157201075984e-06 True
basinhopping step 84: f 1.40849e-06 trial_f 1.40849e-06 accepted 1  lowest_f 3.7812e-07
[4.57264531 1.02990086 3.13861058 4.2092187  4.28818845 1.08348778
 5.30488675 0.32706492 4.81455577 2.11616068 5.41119456 4.66515242
 3.07069605 4.63281274 1.24036037 5.38450261 3.34511035 2.01988515
 2.83521304 5.14890574 0.40018668 5.89211058 4.65436351 5.09918722
 5.2820721  3.29135127 5.18029584 5.33049888 4.24726604 2.62490887
 0.06887418 3.84226122 2.86323832 2.04966524 2.06449744 4.55456833
 4.10752477 1.65821652 5.19015932 0.28432886] 1.4084872513414775e-06 True
basinhopping step 85: f 4.28998e-06 trial_f 4.28998e-06 accepted 1  lowest_f 3.7812e-07
[4.77047206 1.01052411 3.62763799 4.03436158 3.99849605 0.83448331
 5.38529316 0.8613997  4.80750477 1.14112284 5.18269519 4.52700798
 2.62208127 5.02629873 0.57765645 5.373718   3.27604593 2.28832179
 2.69139919 4.94477801 0.43369275 6.26960707 4.99260062 5.51977345
 5.64222339 3.55383565 5.23083025 5.03120172 3.96552718 2.2883494
 0.57565267 3.54270301 3.15825612 2.14871645 1.53045117 4.40508733
 4.55612782 1.4453241  5.08439904 1.11480955] 4.289975115297037e-06 True
basinhopping step 86: f 4.25465e-06 trial_f 4.25465e-06 accepted 1  lowest_f 3.7812e-07
[4.59492952 1.35204643 3.5004698  4.3829947  3.74290835 1.26262527
 5.66050728 0.87345915 4.66865651 1.70704173 4.95303294 4.61697295
 2.62209987 5.16989016 0.20726133 5.96559935 3.28318061 2.67754389
 2.10865166 4.82410403 0.73701562 6.21607732 4.85827131 6.03637299
 5.23718186 3.16511281 5.33582677 4.51492021 4.50378121 2.05784598
 0.47349409 3.87751212 3.24772536 2.60033497 1.55664769 3.97339183
 4.95519624 1.71929477 5.52904407 1.61352638] 4.254646984714655e-06 True
basinhopping step 87: f 2.41169e-06 trial_f 2.41169e-06 accepted 1  lowest_f 3.7812e-07
[5.13711291 1.0056684  3.63159712 4.33338188 3.91383687 0.92594333
 5.10701427 0.93134203 4.98139044 1.36050047 5.32863943 4.35443377
 2.59936564 5.0352013  0.4132071  5.88245137 3.5930265  2.43937564
 2.45299585 5.06493626 1.29210374 6.06901248 4.58846354 5.80098156
 5.56343976 2.66799705 5.83588867 4.41258338 4.74297864 1.97179041
 0.14296227 3.64085669 3.56033723 2.67125349 1.21755044 4.30661145
 4.63708987 1.84496362 5.317216   1.36835561] 2.411693077636348e-06 True
basinhopping step 88: f 1.13425e-05 trial_f 1.13425e-05 accepted 1  lowest_f 3.7812e-07
[5.01928574 0.84877341 3.31486226 3.78424485 3.46327309 1.53050467
 5.09727998 1.95427084 4.37830556 1.41527568 5.27026814 4.66363771
 2.48275939 5.29560297 0.38513119 5.76551965 3.67426408 2.36940645
 2.34891686 4.78927402 1.15659463 6.00895293 4.35982763 5.16230156
 5.79684719 3.09618285 6.16343682 4.86466709 4.407109   2.02612641
 0.50927172 3.36845415 3.65911607 2.35746616 0.98088074 4.65525256
 4.7580345  2.58175543 5.63552026 1.69691382] 1.1342492442306471e-05 True
basinhopping step 89: f 3.48914e-06 trial_f 3.48914e-06 accepted 1  lowest_f 3.7812e-07
[5.59462413 0.77454659 3.55004766 4.26183695 3.80637551 1.54593459
 5.77037264 1.34718259 4.20178611 1.80112663 5.32999207 4.62470849
 2.96751408 4.82121889 0.12418431 5.77658963 3.66935723 2.31677572
 2.88820852 4.49236276 1.39118462 5.76814712 4.28783582 4.07611105
 5.48111532 3.25718955 5.41959602 4.7744705  4.25530229 2.25319713
 1.0848613  4.00488959 4.26074686 1.86286721 1.75575398 4.94640065
 4.86423945 2.4626175  6.2215777  2.62201463] 3.489143961905626e-06 True
basinhopping step 90: f 2.08703e-06 trial_f 2.08703e-06 accepted 1  lowest_f 3.7812e-07
[5.56949768 0.35910202 3.22854871 4.29544797 3.58040753 1.92970127
 6.5627067  1.21662259 3.91954422 2.03816632 5.26219809 4.90858351
 3.63397697 5.06302025 0.68425943 6.75495992 3.85734817 1.63628489
 2.52239962 4.37478127 0.72331391 5.61353194 3.74945847 4.22511465
 4.99689529 3.58614057 5.57337922 4.30630419 3.95076621 1.63553232
 0.66650126 4.12172193 4.84543003 1.83503442 1.8694285  4.47342423
 5.07132624 2.60545584 6.64002606 2.63614531] 2.087032212670299e-06 True
basinhopping step 91: f 1.50437e-05 trial_f 1.50437e-05 accepted 1  lowest_f 3.7812e-07
[5.5381693  0.85432782 2.99155894 4.44328827 3.47770803 1.62951011
 6.186843   1.61432918 3.38483798 1.7911537  5.75944102 4.76610102
 3.08738638 5.1710034  0.70961099 6.0944232  3.98060898 2.03901531
 2.3736318  4.66861961 0.83100695 5.63618576 4.12703485 3.86722812
 5.25543541 3.94662876 5.34802645 4.91136217 4.08259667 1.70722237
 0.90397715 4.51224331 4.76269088 2.21962717 2.09841599 4.2440151
 5.39352538 2.75294503 6.11358382 2.16893384] 1.5043674081272025e-05 True
basinhopping step 92: f 3.47197e-06 trial_f 3.47197e-06 accepted 1  lowest_f 3.7812e-07
[ 5.59255034 -0.04106669  3.09150907  3.75440979  3.35476502  1.91758616
  6.29804005  0.98961894  3.80528563  1.34150258  6.34583042  5.18253462
  3.51490709  5.8717597   0.89299587  6.2359058   3.98472774  1.57449538
  1.64712972  4.63116425  0.55045757  6.27955209  4.30142367  3.80145225
  5.34181011  4.16666199  5.48380888  4.96200273  3.77439366  2.05710153
  0.65273367  4.02122954  4.6247014   2.92445153  1.93265921  4.12446481
  5.75307421  3.6643062   6.89989145  3.20864706] 3.4719678054405367e-06 True
basinhopping step 93: f 3.45806e-06 trial_f 3.45806e-06 accepted 1  lowest_f 3.7812e-07
[6.3838508  0.30639239 2.98344588 4.0416961  2.89891929 1.62892715
 6.0046133  0.52871528 3.75443736 1.62766276 6.61155404 5.04345305
 3.5583072  5.9743034  0.37402205 6.09374376 3.81570713 1.22829023
 1.80873091 5.15877906 1.01351312 5.43774383 4.7633704  3.46897233
 4.8965632  4.25402261 5.18106138 4.77009025 3.95854558 1.95485117
 0.84928466 3.85021342 4.28925579 3.78106962 1.20786932 3.65539571
 5.52859666 3.58147705 5.9162083  3.32698902] 3.458060371851705e-06 True
basinhopping step 94: f 1.71616e-05 trial_f 1.71616e-05 accepted 1  lowest_f 3.7812e-07
[6.45001778 1.49599577 2.83318255 3.59122071 3.15191071 2.15033245
 6.71381629 0.14006264 4.54955525 1.49135126 6.11876377 5.02276717
 3.7511662  5.3673463  0.77371328 5.71296946 4.06230391 1.58685205
 2.00907844 5.46068842 1.16919655 4.89862343 3.81623537 3.67638301
 4.03671609 4.63006838 5.31251545 4.64877825 3.76097065 1.59488534
 1.37009868 3.58797819 4.59016316 3.43915734 1.41131732 3.66693827
 5.82486951 3.74196949 5.81816893 3.50548511] 1.7161568625471298e-05 True
basinhopping step 95: f 4.56567e-06 trial_f 4.56567e-06 accepted 1  lowest_f 3.7812e-07
[6.39147832 1.13504775 3.1631054  3.33091818 2.48291729 3.119141
 7.02654474 0.85765308 4.16664498 1.52359246 5.65055476 5.27490551
 4.12096655 5.16891073 1.01625497 5.91242471 4.05541158 1.35900656
 1.98134207 4.58628355 0.7569127  4.29803571 4.86073334 4.16597021
 4.36674318 4.40982078 4.95731089 4.98352156 3.39224815 1.89418832
 1.67915627 3.35535273 4.01825648 2.82687243 0.76832432 3.30455024
 6.05945683 3.46128769 5.82547265 3.55604965] 4.565665403919243e-06 True
basinhopping step 96: f 1.95172e-06 trial_f 1.95172e-06 accepted 1  lowest_f 3.7812e-07
[6.26089569 1.31787752 3.26566822 2.50679385 2.40748033 3.36011166
 6.62157151 0.66008651 4.35352036 1.85612147 5.75909883 4.93490994
 4.12868665 4.58117479 0.77072078 6.33123945 4.00066588 1.23177772
 2.16507917 4.29976002 0.73441675 4.47626397 4.56870322 4.28016137
 3.72558827 4.10583859 4.78021462 4.78017417 3.41748181 2.49780553
 1.43127869 3.52358755 3.84111719 2.6964912  0.81574718 2.72093221
 5.7787336  3.27906738 6.20185586 3.35441842] 1.9517212239074165e-06 True
basinhopping step 97: f 1.13764e-06 trial_f 1.13764e-06 accepted 1  lowest_f 3.7812e-07
[6.81676249 1.14440884 3.87579421 2.2000264  2.5513105  2.74610606
 6.05568668 1.21483854 4.37896318 1.53745067 5.81950398 4.85048851
 4.27016055 4.38708388 1.05925193 6.33377175 4.42109793 0.9618504
 2.74453559 4.06502036 0.17443608 4.27637922 4.87241884 4.50399695
 3.84928568 3.58657274 4.37304713 4.77114349 3.31692634 2.00696332
 1.09923875 3.42391332 3.66066372 2.8090766  1.16297833 2.57254401
 5.62886125 3.44574198 5.74082808 3.48747227] 1.1376420484539817e-06 True
basinhopping step 98: f 4.16442e-06 trial_f 4.16442e-06 accepted 1  lowest_f 3.7812e-07
[6.12880342 1.33977766 3.63802038 2.20420594 2.09465794 3.43089718
 6.29281837 1.16832149 3.83297383 1.13806227 6.16895804 4.50606829
 4.50121858 4.31439063 1.33418053 6.27850028 4.52175441 1.16001901
 3.16165485 3.88246521 0.11590932 4.63654514 5.28287137 4.46542458
 3.80751275 3.2754644  3.74473915 4.76952626 2.86891933 2.40892917
 0.73914181 3.18021856 3.79833561 2.75703672 1.34648986 2.69880499
 5.52641725 3.45858201 5.5106751  3.89926213] 4.164415548785073e-06 True
basinhopping step 99: f 3.58423e-06 trial_f 3.58423e-06 accepted 1  lowest_f 3.7812e-07
[5.72427037 1.92904492 3.27532693 2.72230451 2.48856144 3.71893215
 5.95883149 1.18518482 3.53077189 1.18671694 6.49009525 4.63309412
 4.85970292 4.95961605 1.66309815 6.11393112 4.93540896 0.92620215
 3.09768697 4.02447639 0.1552179  4.19910014 5.64284039 4.15146288
 3.78249261 3.33988703 3.66187283 5.43729012 3.40611724 1.71200164
 0.43378845 3.03653555 3.44878617 3.14518357 2.12457987 2.42670048
 6.09205744 2.98278532 5.5386067  3.40273704] 3.5842286042752373e-06 True
adaptive stepsize: acceptance rate 0.990000 target 0.500000 new stepsize 0.617284 old stepsize 0.555556
basinhopping step 100: f 2.39127e-06 trial_f 2.39127e-06 accepted 1  lowest_f 3.7812e-07
[5.63518129 2.0707499  3.65312335 3.24290652 3.07292668 4.35420786
 6.28520424 1.44652023 3.90636054 0.86425849 6.1254469  3.85482081
 4.60152351 4.44876377 1.88141637 5.7198171  4.68837916 0.30811842
 3.61009017 4.19816967 0.23743762 3.99543315 5.52688155 4.05444029
 4.01770151 3.39036115 4.25826797 5.03300516 3.11974394 1.38573246
 0.31938525 3.36383619 2.92808202 3.39239771 2.2106791  2.17903772
 6.12068188 3.18353983 4.98587774 3.1889164 ] 2.391265249354899e-06 True
                        fun: 3.781197519759464e-07
 lowest_optimization_result:       fun: 3.781197519759464e-07
 hess_inv: array([[ 5048.90921627,   954.67435082,   403.15837235, ...,
         1604.89094227, -3480.44847699,  2155.28150369],
       [  954.67435082,   235.65081576,    38.58361579, ...,
          366.3916467 ,  -656.88947702,   400.11462176],
       [  403.15837235,    38.58361579,   145.76027236, ...,
          -33.10356828,  -330.6422507 ,   215.71341687],
       ...,
       [ 1604.89094227,   366.3916467 ,   -33.10356828, ...,
          779.15977678, -1082.6557112 ,   633.17118055],
       [-3480.44847699,  -656.88947702,  -330.6422507 , ...,
        -1082.6557112 ,  2557.32382708, -1543.98580746],
       [ 2155.28150369,   400.11462176,   215.71341687, ...,
          633.17118054, -1543.98580746,   958.55222722]])
      jac: array([-3.16777650e-06,  3.81413905e-06,  1.24448942e-06, -1.76192562e-06,
        2.06057819e-06, -4.14656749e-06,  5.02735661e-06, -1.89721443e-06,
        1.86029576e-06, -4.17239568e-06,  4.89924160e-06, -3.62392197e-06,
        3.74330210e-06,  2.40037721e-07, -8.72370965e-07, -1.99932832e-06,
        2.99292941e-06, -2.05716156e-06,  3.74106683e-08, -6.39050537e-07,
       -2.96846476e-07, -2.58803913e-06,  4.28912089e-06, -2.25974586e-06,
        3.90290424e-07, -4.85328865e-07,  6.33738662e-07,  2.10448850e-06,
       -7.05938671e-07,  1.81145731e-06, -1.79315330e-06,  1.07000821e-06,
       -3.50007454e-06,  6.60618518e-06, -2.32826025e-06,  1.65303697e-06,
       -4.72330085e-06,  2.86402462e-06, -4.60124727e-06,  3.17919277e-07])
  message: 'Optimization terminated successfully.'
     nfev: 11070
      nit: 251
     njev: 270
   status: 0
  success: True
        x: array([ 1.48526827,  5.68648854,  2.78825831,  2.91651771,  2.81884487,
        0.78918152,  2.07029213,  1.27541674,  5.14464022,  1.5567863 ,
        5.32316252,  4.37550918,  1.28968715,  1.89523375,  6.30634352,
        5.57707961,  2.65804305,  5.82311374,  6.29053   ,  5.73997893,
        3.5926664 ,  0.49653279,  3.54711758,  6.35698866,  6.05193924,
        4.62530237,  6.00679083,  5.0712867 ,  0.06906525, -0.69931257,
        4.03977268,  1.89175715,  0.74023309,  6.26873037,  6.1411231 ,
        1.79606476,  1.1411559 ,  2.52509121,  2.6446789 , -0.0372008 ])
                    message: ['requested number of basinhopping iterations completed successfully']
      minimization_failures: 0
                       nfev: 649891
                        nit: 100
                       njev: 15851
                          x: array([ 1.48526827,  5.68648854,  2.78825831,  2.91651771,  2.81884487,
        0.78918152,  2.07029213,  1.27541674,  5.14464022,  1.5567863 ,
        5.32316252,  4.37550918,  1.28968715,  1.89523375,  6.30634352,
        5.57707961,  2.65804305,  5.82311374,  6.29053   ,  5.73997893,
        3.5926664 ,  0.49653279,  3.54711758,  6.35698866,  6.05193924,
        4.62530237,  6.00679083,  5.0712867 ,  0.06906525, -0.69931257,
        4.03977268,  1.89175715,  0.74023309,  6.26873037,  6.1411231 ,
        1.79606476,  1.1411559 ,  2.52509121,  2.6446789 , -0.0372008 ])
0.00833409204109802

Process finished with exit code 0
