/home/alex/Desktop/Projects/SimsV3/venv/bin/python /home/alex/Desktop/Projects/SimsV3/Simple_ManyWP_reproducability_test1.py
basinhopping step 0: f 1.90646e-06
[0.61296148 4.98757275 3.88849236 4.99688707 5.67493941 5.54623082
 3.90109701 0.78435715 0.93072199 3.5859166  3.5429202  2.95015402
 6.00736434 4.67334192 1.3135972  4.45569633 0.22553508 6.19490374
 3.12796204 1.02025352 0.24384948 1.46466307 4.88789162 0.21152275
 0.70826805 1.20179494 3.59431725 3.03485993 0.87552041 2.34433957
 4.36406632 6.11518984 0.91217359 5.77508538 5.35202691 3.55685277
 3.30269595 5.77809012 1.97040862 5.86913228] 1.9064570122983926e-06 True
basinhopping step 1: f 4.053e-07 trial_f 4.053e-07 accepted 1  lowest_f 4.053e-07
found new global minimum on step 1 with function value 4.053e-07
[1.17545914 4.554194   4.07113604 4.61945512 5.92630454 5.76742732
 3.85703013 1.01224902 0.84125755 3.26299053 3.96009646 2.93249464
 5.9267418  4.2577931  1.35795942 4.11991579 0.05775351 5.78405977
 2.7483227  0.72560739 0.54790961 1.16589736 4.69253614 0.54295811
 0.81419061 1.35997666 3.68956804 3.04055929 0.96076034 2.51693646
 3.77214371 5.88433733 1.55431756 5.98949997 5.65430022 3.7618517
 3.30900609 5.90646438 1.90639233 5.73831861] 4.053002714818266e-07 True
basinhopping step 2: f 2.04018e-06 trial_f 2.04018e-06 accepted 1  lowest_f 4.053e-07
[1.33960878 4.95789331 4.16254954 4.07665861 6.25687177 5.9731108
 3.76884055 0.97196294 1.28740194 3.66622534 3.40424526 2.44423163
 5.68981348 4.14309768 0.97650732 4.23450604 0.07480431 5.81602509
 2.88599064 0.2469143  0.7902782  1.41902068 4.31991468 0.19121662
 0.75027034 1.26089842 3.74968482 2.91504934 0.83424997 2.84059959
 3.97470886 5.55739806 2.13947571 5.71820201 5.47120987 4.3368414
 3.62136002 5.91705733 1.90699633 6.04724322] 2.0401770056227986e-06 True
basinhopping step 3: f 4.49171e-06 trial_f 4.49171e-06 accepted 1  lowest_f 4.053e-07
[ 1.92053853e+00  5.43552124e+00  4.42115668e+00  4.68194680e+00
  5.05775522e+00  5.27151696e+00  4.58859497e+00  1.48605836e+00
  1.79022439e+00  4.06975122e+00  3.53364037e+00  3.18231031e+00
  5.63999680e+00  4.61599992e+00  1.03994170e+00  4.51568761e+00
 -5.68501455e-03  6.00595453e+00  2.29898865e+00  8.52540161e-02
  3.15325650e-01  9.30676386e-01  4.40340133e+00  3.25012054e-01
  7.65326951e-01  1.45751368e+00  4.25548363e+00  2.40617886e+00
  1.06145601e+00  3.07052577e+00  3.91749687e+00  4.95920060e+00
  1.46291217e+00  5.91979655e+00  5.85709381e+00  4.39616619e+00
  3.98392328e+00  5.46928246e+00  1.53937963e+00  5.89748928e+00] 4.491714664995921e-06 True
basinhopping step 4: f 1.17439e-06 trial_f 1.17439e-06 accepted 1  lowest_f 4.053e-07
[2.12911422 4.96131526 4.23998831 5.05264899 5.06194199 5.44390126
 4.7093156  1.40103268 2.09931309 3.98007978 3.8093723  2.57336318
 5.2719925  5.03278739 0.70729145 4.41547289 0.29641062 6.08750381
 2.41530429 0.39150997 0.77871118 0.54720445 3.89908595 0.42880677
 0.6129096  0.97838035 4.46361714 2.18436988 0.84839058 3.64712038
 4.31594998 4.80924216 2.03244813 5.7624788  5.77496941 4.70563507
 4.01076398 5.14393682 1.56050967 5.96125804] 1.1743916928461028e-06 True
basinhopping step 5: f 4.52662e-07 trial_f 4.52662e-07 accepted 1  lowest_f 4.053e-07
[2.29733567 4.41751107 4.75156433 4.3013864  4.86761568 4.91766688
 4.05606753 0.94195563 1.95944514 4.17471148 3.43393493 3.03322033
 5.29539904 5.17944967 0.52552778 4.59553426 0.23653179 6.42823015
 2.86945193 0.25046738 1.20931064 0.42585702 3.98163392 0.55678926
 0.47350888 0.54413444 4.0133168  2.99070511 0.82253343 3.9371657
 4.60728504 4.31675144 2.58227408 6.44050473 5.49030258 5.0118132
 4.21043299 4.83127937 2.22380272 6.2682663 ] 4.5266249938554027e-07 True
basinhopping step 6: f 3.05477e-06 trial_f 3.05477e-06 accepted 1  lowest_f 4.053e-07
[ 1.91579675  4.66097269  4.76900663  4.42587852  4.33278923  5.15620451
  4.81938761  0.62565493  2.1865835   4.6993081   3.69595434  3.34608084
  4.71791111  6.04843818  0.35765959  4.29176704 -0.13725651  6.18117048
  3.0876604   0.30861849  1.0706889  -0.18056073  3.74857815  1.01862552
  1.07831716  0.45261089  4.60439277  2.73151101  1.13661302  3.96943631
  4.67661981  4.2690555   2.95759978  6.02727155  5.04398702  4.77997497
  4.05253857  5.06048683  1.91104447  5.99362497] 3.0547728893563203e-06 True
basinhopping step 7: f 1.92813e-06 trial_f 1.92813e-06 accepted 1  lowest_f 4.053e-07
[ 1.85418054  4.87174762  5.40661587  4.11243521  4.0433441   5.38118523
  4.96741921  0.17326822  2.52513047  4.85391743  3.76715347  3.76836756
  4.41807536  6.20666257  0.39557189  3.69088803 -0.23974163  5.60449004
  2.89732286  0.73392846  0.94611965  0.5327971   3.88562881  0.95709903
  0.26990154 -0.10389486  3.97614958  3.12924561  1.22890194  4.04638989
  4.96416778  4.07561958  3.50435772  6.07719461  4.45947859  4.65598912
  4.41189741  4.93207074  1.86209425  5.8873896 ] 1.928130662500399e-06 True
basinhopping step 8: f 3.34344e-06 trial_f 3.34344e-06 accepted 1  lowest_f 4.053e-07
[ 1.7385918   5.03081049  5.44498571  4.44928441  4.40874469  5.56763245
  4.61731097  0.06369583  2.30128557  4.41758089  3.95996345  3.56903188
  4.32103146  6.4610742   0.51893556  3.22916689  0.36527867  5.44128488
  3.43193468  1.28823141  1.24839282  0.96222666  3.97231625  1.35926842
 -0.14693566 -0.19333827  3.47515428  3.24109417  1.56598256  3.52156482
  4.96915245  3.87906036  3.86172833  6.27268996  4.24172512  4.80025646
  5.08245717  4.85736677  1.71536569  6.18501857] 3.343443272901945e-06 True
basinhopping step 9: f 2.40106e-06 trial_f 2.40106e-06 accepted 1  lowest_f 4.053e-07
[ 1.39325439  5.19973628  4.96933132  4.75046234  4.671372    5.45413864
  4.29202342  0.31172156  2.35118983  3.89620713  3.69832908  3.79319219
  4.78036     5.8893145   1.02708754  3.39535433  0.06337076  4.93164132
  3.22984471  1.1000241   1.23646755  0.48893037  3.56696354  1.73789725
  0.16993166 -0.12153603  3.07518302  3.48362381  1.68766347  4.27093736
  4.59954119  4.05482601  3.71999435  6.24899955  3.91882733  4.88974629
  5.54058948  4.5471755   1.7261439   6.06412275] 2.4010636472363147e-06 True
basinhopping step 10: f 3.43935e-06 trial_f 3.43935e-06 accepted 1  lowest_f 4.053e-07
[1.77004986 5.50150879 4.72521711 4.46000461 4.17686142 5.0570022
 4.50139926 0.70937287 2.75018427 3.67990241 4.00575629 3.29944418
 5.35763928 6.0913818  0.71916031 2.89099315 0.44847633 4.5663835
 2.92713172 0.82931548 1.56273851 0.39504752 3.85800126 1.86170717
 0.44359141 0.06464123 3.54855079 3.69152604 0.99322672 4.04857563
 4.93343956 4.19609166 3.8670595  6.10055266 4.01213451 5.19058625
 5.43838709 4.86295731 1.87288707 5.90355663] 3.4393520002698024e-06 True
basinhopping step 11: f 3.14398e-06 trial_f 3.14398e-06 accepted 1  lowest_f 4.053e-07
[ 1.47493765  5.3777503   4.64765672  4.30701412  4.66417568  5.34380329
  4.26447744  0.27658278  3.23025285  3.37259897  4.38712195  3.48443846
  5.64940034  6.36984184  0.42082386  2.49799918  0.41473277  4.56699909
  2.77774959  1.17614404  1.01616951  0.26766031  3.61995668  1.91707063
  0.84608305 -0.04842006  3.73224379  4.19141343  0.91495474  3.97086455
  4.99525356  4.17417294  4.06975916  5.55216962  3.84574848  5.30911261
  5.33660784  4.47636997  2.07630582  5.96306179] 3.143984511239554e-06 True
basinhopping step 12: f 2.36259e-06 trial_f 2.36259e-06 accepted 1  lowest_f 4.053e-07
[ 1.16793338  4.90506997  5.09432203  4.7102863   4.52531728  5.38318279
  4.42392589  0.43098448  3.24802202  3.21698748  3.95187688  3.2685218
  5.8183554   6.01077399 -0.06138756  3.00096125  0.31156657  4.29748211
  2.15751138  1.20298352  0.85499927  0.26554684  3.90273717  2.04313113
  1.1071722   0.55566781  4.1281055   4.32177376  1.16388669  3.67351363
  5.48458161  4.16295865  3.83205647  5.17336662  4.01981279  5.62757961
  5.78872534  4.06554774  1.84471042  5.04208566] 2.3625947385111795e-06 True
basinhopping step 13: f 1.64474e-06 trial_f 1.64474e-06 accepted 1  lowest_f 4.053e-07
[1.34803755 4.85517866 4.71265391 4.63483858 4.43654676 4.78075792
 4.67997459 0.16431713 3.40550036 3.1809648  3.54536406 3.46484355
 5.6586643  5.57185952 0.45272293 2.82912568 0.58667809 4.13826997
 2.27095678 1.64898891 0.97117908 0.82303196 3.71372086 2.24813246
 0.77435766 0.52755619 3.55529136 4.37456481 0.84529647 3.42387476
 5.72106099 3.90817944 3.66210429 5.38350498 4.20253437 5.60001365
 5.77391404 3.45105    2.02985668 4.60844187] 1.644738469086664e-06 True
basinhopping step 14: f 2.78544e-06 trial_f 2.78544e-06 accepted 1  lowest_f 4.053e-07
[1.5272342  4.65892655 4.33306875 4.66771081 4.46715846 5.34442933
 4.60161544 0.35919371 3.59536146 3.07312395 3.65542772 3.32567993
 6.05796086 5.26759611 0.43133118 2.42864599 0.95566143 4.35555848
 2.53005501 1.1630574  0.47960902 0.70576328 3.86374947 2.34686298
 0.88421253 0.27953965 3.0177901  4.28573934 1.25765881 3.77780257
 5.43834161 3.93078182 3.70608724 5.16499736 3.92502938 5.81266765
 5.69130131 3.90575406 2.10542511 5.21397374] 2.7854355434916293e-06 True
basinhopping step 15: f 6.14931e-06 trial_f 6.14931e-06 accepted 1  lowest_f 4.053e-07
[1.3244918  4.64270674 3.94653932 5.0978897  4.56272603 5.11508894
 4.4157408  0.37765272 4.0995624  3.37855201 3.70387772 3.0764122
 5.70582056 5.77824881 0.11501802 2.59430418 0.54374558 3.89529486
 2.49467729 1.37295153 0.76126496 0.62696856 4.27825655 2.78368803
 0.94099709 0.73515882 2.55344289 4.71486932 0.98778719 3.85368984
 5.66640779 3.49470089 4.00336489 4.74814475 4.0310915  5.83125035
 6.05983585 3.678144   2.03516177 5.30764421] 6.149313383175493e-06 True
basinhopping step 16: f 3.61689e-06 trial_f 3.61689e-06 accepted 1  lowest_f 4.053e-07
[ 1.39945924  4.38219491  3.57589743  4.85223787  4.97767945  4.99006001
  4.0248157   0.53396898  3.57630195  3.70984712  4.07309062  2.68175696
  5.84353978  5.6088799  -0.0243277   2.49541669  0.28751519  4.35032973
  2.32487769  1.007094    0.98542833  0.1941079   4.6655343   2.90253186
  0.74882929  0.87407057  2.79425874  4.78029076  0.60144188  3.90104233
  6.11247974  3.68292611  3.62544741  4.43164542  3.72685609  5.52079715
  5.94740626  3.28666892  1.64987167  5.19504614] 3.616892603698773e-06 True
basinhopping step 17: f 8.06136e-06 trial_f 8.06136e-06 accepted 1  lowest_f 4.053e-07
[1.62672197 4.45519996 3.90370759 4.43888854 5.36538011 4.93763152
 4.57589406 0.16221041 3.46453207 3.57415961 4.37298453 3.0235464
 6.12500961 5.86618832 0.3181364  2.41611276 0.86052676 4.58722836
 2.56857605 0.75982904 1.26812136 0.28566847 4.75795437 3.27357309
 0.78785273 0.64575814 2.37886289 4.28844657 0.20072976 3.81204455
 5.93368277 3.98835787 3.19259321 4.19789742 4.08190502 5.90997731
 5.61326416 3.25792177 1.77706871 5.30494467] 8.0613647892044e-06 True
basinhopping step 18: f 3.21283e-06 trial_f 3.21283e-06 accepted 1  lowest_f 4.053e-07
[1.71341984 3.77622247 4.29915929 4.13261456 5.22622346 4.86558876
 4.30234687 0.06469766 3.51049731 3.64852947 4.69795092 3.27247277
 6.02456568 5.88192786 0.37679869 1.96958511 0.67564904 4.11397554
 2.59043359 0.64630042 1.76493623 0.23044964 5.14201375 3.00664967
 0.67724312 0.61305307 2.119592   4.33095216 0.58519901 4.27682802
 5.18030837 4.24871234 3.29288178 3.89708524 4.00119306 5.90991267
 6.23818575 3.21545414 2.14824075 5.89854555] 3.2128298296324135e-06 True
basinhopping step 19: f 3.39284e-06 trial_f 3.39284e-06 accepted 1  lowest_f 4.053e-07
[1.8083046  4.19870379 4.34486975 4.54307145 5.23429867 4.77951897
 4.1351765  0.23350779 3.9452033  3.87388404 4.36275187 2.8045907
 5.62657911 6.12706436 0.45562637 1.67763198 0.50011619 3.64142671
 2.50102093 1.06569774 1.37587556 0.22740141 4.97380284 3.26008873
 0.48260417 0.85988914 2.11474511 3.76065235 0.22891455 4.5760112
 4.93644743 4.42028455 3.40738273 4.15778726 3.59195584 5.95427002
 5.93682342 2.85846911 1.65510777 5.41784401] 3.392842810566361e-06 True
basinhopping step 20: f 2.46979e-06 trial_f 2.46979e-06 accepted 1  lowest_f 4.053e-07
[1.44040742 3.60621439 4.18101435 4.44915854 4.97379212 4.76559248
 4.56043552 0.39009033 4.01837075 3.34569993 5.05392191 3.0822732
 5.24534669 6.05197507 0.25279484 1.23436693 0.04466812 3.70941742
 2.53082314 1.02925443 1.114166   0.49618164 4.48211144 3.08102532
 0.22353795 1.02097996 1.86606363 3.36996913 0.2744644  4.07126533
 4.96550807 4.9624944  3.468828   4.522734   3.59595029 6.34569874
 6.32161164 2.60276011 2.07443211 5.93070166] 2.4697922949583947e-06 True
basinhopping step 21: f 7.83682e-07 trial_f 7.83682e-07 accepted 1  lowest_f 4.053e-07
[1.62309434 4.29867398 4.48409054 5.17982802 4.92874995 4.46149685
 4.55748264 0.30429008 3.90254639 3.28616594 5.20710391 3.27333743
 5.00787049 6.16139137 0.30248493 1.1697852  0.39659988 3.93041409
 2.53971606 1.15173672 0.54287597 0.13711531 3.89841803 3.38556946
 0.17903357 1.2658323  1.3824373  3.63380467 0.51010408 4.00854594
 4.69071124 5.04405038 3.17389682 4.28766308 3.81346585 5.89985715
 6.01987154 2.252118   1.95789607 5.57813404] 7.836821913830143e-07 True
basinhopping step 22: f 3.45532e-06 trial_f 3.45532e-06 accepted 1  lowest_f 4.053e-07
[1.64687945 4.50958216 4.21095562 5.11397856 4.79764972 4.89388513
 4.62460942 0.71940013 3.93246044 3.38540873 5.88310819 3.22427703
 5.59974697 5.41239359 0.4400107  0.80064381 0.93951413 4.37714829
 2.75482676 1.65658385 0.3480381  0.2518878  4.00663502 3.17832435
 0.60585769 1.71979319 1.4931109  4.10670986 0.45215317 4.34478022
 5.11138003 4.66264217 2.75987571 4.46434434 4.34288157 5.94986093
 6.01551808 2.46710498 1.9592385  4.96600416] 3.455319203463915e-06 True
basinhopping step 23: f 1.0817e-06 trial_f 1.0817e-06 accepted 1  lowest_f 4.053e-07
[1.84601938 4.43441627 4.62726508 5.64551802 5.04814897 4.05182927
 4.80836355 0.83034971 4.01104094 3.30763468 5.72317942 3.3420796
 5.29116023 5.61534545 0.58878459 0.65369809 1.02215593 4.6375806
 3.17010413 2.1394424  0.45345113 0.15721784 4.39888073 2.90191667
 0.40938135 1.50530312 1.67596353 4.38915212 0.75872854 4.55148867
 5.45278274 4.99473118 2.54274534 4.85847838 4.25578401 5.47483607
 5.79048716 2.17956947 1.59546434 4.98843995] 1.0816974120896401e-06 True
basinhopping step 24: f 2.79545e-06 trial_f 2.79545e-06 accepted 1  lowest_f 4.053e-07
[1.1191365  4.50183864 4.84496587 5.75945816 5.34193597 3.97208081
 4.75924604 0.83196407 3.83879874 3.05801015 6.00553475 3.27543781
 5.33799279 5.57794286 0.47419588 0.66384712 0.83570294 4.6798785
 3.50352694 2.13147694 0.16742049 0.26365311 4.5648578  2.67139982
 0.54677869 1.66461632 1.35121698 4.16456356 1.41225624 4.84050064
 5.49024829 4.5201026  2.04892818 5.2213972  4.04350562 5.25127086
 6.07055882 1.85930192 1.05238961 4.18195258] 2.7954459337847447e-06 True
basinhopping step 25: f 2.24974e-06 trial_f 2.24974e-06 accepted 1  lowest_f 4.053e-07
[1.34204471 4.60870256 4.54994633 5.48699567 5.11245287 4.20051599
 4.50593223 0.63113317 3.67143472 2.85042091 6.08071944 3.30871619
 5.35658471 5.33278851 0.06214878 0.64883638 0.48331666 4.71965412
 3.92846592 1.65195608 0.53576122 0.11542702 3.85813427 2.87654871
 0.48089909 1.50148891 1.48029649 3.90259309 1.40156489 4.86491458
 5.58764661 4.73507631 2.2365703  5.1023532  4.07069096 4.80940425
 5.60750502 2.01856364 0.61361537 4.11779088] 2.2497390187666323e-06 True
basinhopping step 26: f 2.31413e-06 trial_f 2.31413e-06 accepted 1  lowest_f 4.053e-07
[0.75290873 4.37831853 4.92859774 5.73196668 5.48373434 4.02583712
 4.51089175 1.53379221 3.63064583 2.55773529 6.10935924 3.24866212
 5.95846985 5.60962258 0.43012194 0.51194943 0.23705319 4.74389808
 4.11445329 1.92794024 0.82170649 0.41849394 4.15646408 3.20775045
 0.91235267 1.80839157 1.88681184 3.96992689 1.69899337 4.69828136
 5.92987293 4.78888549 1.86943043 4.80219414 3.67152325 4.8159101
 5.84626316 1.3721219  0.57486032 4.10819604] 2.3141325570724233e-06 True
basinhopping step 27: f 2.793e-06 trial_f 2.793e-06 accepted 1  lowest_f 4.053e-07
[0.45648229 3.9943631  4.62933036 5.56806399 5.38364125 4.05619773
 4.42864845 1.40691028 3.85877891 2.7468461  5.90877945 3.65780207
 5.75374357 5.11319352 0.64516088 0.5278932  0.38852672 4.87872656
 3.97849133 2.10417779 1.29154515 0.19837336 4.62813059 3.66403048
 1.50839394 1.35266228 2.21026019 3.48921112 2.23726585 5.156108
 5.75383546 5.31003369 1.71416883 4.98063814 3.87657605 4.40588733
 5.35357902 1.45389265 0.7285403  5.43346639] 2.7929952466142714e-06 True
basinhopping step 28: f 3.6524e-06 trial_f 3.6524e-06 accepted 1  lowest_f 4.053e-07
[0.2357425  4.05791795 4.07006829 5.19930925 5.42009199 4.47953361
 4.48076099 1.41953531 3.39168487 2.52734346 6.13239548 3.62409044
 6.18691684 4.71225747 0.71981277 0.44143412 0.31140934 4.96851807
 3.79870905 2.09502696 1.68368108 0.63372824 4.27162959 3.72784507
 1.55317184 1.21632243 2.35124283 3.20383727 2.10009917 5.43597787
 5.73493457 5.29987213 1.52268852 5.2648579  3.49898557 4.32939229
 4.74594113 1.59242579 1.03164845 5.06063241] 3.6523955741609466e-06 True
basinhopping step 29: f 1.47349e-06 trial_f 1.47349e-06 accepted 1  lowest_f 4.053e-07
[0.45879008 4.06547037 4.2488068  5.18525872 5.63288503 4.28958624
 4.75964497 1.43904495 3.51888775 2.27873992 6.20171479 3.2493901
 5.99194324 4.80390243 0.22815459 0.09917687 0.62670102 4.79968754
 3.67357084 1.80746422 1.89871184 0.85157876 4.38611957 3.6078066
 1.17006508 1.55961102 1.89660125 2.92785912 1.80130454 5.6980683
 5.76521622 5.48614116 1.07365662 5.11778118 3.58480271 4.64850025
 4.96135034 1.53648774 0.83343916 4.8754666 ] 1.473489056125373e-06 True
basinhopping step 30: f 3.89409e-06 trial_f 3.89409e-06 accepted 1  lowest_f 4.053e-07
[0.77611348 3.50958397 4.47501258 5.03520431 5.24165151 3.96497274
 5.19832839 1.58698648 3.10744764 2.08615814 5.94895104 3.70805124
 5.98676659 4.86004445 0.38907297 0.16213701 0.31615634 4.51561993
 3.2899116  1.37193439 1.95724296 1.09142817 4.69986356 3.74645221
 1.31326796 1.40434278 2.13492568 2.73291453 1.77267903 6.20517578
 5.36956871 5.76129856 1.1444485  5.46480679 3.08225717 4.39564045
 4.84127256 1.68504386 1.03463642 4.75447654] 3.894094867206316e-06 True
basinhopping step 31: f 4.03394e-06 trial_f 4.03394e-06 accepted 1  lowest_f 4.053e-07
[1.20141432 3.27223741 4.33038955 5.14843659 5.04044146 4.08575456
 5.19045592 1.28062546 3.45417946 1.74669103 5.4611962  3.71293341
 5.47204751 4.4403293  0.43611004 0.07981211 0.75538223 4.96336169
 3.21503989 1.64158287 1.59321511 0.76388501 4.08231493 3.71131702
 1.49494172 1.87759171 2.14463256 2.50830621 1.74116484 6.08645453
 5.11203144 5.7171622  0.48876752 5.79729072 3.28608747 4.0591698
 5.33914585 1.90714628 1.09407471 4.85973519] 4.033942645765604e-06 True
basinhopping step 32: f 3.33761e-06 trial_f 3.33761e-06 accepted 1  lowest_f 4.053e-07
[1.39137218 3.08978479 4.17194938 5.42194248 5.13092924 4.39031176
 4.75122102 0.97374098 3.38637326 2.25270788 5.50628058 3.91220983
 5.51273074 3.96352535 0.52891175 0.2468322  1.01987318 4.72739251
 2.91708679 1.41812244 1.11236324 0.66147713 4.69555988 4.05882839
 1.77016163 1.72942098 2.37320038 2.61865402 1.7408867  5.47820669
 4.52890483 5.72168365 1.09870329 6.34080215 3.47315482 3.37944631
 5.4847248  2.27138297 1.17247309 4.71727396] 3.3376074957542356e-06 True
basinhopping step 33: f 4.87963e-06 trial_f 4.87963e-06 accepted 1  lowest_f 4.053e-07
[ 2.02633715  3.34252546  3.92934598  5.39840665  5.46916525  4.28574035
  5.16164937  0.95842933  3.39077125  1.83693344  5.36226206  4.88703933
  5.38025964  4.62131859  0.94980582 -0.0664104   0.42152862  5.11407146
  2.8017238   1.51758616  1.10850344  0.40326308  3.97460291  3.85645497
  1.1829689   1.43948014  2.05661329  3.1311931   1.43633364  5.58332948
  4.11140189  5.55835711  1.33600494  6.17190197  3.87484117  3.80791353
  5.63163539  1.70193107  0.60986686  4.10409858] 4.879631405566908e-06 True
basinhopping step 34: f 2.29519e-06 trial_f 2.29519e-06 accepted 1  lowest_f 4.053e-07
[ 2.90361994  3.59248724  3.71740271  5.01710144  6.1234647   4.03666057
  3.84471284  1.42938574  2.83703157  2.30938052  5.20678656  4.00474279
  5.31842059  5.11295449  0.50326597 -0.51192556  0.36514547  5.83879249
  4.03476146  1.55284502  1.08640211  0.91792411  3.98059167  3.41526326
  1.07481083  0.83568016  1.62505276  3.48835152  1.72422736  5.39789488
  5.13210858  5.13023946  1.21367888  5.61656761  4.05368754  4.44753704
  5.11000103  1.87697629  0.92546342  3.84317402] 2.2951916670442503e-06 True
basinhopping step 35: f 5.49436e-06 trial_f 5.49436e-06 accepted 1  lowest_f 4.053e-07
[ 2.13347418  2.99831505  3.53585229  4.65214575  6.2849273   3.90444074
  3.6666627   1.30965699  3.31941045  1.81589317  5.54200618  4.4893134
  5.44921099  5.39317754  0.52790624 -0.11698927  0.23389009  5.53390865
  3.94943544  1.58718829  0.66288695  0.91412578  3.99270518  2.98944594
  0.98497094  1.53704793  1.64146183  3.80895936  1.52008522  4.8751789
  5.44374396  4.83037915  0.98578108  5.65014587  3.67331286  4.15249431
  4.98964954  1.63639075  0.58666415  3.4046745 ] 5.4943571892046956e-06 True
basinhopping step 36: f 5.98733e-06 trial_f 5.98733e-06 accepted 1  lowest_f 4.053e-07
[1.99819621 2.69863525 4.00048644 4.22406217 5.95783219 4.07784378
 3.41602539 1.55534862 3.67781799 1.39773867 5.71599418 4.93529401
 5.35846607 5.08202867 0.75195177 0.19946306 0.75235992 5.68411611
 3.72226552 1.72758277 0.77001218 1.22904679 3.91170397 2.8937101
 1.01903583 1.46414668 1.70704996 4.22688472 1.29075973 4.9184458
 5.35094046 5.17902977 1.44531072 5.80560692 3.79589151 3.88266856
 5.12591342 2.09573376 0.15060992 2.88640677] 5.987330060083053e-06 True
basinhopping step 37: f 5.27898e-06 trial_f 5.27898e-06 accepted 1  lowest_f 4.053e-07
[1.66269489 2.93915908 3.97496926 3.85994883 6.08161753 3.98475779
 3.56838741 0.93145449 3.67491167 1.55297625 5.21436627 4.85100547
 5.41727466 4.96911982 0.58325855 0.24885054 0.35566558 5.37539632
 3.57863602 2.00891224 0.70563437 1.8827205  4.52687574 2.52446911
 1.33131927 1.4056365  2.15374489 4.35558352 1.7827132  4.65734231
 5.16973328 4.63534074 0.93759005 5.75327928 3.52377879 3.99746628
 4.55695562 2.46354392 0.07596029 3.25519661] 5.278984563407061e-06 True
basinhopping step 38: f 7.11125e-06 trial_f 7.11125e-06 accepted 1  lowest_f 4.053e-07
[ 1.98175387e+00  3.23180628e+00  3.48450264e+00  4.48646267e+00
  5.90591726e+00  4.55087431e+00  3.90375885e+00  9.43706682e-01
  3.34354898e+00  1.31413455e+00  5.33761372e+00  4.81914472e+00
  5.36297834e+00  5.25945810e+00  9.57703832e-01  3.01349406e-01
 -8.38696695e-04  5.33030213e+00  3.08431880e+00  2.09818504e+00
  8.50020735e-01  1.87328835e+00  4.42796930e+00  2.51245298e+00
  1.74819985e+00  1.29655569e+00  2.18125224e+00  4.15934223e+00
  1.20054509e+00  4.42608752e+00  5.35646401e+00  4.59938963e+00
  1.28318814e+00  5.88090330e+00  3.85627047e+00  4.33269907e+00
  4.16381902e+00  2.77813320e+00  2.73492969e-01  3.40170610e+00] 7.111251550942754e-06 True
basinhopping step 39: f 4.74415e-07 trial_f 4.74415e-07 accepted 1  lowest_f 4.053e-07
[ 1.8156869   3.2994454   3.15928834  4.22804394  6.01378435  5.00776378
  3.3540136   0.49491248  3.19145971  0.96547094  4.73152893  4.65998508
  5.63373871  5.39257285  1.13213165  1.04611221  0.6150794   4.91023338
  2.72453011  1.06929476  1.01395937  1.7446677   4.12161564  2.12186419
  1.876669    2.4019017   2.08248269  4.32304213  2.01563538  5.46558119
  5.5473787   5.42312705  1.28019785  5.51143269  4.1971385   4.85985936
  4.73312275  2.4714959  -0.10216685  2.51304919] 4.7441530806887713e-07 True
basinhopping step 40: f 1.11707e-06 trial_f 1.11707e-06 accepted 1  lowest_f 4.053e-07
[2.16982397 3.28685911 3.65960332 4.40231689 6.09708563 5.18497396
 3.3535064  0.83307974 3.43855869 0.54429143 4.97682247 4.91913976
 5.3956496  5.49836639 0.92513612 0.89886245 0.65093661 4.56010019
 2.61516869 1.33621342 1.2392706  1.76733319 3.6544422  1.7868876
 2.0326955  2.28546871 1.67202623 4.59049593 2.20550172 5.23073757
 5.60328276 5.34713231 0.84525191 5.29205711 3.8724678  4.98063618
 4.96517166 3.06139717 0.36209111 1.97705269] 1.1170655129007928e-06 True
basinhopping step 41: f 2.71378e-06 trial_f 2.71378e-06 accepted 1  lowest_f 4.053e-07
[1.97887058 3.59226507 3.67577546 4.75400627 5.57872104 5.12143775
 2.95522574 0.64536972 3.66807344 0.81668773 5.47264514 4.6967433
 5.70962873 5.86090591 0.6668967  0.4487766  1.04666782 4.06278406
 2.33408635 1.67997406 1.60252405 1.49952499 4.02885369 1.48948412
 2.39681616 2.50277141 2.15332893 4.73189505 2.5480564  5.2084659
 5.21777058 5.47822436 0.59453846 5.25074206 3.60774018 5.18111503
 4.95825698 2.91280863 0.75927514 2.34108614] 2.7137754014678195e-06 True
basinhopping step 42: f 3.49832e-06 trial_f 3.49832e-06 accepted 1  lowest_f 4.053e-07
[2.2836443  3.62108324 3.5177403  4.25156426 5.53117753 4.84217395
 2.42035192 1.2213079  3.49918034 1.07591904 5.21351891 4.46052926
 5.29664407 6.25888324 0.66030215 0.62517681 0.64337324 4.2369219
 2.15921352 1.24927574 1.37630552 0.34446706 4.03835654 1.50841455
 2.3059597  2.97128944 2.20004953 5.61456269 2.74805415 5.13164043
 4.40088075 5.23133828 0.64313273 5.31322849 3.65742887 5.05613683
 5.02468081 2.12668075 1.1955421  2.11226774] 3.4983174697282084e-06 True
basinhopping step 43: f 3.32413e-06 trial_f 3.32413e-06 accepted 1  lowest_f 4.053e-07
[ 2.01505331  3.10374179  3.0387109   4.24427799  5.78912826  4.77440253
  2.40787905  1.56770464  3.14614232  1.25482333  5.28968258  5.00490996
  4.38903156  6.297572    1.60831391  1.01114854  0.60771154  3.85492563
  2.04037749  1.13635167  1.62279812  0.28091924  3.74543716  1.34076829
  2.02151746  3.16814862  2.01022842  6.18607627  1.9539575   5.53682782
  5.2414313   5.03249599 -0.10451495  5.23839132  2.98595165  5.46215
  4.97663101  2.60335999  0.57639547  2.65754265] 3.3241304193502786e-06 True
basinhopping step 44: f 5.21413e-06 trial_f 5.21413e-06 accepted 1  lowest_f 4.053e-07
[2.03915889 3.5189725  2.88569673 4.65307261 6.19566098 4.76353889
 2.65297161 2.00036102 3.18188996 1.77526541 5.09983252 4.73244012
 4.80734432 5.72210991 1.29669026 0.44282653 0.77476661 3.82415418
 1.76986634 1.31086275 1.91740369 0.21503576 4.21818715 1.33452156
 2.48381171 3.63414574 2.16619551 6.32846133 2.34462737 5.41841138
 5.52063418 5.16943652 0.15224248 5.68849431 3.23451287 5.50231466
 5.27627806 2.82697361 0.90729463 3.00328549] 5.214134475042463e-06 True
basinhopping step 45: f 3.62697e-06 trial_f 3.62697e-06 accepted 1  lowest_f 4.053e-07
[1.58977064 3.82944069 2.83392991 4.16578256 5.805052   4.30208246
 2.06507322 2.31419809 3.06110149 1.34968271 4.93179646 4.46187479
 5.22496639 5.9329249  1.547922   0.40368079 1.30053046 3.90661045
 1.27342049 1.34927866 1.90729819 0.46549253 3.9257226  1.32880554
 2.11212727 3.46816608 2.02810507 6.07602269 2.37939657 4.92877732
 5.34799266 5.032624   0.16356291 5.45129154 3.15561449 5.19699048
 4.80052821 2.89325012 1.34777398 3.21615421] 3.626973753642442e-06 True
basinhopping step 46: f 1.66761e-06 trial_f 1.66761e-06 accepted 1  lowest_f 4.053e-07
[ 1.7311688   3.54426276  3.18672316  4.27069661  6.26649146  4.4075384
  1.76626757  2.85492771  2.83444018  1.51453019  5.44082235  4.55422217
  5.22095878  5.8471747   1.74729195  0.86431639  1.36946989  3.83715323
  1.509755    1.50601561  2.38177905  1.01530722  3.90914302  1.36928113
  2.0400283   3.34970183  1.91653285  5.23059313  2.42495543  4.51839658
  5.33471203  4.82699842 -0.1753117   5.68007088  3.14527053  4.88874224
  4.95361266  2.9443957   0.82307183  3.11111631] 1.667610093390901e-06 True
basinhopping step 47: f 1.97353e-06 trial_f 1.97353e-06 accepted 1  lowest_f 4.053e-07
[ 1.60855854  3.55323282  2.73985603  4.43272151  6.13362849  4.2187964
  2.20946174  2.91585069  3.0783754   1.79871473  5.77077638  4.13731043
  4.73420667  5.71752409  1.69302274  1.0759373   1.63470028  3.75290282
  1.72600602  1.64550729  2.16303942  1.09707536  4.25643839  0.98929884
  1.86002712  2.88666921  1.95328422  5.65999789  2.28443855  4.74507618
  5.57936606  4.50824746 -0.01420628  5.54925253  2.68610176  5.39857335
  4.91053808  3.23143082  0.5579347   3.53468329] 1.9735280738980365e-06 True
basinhopping step 48: f 3.36595e-06 trial_f 3.36595e-06 accepted 1  lowest_f 4.053e-07
[2.09136187 3.04993969 2.58391996 5.26729009 6.20241171 4.7220815
 2.03610647 3.34714167 3.21785262 2.20705346 5.72079436 4.33054064
 5.18143    5.26485932 1.04032556 0.65707193 0.57839835 3.68431677
 1.85000872 1.841705   1.57587976 1.10621503 4.38367437 0.65374043
 1.440119   2.86497945 2.39875023 5.65456051 1.88698937 4.45304717
 5.01244504 4.81960907 0.4834855  5.2334015  2.78256959 5.35691548
 4.64653246 3.04194806 0.80932822 4.09042463] 3.3659467071488715e-06 True
basinhopping step 49: f 1.80853e-06 trial_f 1.80853e-06 accepted 1  lowest_f 4.053e-07
[1.93109707 3.45373743 2.37067373 4.98023513 6.04750734 4.47524741
 1.78188232 3.12903284 3.29085649 2.57951372 5.28164905 4.49424894
 5.06304867 4.7390704  0.64551483 0.6660457  0.55842783 4.15278776
 1.9876048  1.96374053 1.28524163 1.0133601  4.15852417 0.95517062
 1.39429185 3.25836992 2.50627099 5.92412782 1.89294463 4.7968892
 4.60090185 4.57978316 0.35056051 5.51299714 3.19913713 5.03165313
 4.16249272 3.30187933 0.83721007 4.23774691] 1.8085284376357233e-06 True
adaptive stepsize: acceptance rate 0.980000 target 0.500000 new stepsize 0.555556 old stepsize 0.5
basinhopping step 50: f 4.9204e-06 trial_f 4.9204e-06 accepted 1  lowest_f 4.053e-07
[2.43283924 2.95391696 2.07341778 4.91516741 5.70698398 4.37617736
 1.48726486 2.76230248 3.06653714 2.28045111 5.1799534  4.26478175
 5.54316137 5.13636839 0.8172696  0.45641622 0.01246804 4.45564038
 1.4622259  2.33930842 0.91434691 0.63120398 4.03965394 1.18827489
 1.89659164 2.87956917 1.93199084 6.17992413 1.5254571  4.4499985
 3.97325251 4.916935   0.12445676 5.28719496 3.56607167 5.01741216
 4.26567234 3.08033215 1.66862793 4.88927646] 4.920398316451924e-06 True
basinhopping step 51: f 6.31018e-06 trial_f 6.31018e-06 accepted 1  lowest_f 4.053e-07
[2.78388407 3.18678672 2.65894659 4.95073401 5.4173592  4.86441841
 1.96139016 3.02152327 3.29369481 2.12194108 5.20684467 4.2196149
 5.77260587 4.89376865 0.55622316 0.49797318 0.41764115 4.88519291
 1.85477203 2.31699233 0.47154778 0.84044545 4.21499982 1.42068499
 1.93106114 2.88922245 1.86337602 6.01319856 1.53153367 4.92606193
 4.25047803 4.68205778 0.04610283 5.60247782 3.96954352 5.52978627
 4.12835136 2.64766412 1.64321126 4.40073442] 6.310182247899971e-06 True
basinhopping step 52: f 4.56429e-06 trial_f 4.56429e-06 accepted 1  lowest_f 4.053e-07
[2.76204045 2.38781056 2.97112532 4.92614744 5.69592525 5.26932938
 1.76778903 3.31339435 3.71146795 1.84178785 5.33991826 4.3100373
 5.92670899 4.42095247 1.1142936  0.66737841 0.69341505 5.2440846
 2.08301288 2.68973604 0.67592791 1.24936834 4.13256253 1.78743623
 2.0564849  3.32639568 2.2392964  5.85576373 1.65369175 4.32296304
 3.79260166 5.05592867 0.33253272 5.81288075 4.35801982 5.51513032
 4.45295706 2.50517861 1.21529632 4.55221416] 4.564288705972553e-06 True
basinhopping step 53: f 2.9285e-06 trial_f 2.9285e-06 accepted 1  lowest_f 4.053e-07
[3.17102326 2.14989161 2.9473303  4.82829285 5.97123756 5.32221014
 1.75325413 3.88593542 4.49439541 1.14206122 5.35932842 4.30783083
 5.70823629 4.44814762 1.94593362 0.09019336 0.25259492 5.48441482
 1.7344917  2.55310709 1.08931727 0.85511176 4.25279835 1.92652205
 1.52257513 3.87302856 1.55031572 5.44667007 1.19997244 4.50993982
 3.61886241 5.56856782 0.19751047 6.47395474 4.00855418 5.16757341
 4.93635921 2.11322851 0.81384821 3.76753588] 2.9284958528673255e-06 True
basinhopping step 54: f 6.78557e-06 trial_f 6.78557e-06 accepted 1  lowest_f 4.053e-07
[2.72469492 2.30812761 2.85801251 4.84068192 5.05849044 5.2420904
 1.89339426 3.95172855 4.358736   0.82750634 5.7023648  4.47573997
 5.37104112 3.90079767 1.64249197 0.09135341 0.25828974 4.95544564
 2.07783055 2.90778102 1.63858316 0.49194508 3.80176407 1.81917795
 1.38808242 3.97306056 1.79913031 5.29740269 0.8996269  4.76250936
 2.85378671 5.60096204 0.3431927  5.94218229 4.16821304 4.79452291
 5.49613495 2.40361223 0.9880711  3.82674326] 6.785569817269818e-06 True
basinhopping step 55: f 3.02194e-06 trial_f 3.02194e-06 accepted 1  lowest_f 4.053e-07
[1.95236679 2.65283949 2.71161667 4.85805148 5.8477833  4.8705207
 1.6036927  3.65860002 4.65272726 1.27129189 5.54336415 4.17809955
 5.1805376  4.17436829 1.48694283 0.41791367 0.3068586  4.67537223
 2.41411559 3.4311755  1.94206063 0.12354061 3.8942771  1.47369589
 0.98427599 3.64746087 1.87319121 5.69783994 0.50027964 4.51488437
 2.29793193 5.66786878 0.72936298 5.60975604 4.3423986  4.36204
 5.57506832 2.20106373 1.21002009 3.92451768] 3.0219355621440768e-06 True
basinhopping step 56: f 5.57144e-06 trial_f 5.57144e-06 accepted 1  lowest_f 4.053e-07
[1.84532892 2.529836   2.94814516 4.38706113 5.53085222 5.47523065
 1.58876258 3.69154712 4.63950363 0.97924726 5.56487177 4.41447067
 5.07271005 4.09225623 1.42356494 0.53928414 0.45898585 4.62054045
 2.69070553 3.69314261 1.77100576 0.50955319 3.70231825 1.97452172
 0.48966271 3.3754124  1.77615355 5.50738815 0.94860076 4.54298517
 2.26327706 5.27547581 0.40898645 5.87636977 4.28023197 4.59345008
 5.61715087 1.73043377 0.65286796 3.9880878 ] 5.571436136118138e-06 True
basinhopping step 57: f 3.51809e-06 trial_f 3.51809e-06 accepted 1  lowest_f 4.053e-07
[0.66567789 2.16762531 2.7321811  3.75017186 5.91347073 6.10988968
 2.46488794 3.08680954 4.87483652 1.08736296 5.75062605 5.10292014
 5.25346177 4.54973283 1.80265803 0.04275782 0.29434112 4.83415951
 2.61328438 3.53365407 2.39599616 0.13732932 2.8015409  2.58205991
 0.56860132 2.84376389 1.51571188 5.96103278 0.46170798 4.53414451
 3.0188776  4.84270065 0.13820422 6.23312716 3.97764253 4.31284716
 6.14874555 2.4097479  0.5432668  4.27633664] 3.518087173274968e-06 True
basinhopping step 58: f 2.44206e-06 trial_f 2.44206e-06 accepted 1  lowest_f 4.053e-07
[0.81691789 2.45309401 2.55410821 3.38023775 5.88116869 6.56006971
 2.15259616 3.0044506  5.02928007 1.14531768 5.83340244 4.72906149
 5.03041336 4.88216426 2.11717813 0.13137351 0.17095954 4.74428342
 2.7125323  3.93622426 2.86371999 0.68725082 3.26334174 2.6441479
 0.65731454 3.15711376 1.65314869 5.82668795 0.47857527 4.62793572
 3.53904187 4.07352418 0.40840483 5.92251371 4.40081579 3.75281203
 6.1801227  2.49117617 0.44486786 3.89928095] 2.4420586998010578e-06 True
basinhopping step 59: f 2.52098e-06 trial_f 2.52098e-06 accepted 1  lowest_f 4.053e-07
[ 0.54171478  2.61643042  3.03105122  3.13633925  5.48228177  5.99343547
  2.1328794   2.67653266  5.36492854  0.82991436  6.11667568  4.49658443
  4.69002973  4.53946354  2.384116    0.04452266 -0.0118889   4.99212437
  2.34165463  3.82444817  2.96605794  0.53319951  3.50212724  2.78867628
  0.14099292  3.44167519  1.38834271  5.67613135  0.16072721  4.73725184
  3.75992678  4.58627776  0.69521058  5.77721607  4.52612411  4.16086538
  5.96731127  2.69290888  0.24957408  4.33342927] 2.520983419314585e-06 True
basinhopping step 60: f 2.11271e-06 trial_f 2.11271e-06 accepted 1  lowest_f 4.053e-07
[-0.34643268  3.74262977  4.56375775  3.06574039  5.30224942  5.23422001
  1.44683853  2.39599742  5.29425938  2.09080617  5.43065888  5.09394494
  4.08166689  4.93363946  2.61960684  0.38209935  0.26046794  4.80764495
  3.0646464   3.40878252  3.03421084  0.61940896  3.60338124  2.60178693
  0.48707907  3.26591484  1.7891528   6.09605795  0.10094113  4.85965891
  3.62933131  5.30730148  0.37617565  5.47643589  4.89239104  2.67557384
  5.44547774  3.56314105 -0.08016519  3.68197152] 2.112709348988566e-06 True
basinhopping step 61: f 4.94543e-06 trial_f 4.94543e-06 accepted 1  lowest_f 4.053e-07
[6.64534188e-04 3.86650460e+00 4.81258772e+00 3.36791438e+00
 5.59645238e+00 4.78755192e+00 1.09791951e+00 2.25087331e+00
 5.12565293e+00 2.43720367e+00 5.42617293e+00 5.16190123e+00
 4.23197688e+00 5.58184360e+00 3.07637768e+00 6.54625114e-02
 1.96413194e-01 5.50049865e+00 3.26774140e+00 2.83251441e+00
 3.02568074e+00 9.56602296e-01 4.04518406e+00 3.14080338e+00
 9.99526808e-01 3.27729664e+00 1.99059659e+00 5.77447896e+00
 1.97595869e-01 4.99230339e+00 3.43436048e+00 5.55728774e+00
 2.80632177e-01 5.04343862e+00 5.21979297e+00 2.43437340e+00
 5.28053454e+00 4.14693628e+00 8.36860754e-02 3.81437909e+00] 4.945425315984337e-06 True
basinhopping step 62: f 4.53458e-06 trial_f 4.53458e-06 accepted 1  lowest_f 4.053e-07
[0.79663853 3.34626826 5.29238875 3.76358597 6.02146129 5.00579831
 1.28727435 2.20187842 5.2242326  2.63755169 5.77293476 5.1313959
 4.27703048 5.94457288 2.50397235 0.10094935 0.77467486 5.49316628
 3.65233366 2.83958419 3.1717311  0.58667065 3.74016238 3.1095283
 0.8061396  2.97385309 2.34262091 6.0040557  0.61321522 4.67821541
 3.76000844 5.74918752 0.3139584  5.28323434 4.81843238 2.46380626
 5.29383164 4.59027533 0.22793519 3.68950525] 4.534580016092438e-06 True
basinhopping step 63: f 1.69433e-06 trial_f 1.69433e-06 accepted 1  lowest_f 4.053e-07
[1.11202407 3.36801059 5.601539   3.51399221 5.80063962 4.34673911
 1.26058426 1.90681033 4.6828092  2.44086294 6.14235053 5.27165632
 4.63192255 5.79591798 2.89858344 0.17060713 0.36543383 5.76496869
 3.28899075 2.3919935  2.83901788 0.87676006 4.11030201 3.71144349
 0.45285756 3.21812273 2.31312883 6.47033741 0.93666275 4.32177022
 3.96997008 6.32001549 0.88830785 5.66472026 4.0725491  2.62615999
 5.43851319 3.69557768 0.73451467 3.96755639] 1.6943319599019033e-06 True
basinhopping step 64: f 1.39733e-06 trial_f 1.39733e-06 accepted 1  lowest_f 4.053e-07
[1.12565832 3.21621456 5.13016831 3.56795515 5.45262998 3.958572
 1.1098313  2.12376027 4.75039086 2.51519971 5.99558208 5.40601407
 4.83258547 5.8065398  3.03080076 0.72734584 0.07653388 5.66790445
 3.08409487 2.20410644 2.94169028 0.76473707 3.64502987 3.69943851
 0.99723497 3.44027169 2.5396662  6.11949177 0.33764552 4.13207336
 3.54529215 6.07002357 0.85203041 5.68775115 4.3900881  2.16558738
 5.49217021 3.68547001 0.47064299 3.9556912 ] 1.3973268531526093e-06 True
basinhopping step 65: f 2.38815e-06 trial_f 2.38815e-06 accepted 1  lowest_f 4.053e-07
[0.49148759 2.85879996 4.50235726 3.51243786 5.87929456 3.84410717
 1.39382375 2.02729762 4.36563755 2.61027216 5.76978476 5.17146631
 5.41224204 5.71060906 2.62154508 1.05921324 0.06590716 5.11775777
 2.77304184 1.89240824 3.0679482  0.37675904 3.54211642 4.13463849
 1.00652142 3.63234713 2.77077883 6.11247885 0.28791954 4.34583513
 3.46879334 6.03286178 0.30639197 5.5436806  4.3684989  1.80419738
 5.28317797 3.6145981  0.44744257 3.29493919] 2.3881470868225266e-06 True
basinhopping step 66: f 3.05084e-06 trial_f 3.05084e-06 accepted 1  lowest_f 4.053e-07
[0.19971267 2.62641208 3.97960958 3.11770693 5.59381329 3.74976629
 1.46461361 2.1453143  4.06414103 2.33539812 5.70894357 4.96441472
 5.58836915 5.97298917 2.93681942 1.02007672 0.09074734 5.05083745
 2.63234608 1.67118312 3.22184744 0.42746799 3.77268588 3.96843414
 1.21261049 3.38974461 3.3207978  6.05631991 0.59439844 4.69612966
 3.51525008 5.99815394 0.31561514 5.45909417 4.49363534 1.58235781
 5.11273178 3.62652202 0.36626975 2.96709797] 3.0508353859651703e-06 True
basinhopping step 67: f 2.6737e-06 trial_f 2.6737e-06 accepted 1  lowest_f 4.053e-07
[ 0.60060313  2.62900074  3.83851044  2.85295351  5.34244052  3.44998622
  1.15497148  2.16170379  4.28987987  2.35993885  5.91563274  4.57967994
  5.98657447  5.98947804  3.0397601   1.42962643 -0.06445595  5.59884195
  3.39665308  1.21707398  3.53823134  0.99153793  3.81164468  3.46218413
  1.08807425  3.82930337  3.30806651  5.61533062  0.94860568  4.24917929
  3.16174044  5.64481335  0.71896801  5.39996497  4.53475655  1.78132272
  4.6675763   3.57027052  0.24046266  3.08569145] 2.673695341075134e-06 True
basinhopping step 68: f 3.11525e-06 trial_f 3.11525e-06 accepted 1  lowest_f 4.053e-07
[0.16682402 2.04053394 3.4183146  3.1017743  5.06800257 3.88500375
 1.62082822 2.58780157 3.93028244 2.81065134 5.59193779 4.68670046
 5.56200601 5.79278317 2.80361011 1.42429951 0.41653162 5.42960392
 3.42662023 1.25967354 3.72626445 1.15358723 3.3064317  3.16882068
 0.97907438 3.95340181 3.56280083 6.18576894 0.83040931 4.55513565
 2.95832509 5.76459327 0.94378357 4.85365135 3.919102   1.04557677
 4.35189726 3.87094877 0.81636151 2.71937213] 3.115246507693832e-06 True
basinhopping step 69: f 5.55412e-06 trial_f 5.55412e-06 accepted 1  lowest_f 4.053e-07
[-0.13229132  2.43628005  2.40267947  3.18511197  4.25447452  3.70746027
  1.18890561  2.65282951  3.75575613  3.32904541  5.57223115  4.16464321
  5.27794612  5.73431008  3.28384634  0.97996405  1.14226043  5.06670263
  3.35708866  1.49035019  3.45845242  1.46501052  3.22459554  3.11393002
  1.28464132  4.27439867  3.20730178  5.94914245  1.21409054  4.5613558
  3.42316965  5.95331416  0.53030283  5.03095753  3.58907361  1.14863986
  4.42375464  4.01151392  1.41212092  2.87817806] 5.554120855417676e-06 True
basinhopping step 70: f 3.66753e-06 trial_f 3.66753e-06 accepted 1  lowest_f 4.053e-07
[ 0.54947476  1.96920722  2.71556089  3.48438268  4.46010789  3.79102786
  0.52051733  2.89652542  3.60467992  3.00999875  5.91364058  4.67818188
  5.5974032   6.16277981  3.14899894  0.90296793  0.94109143  5.37094442
  3.73018288  1.48695416  3.39618598  1.83734283  3.29714648  3.87537063
  1.05497758  4.52093867  2.44220462  5.9459187   1.46433521  4.52376561
  4.00158821  5.42312936 -0.07536229  4.85147309  3.84872048  1.59529176
  4.06546554  3.85685128  0.5431126   2.74438005] 3.667527273847985e-06 True
basinhopping step 71: f 1.34786e-06 trial_f 1.34786e-06 accepted 1  lowest_f 4.053e-07
[0.02532547 1.49937549 2.52782452 3.1333869  4.88981478 3.13342301
 0.54279822 3.12753642 3.05798725 2.90497756 5.75872629 4.86754966
 5.61352891 5.84648574 3.13062092 1.2913577  1.49572282 5.61857718
 3.25405963 0.87977562 3.16088467 2.11920125 3.19496562 3.41607171
 0.71786759 4.52872152 2.93964985 6.55857109 1.74993208 4.73067775
 4.18386096 5.1330501  0.2283801  4.88560784 3.29070703 2.20169799
 3.59582661 3.87546487 0.80586724 3.35721373] 1.3478557215085434e-06 True
basinhopping step 72: f 1.33115e-06 trial_f 1.33115e-06 accepted 1  lowest_f 4.053e-07
[0.02813927 1.87299593 2.28880436 3.06252285 5.18981418 2.70658555
 1.00888932 3.51631649 3.17594654 2.5187278  5.8420313  4.89753744
 5.36639925 5.70578475 2.54953887 1.15271508 1.97831623 5.52599734
 3.2524692  0.51735849 3.40918164 2.31109681 3.56390178 3.74484647
 0.97474542 4.85253651 3.40844989 6.18416404 2.00530563 5.41118236
 4.67559457 5.80766744 0.56388392 5.16332794 3.34363287 1.89010484
 3.83960897 3.43474029 0.30407361 3.55126845] 1.3311528514184726e-06 True
basinhopping step 73: f 2.23175e-06 trial_f 2.23175e-06 accepted 1  lowest_f 4.053e-07
[-0.10656861  1.81534482  2.13609417  2.53316618  5.60332877  2.5712819
  0.78899322  3.31681246  2.4185019   1.98902095  5.57665258  5.05045984
  4.41334839  5.28110175  2.37185951  2.02569315  1.83661144  4.6743934
  3.2044388   1.15060342  3.42954215  2.53381901  4.0557809   3.49110028
  1.67026794  4.96350321  2.68098774  6.04807094  1.52386587  5.82056892
  4.27201639  5.45179425  0.48762603  5.33132485  3.68736151  2.27383349
  4.32663996  4.0788125   0.39777868  4.25773664] 2.231753280790533e-06 True
basinhopping step 74: f 2.28041e-06 trial_f 2.28041e-06 accepted 1  lowest_f 4.053e-07
[-0.03159981  2.15181581  1.80562701  2.68787345  5.8477158   2.71476686
  0.73272432  3.41274524  2.47816497  2.1113505   5.8838535   5.17396038
  4.81861779  5.79713397  2.2865735   1.61893821  2.32143373  4.27937474
  3.70540179  0.79156751  3.02639644  2.31329932  4.5805349   3.03504048
  1.25040885  5.44987074  2.51747782  5.63224055  1.52734883  5.74778459
  3.82302909  5.74188587  0.56313301  5.04052029  4.09713612  2.14773164
  4.70086153  3.91465404  0.36675173  4.36414469] 2.280410415914318e-06 True
basinhopping step 75: f 5.33257e-06 trial_f 5.33257e-06 accepted 1  lowest_f 4.053e-07
[1.21026567e-01 2.11961485e+00 1.83260353e+00 2.90756049e+00
 6.02265009e+00 2.66510403e+00 2.44413425e-01 3.76161480e+00
 2.77919791e+00 1.89875019e+00 5.95748666e+00 4.90871267e+00
 5.00671797e+00 5.53840935e+00 2.57931602e+00 2.11001578e+00
 2.55002902e+00 4.93640453e+00 4.32178706e+00 3.98018550e-03
 3.48626333e+00 1.99371457e+00 4.37271839e+00 3.39011127e+00
 9.65914609e-01 5.76079864e+00 2.47899206e+00 5.18039577e+00
 1.17323800e+00 5.62828552e+00 4.17980383e+00 6.10404970e+00
 7.84013398e-01 5.46498582e+00 3.81144857e+00 1.68800847e+00
 5.07364593e+00 3.42964405e+00 7.35857083e-01 4.94256640e+00] 5.332571447759058e-06 True
basinhopping step 76: f 7.43293e-06 trial_f 7.43293e-06 accepted 1  lowest_f 4.053e-07
[0.4720073  2.080006   2.18420619 2.69464225 5.57497712 2.20826974
 0.25477026 3.91670137 3.07149366 1.88854922 5.54242574 4.68272878
 4.87423642 5.32368506 1.84600354 2.18348345 2.40885898 4.52342213
 4.22383214 0.15028074 3.34271162 2.12123565 4.5056877  3.38091028
 0.83126427 6.19579138 2.58069011 5.3844998  0.67640252 5.65724635
 4.46993731 5.98564575 0.72757996 5.08021795 3.41141711 2.08582821
 4.73939178 3.74703937 1.27730705 4.90531864] 7.432933303377215e-06 True
basinhopping step 77: f 3.63967e-06 trial_f 3.63967e-06 accepted 1  lowest_f 4.053e-07
[ 0.58790117  2.09106545  2.46599239  2.64114882  5.01526172  1.23668816
  0.78424078  4.32097255  2.3106668   1.27679691  5.31580105  4.1967071
  4.37639783  5.38571188  1.79303773  2.07664805  3.09756947  5.73135502
  3.49378866  0.3428695   2.30860642  3.06937814  5.16374641  2.74209434
  1.21168649  5.80074682  2.45886288  4.86844184 -0.09662375  5.89733561
  4.55314749  6.11749051  0.59903868  5.47130071  3.40976765  1.9932583
  4.50593659  4.35379538  1.6155806   5.94332097] 3.63966688390011e-06 True
basinhopping step 78: f 2.04631e-06 trial_f 2.04631e-06 accepted 1  lowest_f 4.053e-07
[0.86577386 2.26015421 2.22027321 3.02927227 5.12441974 1.60850655
 1.10350739 4.33567913 2.11743687 1.24294941 4.68185785 3.87456268
 4.3931206  5.41388613 2.09348273 2.19462444 3.13783318 6.112586
 3.41944674 0.2403836  2.32518891 3.40108321 5.49881625 1.80102899
 1.64323437 6.02634386 2.3113826  4.8036786  0.10282928 5.64634346
 4.74167298 5.8641364  0.55808782 5.67456493 3.47557289 2.37784697
 5.19402289 3.89360171 2.16726034 6.07979077] 2.0463097684760474e-06 True
basinhopping step 79: f 2.05905e-06 trial_f 2.05905e-06 accepted 1  lowest_f 4.053e-07
[1.21499018 1.9177502  2.11722974 2.96390278 4.55862703 2.19351639
 1.56222245 4.51014066 2.17250922 1.64901755 4.46356623 3.47441288
 4.86516305 5.5653124  1.81529331 2.7960773  3.38671408 6.04366961
 3.46035616 0.48431549 2.6623754  3.38406863 5.71868526 2.27951513
 1.5651771  6.12911029 2.3834211  5.38421694 0.36720748 5.95939332
 5.18212001 5.60880741 0.57237638 6.07199961 3.4677026  2.89610416
 5.4767628  3.98386994 2.39009475 5.75017548] 2.0590532348446027e-06 True
basinhopping step 80: f 4.08542e-06 trial_f 4.08542e-06 accepted 1  lowest_f 4.053e-07
[1.15835451 1.77859953 1.72735557 3.1094989  4.97673123 1.62923778
 0.57584845 4.26909457 1.77490424 1.27502143 4.85388323 3.18142042
 4.89735859 5.6689065  2.02036551 2.70573021 3.69822485 6.05650083
 3.90441579 0.79848351 2.72691702 3.81269705 5.48214749 2.77123917
 2.23340546 6.61035536 2.76259078 5.80903907 0.77294142 5.55477362
 5.43282919 6.23865943 0.59866317 5.7940416  2.63069188 2.44421338
 5.29022493 4.35058175 2.17306613 5.22410129] 4.085421151147089e-06 True
basinhopping step 81: f 5.3882e-06 trial_f 5.3882e-06 accepted 1  lowest_f 4.053e-07
[1.49385078 1.31975991 1.66217137 2.67489619 4.63682211 1.22104683
 0.24139418 3.85795466 1.86171869 1.3539231  4.6820381  2.7175243
 4.67236332 5.68668458 1.8633186  2.63856974 3.71143152 5.67119243
 3.98076999 1.20335752 2.85574583 3.89099025 4.99155493 3.01939331
 2.65037444 6.46226622 3.10578665 5.32508591 1.12145202 6.02846895
 4.86293728 6.23433622 0.74711491 5.2009494  2.30810467 2.0603327
 4.71491161 4.3973851  2.21133445 5.62030185] 5.38819685723323e-06 True
basinhopping step 82: f 1.25925e-06 trial_f 1.25925e-06 accepted 1  lowest_f 4.053e-07
[1.17761196 1.40562799 1.85279383 2.45352107 4.08258359 1.5027168
 0.25944106 3.45042099 1.48350374 1.22090131 4.57699072 2.29497128
 5.01134197 5.86087248 1.86802151 3.02810345 4.24098253 5.63593285
 4.19492073 1.52540499 3.17227025 3.57056979 4.89252616 2.96558278
 2.68392408 5.91797075 3.11547183 5.29346695 0.6670063  5.38839576
 4.69999458 6.19088411 0.85406841 5.18650076 2.03074141 2.29414365
 4.62435933 5.06574569 2.01065691 6.14417377] 1.2592518740788817e-06 True
basinhopping step 83: f 1.07778e-06 trial_f 1.07778e-06 accepted 1  lowest_f 4.053e-07
[1.01916389 0.72030351 2.19453176 1.69296083 4.43783051 0.98587726
 0.12085716 3.30156088 1.49334734 1.31127396 4.55802227 2.4900286
 4.94919767 5.49672406 1.7077464  3.06291802 3.80933751 5.72495075
 4.1688132  2.27653696 3.57417325 2.82219248 4.85564068 2.49699721
 2.19937254 5.15900015 2.92479623 5.55532442 0.46008133 5.54396368
 4.65687138 5.55115945 1.30965533 4.54145632 2.42593688 2.2527295
 5.4680802  5.66057906 2.72451935 6.08564817] 1.0777754675098322e-06 True
basinhopping step 84: f 8.24055e-07 trial_f 8.24055e-07 accepted 1  lowest_f 4.053e-07
[0.03938791 0.44378356 1.42248777 1.0658618  4.50845576 1.37922878
 0.78700355 2.87506679 1.69849269 1.81580137 4.90411361 3.09115515
 5.54586087 4.95543015 1.8611935  2.743544   4.20819269 5.38643699
 4.43441432 2.56995078 3.67864449 2.90221477 4.67376303 2.55302305
 1.84690043 5.35816306 3.24192769 5.06748956 0.85155218 5.90834223
 4.68393313 5.66817291 1.42497724 4.84471288 2.44916337 2.10030812
 6.12206629 5.93836809 4.27078861 6.02593117] 8.240554386951743e-07 True
basinhopping step 85: f 2.38899e-06 trial_f 2.38899e-06 accepted 1  lowest_f 4.053e-07
[0.26621426 0.53477894 1.81567502 1.07289258 3.90967839 1.8019044
 0.21121904 3.30773233 2.30435362 2.22357699 5.44643165 3.0668642
 5.78224898 5.41708091 2.25005935 2.86415454 3.77226046 5.73679042
 3.94317706 3.13698013 3.45978073 3.22289964 5.15368953 2.72170662
 1.58386945 5.95025925 2.96530464 5.39228794 1.05961158 5.58366151
 4.48283233 5.37153434 1.20958477 4.48447179 2.4468196  1.74984772
 6.12921688 5.20915509 4.18869619 6.10008119] 2.3889851796549725e-06 True
basinhopping step 86: f 2.66152e-06 trial_f 2.66152e-06 accepted 1  lowest_f 4.053e-07
[0.14761992 0.21477237 2.33307151 0.77730686 3.89105086 1.55345384
 0.77766191 3.28950517 2.43495821 1.87559562 5.30048147 3.28829158
 5.76896418 5.47558025 2.64050172 2.44998022 4.04387019 5.61292025
 3.53970589 3.81689891 3.07646964 3.63780042 5.37275738 2.15663868
 1.54646634 5.55548085 3.31215684 5.24714188 0.84485984 5.5296893
 4.6316231  5.1143002  1.09022163 4.7028641  2.77636587 1.56093661
 5.84865697 5.33487628 5.14046658 5.96087187] 2.661524496000989e-06 True
basinhopping step 87: f 1.8647e-06 trial_f 1.8647e-06 accepted 1  lowest_f 4.053e-07
[0.30384365 0.13054999 2.7444869  0.97166116 4.25645584 1.67988485
 1.3775993  3.50977539 2.24142379 1.67418404 4.67188601 3.38833709
 5.5277753  5.66284125 3.17105748 2.57009786 4.49294613 6.15032311
 3.57142191 3.94044073 3.01224097 3.09479838 5.53511767 2.17690426
 1.55457868 5.75431073 3.0646233  5.20137739 0.47695435 5.84013796
 4.81286384 5.37219347 1.46109106 4.74311864 2.16510775 1.73924496
 5.83484234 5.62277795 4.85659149 6.1846768 ] 1.8646974259540649e-06 True
basinhopping step 88: f 2.64637e-06 trial_f 2.64637e-06 accepted 1  lowest_f 4.053e-07
[0.16724193 0.47888612 2.56679186 1.29846171 3.90549334 1.91397241
 0.66606103 3.45083062 2.79973934 1.76999374 3.97338585 3.30869451
 5.81431093 5.39572585 2.64261423 2.73786754 4.84513376 6.00921081
 3.4607506  3.66176796 3.28379805 3.20290637 6.29119038 2.67921087
 1.31874282 5.45530645 3.4878392  5.3005086  0.36237579 5.62423551
 5.08301615 5.26684778 1.20309652 3.95355677 1.95706335 1.42670642
 5.98689278 6.01279117 4.3896512  6.05757887] 2.6463723981466915e-06 True
basinhopping step 89: f 1.848e-06 trial_f 1.848e-06 accepted 1  lowest_f 4.053e-07
[-0.0310833   0.98928133  2.56220345  0.91255305  3.84287597  1.74984186
  0.64033717  2.88221056  3.19967755  1.37959726  3.65061874  2.78591015
  6.12640266  5.20200982  2.38152253  2.39070981  5.15125221  5.53655456
  3.22502897  3.19040999  3.69218509  3.42125154  5.7139709   2.96356373
  1.23003597  5.88783775  3.67272712  5.29169016  0.74775412  5.32164989
  5.38831643  5.81738626  1.51331794  3.57477213  1.78527874  1.68740236
  5.56395626  6.16012313  4.4635285   5.77624852] 1.8480033915420514e-06 True
basinhopping step 90: f 5.96615e-06 trial_f 5.96615e-06 accepted 1  lowest_f 4.053e-07
[-0.03072845  1.56000629  1.96950813  1.62842497  4.04860787  1.92430472
  1.08530542  2.54164367  2.65401485  1.199021    3.09948355  2.12522949
  5.63375004  5.07258911  1.93635066  2.26968551  4.79439853  4.9024132
  2.8346575   3.36790398  3.85296413  2.93646995  5.81866265  3.00195436
  1.81857088  5.21332765  3.5728639   4.91467206  0.59553329  4.80549887
  5.70267089  6.31999701  1.40771943  3.43114635  1.29149612  1.90685316
  5.62730667  6.34428666  3.83389203  6.11786461] 5.966149966154858e-06 True
basinhopping step 91: f 4.42443e-06 trial_f 4.42443e-06 accepted 1  lowest_f 4.053e-07
[0.21405574 0.78231364 1.582168   1.54751822 3.68964957 1.89833863
 0.95123225 2.62536634 2.48742707 0.84776883 2.9239928  1.45158287
 5.09798556 5.43769046 1.3434865  2.19455421 5.5472811  5.11527839
 2.49521506 3.14860863 4.35005164 3.29207791 5.72934014 2.76940695
 1.75311078 5.2005141  3.47521369 5.30232562 0.21057298 5.21300356
 6.07019188 5.90893405 1.48722833 3.52677524 1.95060521 2.57926271
 4.89991124 6.17295672 3.79587898 6.02486299] 4.424434026035275e-06 True
basinhopping step 92: f 3.87197e-06 trial_f 3.87197e-06 accepted 1  lowest_f 4.053e-07
[0.09721476 0.46938341 1.91616448 1.6805587  3.3345123  1.44090207
 0.61042559 2.52744491 2.2057854  0.83428887 3.07937666 1.41442098
 4.63344866 4.82979769 1.47755749 2.39058359 5.94898279 5.00938436
 1.96571711 2.91515911 3.79808161 2.85910031 5.23967888 2.97248892
 1.51957509 5.0030412  3.43891273 5.15155859 0.02444028 4.75142384
 6.01774105 5.98249057 2.03265832 3.69155704 2.21164588 2.10716466
 5.25158961 6.35710688 3.5100058  5.95994618] 3.871966770772637e-06 True
basinhopping step 93: f 5.27532e-06 trial_f 5.27532e-06 accepted 1  lowest_f 4.053e-07
[0.60548148 0.8599998  2.04511024 1.47927119 3.1251488  1.62956855
 1.14635672 3.13833245 2.38481203 0.44387671 2.82065533 1.53640484
 4.40480598 5.01858721 1.54292118 2.02523002 6.32857405 5.3304009
 2.34649106 2.99315582 3.42525598 2.65518344 4.79477866 2.9712512
 2.00717372 4.92764525 4.12259971 5.02513791 0.0549565  4.77806075
 5.96061213 5.32224938 1.76572238 3.07779913 2.78111593 1.64239218
 5.77339519 6.28752138 3.72752074 5.58577483] 5.275315471599455e-06 True
basinhopping step 94: f 9.76924e-07 trial_f 9.76924e-07 accepted 1  lowest_f 4.053e-07
[0.5218606  1.0649192  2.23306711 1.65362979 3.25220579 1.45566205
 1.38966161 3.19902909 2.65570408 0.57336007 3.10122643 1.52353384
 4.49032585 4.91057395 1.67408972 2.09188957 5.84034207 5.59374929
 2.58546559 3.07558594 3.33390392 2.40801671 4.70157683 2.59614528
 1.94911559 4.58675417 4.52114157 5.27615001 0.24330405 4.48274456
 5.61174468 5.78898358 1.5190458  3.24346704 2.3580354  1.82437284
 5.96448905 5.84263083 3.27479139 6.22252547] 9.769238130529711e-07 True
basinhopping step 95: f 4.54837e-06 trial_f 4.54837e-06 accepted 1  lowest_f 4.053e-07
[0.26974278 1.0562228  2.58974121 1.19456878 3.25433315 1.53464327
 1.28311474 2.78420522 2.08018774 0.39683517 2.91012273 1.36184303
 4.58620718 5.23387486 1.40797237 2.02568466 5.65337854 5.06010312
 2.17059515 2.94955163 3.25031289 2.90658246 4.9161384  2.32892916
 2.24521235 4.1706436  4.04347348 5.11845257 0.33379066 4.36509132
 5.67572145 6.07003134 1.02659716 3.24416297 2.02779522 2.33727762
 5.41671245 5.5933821  3.39819195 5.95420483] 4.548368820056078e-06 True
basinhopping step 96: f 1.07428e-06 trial_f 1.07428e-06 accepted 1  lowest_f 4.053e-07
[0.43008443 1.02949826 2.94055978 1.18622763 3.26812357 1.6866836
 1.51215478 2.55891465 2.04054586 0.85781436 3.00279287 1.17170549
 4.47337614 4.70270526 1.05515576 2.06459255 5.65753141 4.74183541
 2.34934114 2.8744129  3.3586155  2.76724858 5.08518321 2.02095571
 1.77883702 4.64814934 4.29086023 5.43651018 0.59338009 4.48294538
 5.39929515 5.70315366 1.18669782 3.62304324 2.27830252 2.30709527
 5.86201718 5.36209338 3.51659619 5.34622362] 1.0742810347788684e-06 True
basinhopping step 97: f 3.87365e-06 trial_f 3.87365e-06 accepted 1  lowest_f 4.053e-07
[0.33665831 1.07945852 2.65416996 1.13653945 3.36941804 1.88634626
 1.10246859 3.15277715 2.09785981 1.15266612 2.62421988 0.85167449
 4.20816926 4.87280373 0.92818096 2.22578782 5.2006702  5.31226022
 1.81016557 3.33223463 3.38327253 3.21602905 5.12369244 1.78727271
 1.99759921 5.16160433 3.96918461 4.87222129 0.54299771 4.90180276
 5.38565218 5.56290403 1.20939687 3.68717613 2.61770254 1.70428933
 5.66018216 5.04527664 3.15258397 5.41389968] 3.873654349691677e-06 True
basinhopping step 98: f 4.35756e-06 trial_f 4.35756e-06 accepted 1  lowest_f 4.053e-07
[1.25573686 1.10499191 3.59552912 0.31988927 3.23706786 2.65028458
 0.83714792 3.43651637 1.32892309 0.64859732 2.64938895 0.70319566
 3.74217139 4.4492958  1.00161207 2.83394723 5.29291682 4.83944443
 1.80847162 3.32725007 3.70593541 3.15138123 5.82270345 1.04996339
 1.28737863 5.42087873 4.08319192 4.49954911 0.52586598 4.44868796
 5.19720601 5.86174522 1.58004278 4.09974114 2.65938417 1.3160834
 6.19592739 4.7544944  3.15972703 5.06320701] 4.357560167399004e-06 True
basinhopping step 99: f 4.24732e-06 trial_f 4.24732e-06 accepted 1  lowest_f 4.053e-07
[ 1.53720943  1.86109343  3.74461777 -0.03954464  2.86505618  2.44640224
  1.29814031  2.98547326  1.62105014  1.30867711  2.03837708  0.24708028
  4.22534194  4.55272726  0.41962069  3.56840406  4.55181628  4.80208857
  1.69963888  3.46730496  4.21611882  3.40122521  5.40249257  1.22035668
  0.70123401  5.6665795   4.09406384  4.7455477   0.60346684  4.38573571
  5.25637313  5.5980834   1.78425726  3.99247692  2.80463574  1.65065989
  5.73099949  4.67004741  2.7677993   5.22229106] 4.247324687317125e-06 True
adaptive stepsize: acceptance rate 0.990000 target 0.500000 new stepsize 0.617284 old stepsize 0.555556
basinhopping step 100: f 2.29205e-06 trial_f 2.29205e-06 accepted 1  lowest_f 4.053e-07
[ 2.13630451  2.3880144   4.40984751  0.26741718  2.89876637  2.79118488
  1.35869049  3.07822796  1.48329769  1.49717657  1.60420743  0.34374823
  4.01939077  5.10675321 -0.3180103   4.67961507  4.25284341  4.74617433
  1.71646713  3.89006473  4.07445847  3.19252648  5.70625832  0.7210323
  0.43792199  6.2246252   3.4758148   4.61849894  1.01377856  4.2809711
  4.96559444  5.33815351  1.06936971  3.77609541  3.34753349  0.93896193
  6.36311664  3.74786457  3.2054085   4.89720635] 2.2920453653249845e-06 True
                        fun: 4.053002714818266e-07
 lowest_optimization_result:       fun: 4.053002714818266e-07
 hess_inv: array([[  826.18505013,   208.08330294,   584.01552916, ...,
         -570.62570182,  -392.15214239, -1030.42095923],
       [  208.08330294,  1186.52395705,   -43.78995672, ...,
          247.93791524, -1061.94575791,  -300.64100505],
       [  584.01552916,   -43.78995672,   605.58051288, ...,
         -570.08644443,  -188.60502021,  -892.84334961],
       ...,
       [ -570.62570182,   247.93791524,  -570.08644443, ...,
          681.51742412,  -153.54143887,   915.2083644 ],
       [ -392.15214239, -1061.94575791,  -188.60502021, ...,
         -153.54143887,  1284.19254614,   442.93773534],
       [-1030.42095923,  -300.64100505,  -892.84334961, ...,
          915.2083644 ,   442.93773534,  1684.82786689]])
      jac: array([ 1.54011666e-08,  2.90494116e-06, -2.86152609e-07, -4.06056500e-06,
        2.47181890e-06,  1.89956609e-06, -4.59625944e-07,  1.59541920e-06,
       -1.78448932e-06,  6.39386524e-06,  1.74894730e-06, -3.36548755e-07,
       -8.36936897e-06,  7.91799124e-06,  9.44557314e-07, -7.63104115e-06,
        7.13979914e-06, -4.29510091e-06,  4.79957689e-06, -6.16156407e-06,
        3.50592866e-06, -8.15333775e-06,  7.47796349e-06, -9.74583869e-06,
        4.04727691e-06, -2.71578453e-06,  3.35386282e-06, -4.56559557e-06,
        4.20449632e-06, -4.14955306e-06,  2.55564579e-06, -4.06978065e-06,
        3.69516516e-06, -3.64816435e-06,  2.27502084e-06, -2.82128343e-06,
        4.59957532e-06, -4.38624074e-07, -1.49023079e-06,  1.67043704e-06])
  message: 'Optimization terminated successfully.'
     nfev: 7626
      nit: 179
     njev: 186
   status: 0
  success: True
        x: array([1.17545914, 4.554194  , 4.07113604, 4.61945512, 5.92630454,
       5.76742732, 3.85703013, 1.01224902, 0.84125755, 3.26299053,
       3.96009646, 2.93249464, 5.9267418 , 4.2577931 , 1.35795942,
       4.11991579, 0.05775351, 5.78405977, 2.7483227 , 0.72560739,
       0.54790961, 1.16589736, 4.69253614, 0.54295811, 0.81419061,
       1.35997666, 3.68956804, 3.04055929, 0.96076034, 2.51693646,
       3.77214371, 5.88433733, 1.55431756, 5.98949997, 5.65430022,
       3.7618517 , 3.30900609, 5.90646438, 1.90639233, 5.73831861])
                    message: ['requested number of basinhopping iterations completed successfully']
      minimization_failures: 0
                       nfev: 627013
                        nit: 100
                       njev: 15293
                          x: array([1.17545914, 4.554194  , 4.07113604, 4.61945512, 5.92630454,
       5.76742732, 3.85703013, 1.01224902, 0.84125755, 3.26299053,
       3.96009646, 2.93249464, 5.9267418 , 4.2577931 , 1.35795942,
       4.11991579, 0.05775351, 5.78405977, 2.7483227 , 0.72560739,
       0.54790961, 1.16589736, 4.69253614, 0.54295811, 0.81419061,
       1.35997666, 3.68956804, 3.04055929, 0.96076034, 2.51693646,
       3.77214371, 5.88433733, 1.55431756, 5.98949997, 5.65430022,
       3.7618517 , 3.30900609, 5.90646438, 1.90639233, 5.73831861])

Process finished with exit code 0
