E:\CURPROJECT\SimsV3\venv\Scripts\python.exe E:/CURPROJECT/SimsV3/Simple_ManyWP_reproducability_test1.py
warning: basinhopping: local minimization failure
basinhopping step 0: f 9.03171e-05
[ 6.02815703  5.86562375  4.04341772  0.13946409  2.2967325   3.48365145
  5.33866368  4.88442533  5.78762877  2.98295782  2.15575143  5.94944477
  2.65738413  2.47337046  1.96412287 -2.06188959  0.55399689  4.88760502
  1.2310712   1.67051794  4.29509261  4.8414768   0.84128113  5.13221171
  1.81862528  2.85184023  5.42606213  1.89997576  5.33244561  4.8596307 ] 9.031708047644816e-05 True
warning: basinhopping: local minimization failure
basinhopping step 1: f 7.65024e-05 trial_f 7.65024e-05 accepted 1  lowest_f 7.65024e-05
found new global minimum on step 1 with function value 7.65024e-05
[ 6.0521119   3.78303638  2.34207425 -0.19111679  1.91220117  1.98740413
  4.87245889  5.48456237  5.82780214  1.4337972   1.47260716  4.76419294
 -0.40009672  1.28777653  0.99988696 -1.44235575  2.03226407  7.20451206
  1.36385361  0.76220308  3.64944569  3.62261078  0.452021    4.62181242
  1.38858387  4.12543651  5.25692188  2.25491992  4.85362602  4.47118182] 7.65023589422124e-05 True
warning: basinhopping: local minimization failure
basinhopping step 2: f 0.000397105 trial_f 0.000397105 accepted 1  lowest_f 7.65024e-05
[ 5.55025896  5.51374429  3.42940896  0.61649242  2.82459159  0.24161046
  2.12577624  3.60681236  6.43310511  1.22162266 -0.21816773  4.0875732
 -0.12270892 -0.08586717  1.17410479  0.07817609  1.11638738  6.15043771
  0.43704447 -0.27849136  2.94222779  3.16495095  0.61685356  4.20323146
  1.10733115  4.59397414  5.79250408  1.75389043  4.20404746  4.1234301 ] 0.0003971051501448013 True
warning: basinhopping: local minimization failure
basinhopping step 3: f 0.000139028 trial_f 0.000139028 accepted 1  lowest_f 7.65024e-05
[ 5.1871621   5.82155529  2.92387065  0.83511258  2.98092854  0.0108254
  2.77378504  3.8937667   6.01838731  0.80763214  0.4537353   2.98284183
 -0.60700821  0.6484311   0.57076319 -0.09931999  0.10311637  5.58397368
  0.35295952 -1.14236597  2.92741858  3.41144081  0.9230601   3.96650926
  0.60800858  5.03125821  4.67146372  1.85921894  4.01050732  4.00214123] 0.0001390283637318786 True
warning: basinhopping: local minimization failure
basinhopping step 4: f 0.000170607 trial_f 0.000170607 accepted 1  lowest_f 7.65024e-05
[ 4.96121482  5.99666153  3.40699977 -0.01524884  1.93640947 -0.61130649
  0.18527244  3.00850776  5.65273053 -1.0145319  -0.36610295  2.08484335
 -0.04172331  0.1077701   0.76373474 -0.18992354  0.74349029  6.30695112
 -0.31182284 -0.38809733  4.14791684  3.31738594  2.88927068  4.0649293
 -0.19063537  3.21068546  4.34854326  1.30322884  4.67907706  4.31656074] 0.0001706065160821645 True
warning: basinhopping: local minimization failure
basinhopping step 5: f 0.000146828 trial_f 0.000146828 accepted 1  lowest_f 7.65024e-05
[ 4.77033852  5.68669283  3.07297722 -1.35236334 -0.22983224 -0.61861107
 -0.76145968  2.18698641  4.77316854 -0.90955955 -0.34238873  2.08723604
  0.01756288  0.23542458 -0.10716051 -0.44365494 -0.18210491  5.76796743
 -1.39006806 -0.18092064  4.43991801  2.83027893  2.27848803  3.55864039
  0.66065084  2.87616594  4.08236176  0.36040913  3.97072106  4.60180901] 0.0001468283273121755 True
warning: basinhopping: local minimization failure
basinhopping step 6: f 0.000186568 trial_f 0.000186568 accepted 1  lowest_f 7.65024e-05
[ 3.94145064  4.50851108  2.20759132 -1.12719731 -0.90756696 -0.43047842
  0.48393966  2.48540419  2.33967568 -2.66397817 -0.19121191  2.10571372
 -0.07135715 -0.72762747 -0.02857338  0.86530674  0.70185539  6.59937708
  0.12060359  0.45651256  5.40319004  3.09788729  3.00014369  3.39000205
  1.22499223  1.78343199  3.62217959  0.40548731  3.41732854  3.52468778] 0.00018656772016416626 True
warning: basinhopping: local minimization failure
basinhopping step 7: f 9.66436e-05 trial_f 9.66436e-05 accepted 1  lowest_f 7.65024e-05
[ 1.33940629  1.69896846 -0.09693152 -0.96378463 -1.2742927  -1.93545236
 -1.50447549  1.25688109  1.06044148 -4.59018165 -0.33855433  1.48819266
 -1.34335444 -0.74948068  0.31561584 -0.68649542 -1.20755731  4.91366449
 -0.91738879 -0.64131126  4.75949347  2.14843144  1.91770006  2.32289708
 -0.50174402  0.96268694  3.36320904  0.41279     3.05939577  3.29031619] 9.664362241506432e-05 True
warning: basinhopping: local minimization failure
basinhopping step 8: f 9.6971e-05 trial_f 9.6971e-05 accepted 1  lowest_f 7.65024e-05
[ 1.73202859  1.12456711 -0.54043568 -0.8354223  -0.90003317 -1.12618626
 -0.78102265  0.28637531 -0.4205067  -3.0736902  -1.10668218  1.15938598
 -0.69446274 -1.89653674 -1.26400063 -2.09980395 -1.0076504   4.52048055
 -1.03296022 -1.66106908  4.33041097  2.07352809  2.55912364  2.52371226
 -0.02700116  0.11021491  3.00883791 -0.01396572  2.51621672  3.04045964] 9.697098286378139e-05 True
warning: basinhopping: local minimization failure
basinhopping step 9: f 0.00027605 trial_f 0.00027605 accepted 1  lowest_f 7.65024e-05
[ 0.66451005  0.02525361 -0.15081935 -0.18944473  0.47519491  0.97331422
 -0.01399377  0.1138325   0.39418565 -1.07754684 -0.04005141 -0.50548563
 -1.57038079 -1.73500472 -0.58488677 -1.61058613  0.03785098  5.00707758
 -0.57255756 -1.05854314  2.45871218  1.4447384   1.70337282  2.56078038
 -0.3285927  -0.12028454  2.8641733  -0.12378915  1.85218812  2.23342094] 0.0002760496524069023 True
warning: basinhopping: local minimization failure
basinhopping step 10: f 6.85078e-05 trial_f 6.85078e-05 accepted 1  lowest_f 6.85078e-05
found new global minimum on step 10 with function value 6.85078e-05
[ 0.65867202 -0.3525375   0.18946182  0.09091637 -0.32365621  0.74526119
  0.57689192 -0.07261689  0.00387482  0.09046575  1.34890739 -0.12721251
 -0.81739571 -1.42073938 -1.13345389 -1.59357173 -0.65080355  2.9193455
 -1.43089049 -0.58257408  1.53903175  1.81547729  1.95201504  2.90929185
 -0.49888961 -0.24361634  3.04013994 -0.34151577  1.85446401  2.15909438] 6.850783257535855e-05 True
warning: basinhopping: local minimization failure
basinhopping step 11: f 6.44499e-05 trial_f 6.44499e-05 accepted 1  lowest_f 6.44499e-05
found new global minimum on step 11 with function value 6.44499e-05
[ 1.19033314  0.38474147 -0.00485558  0.50510305  0.03180628  0.82247128
  0.77909263  0.13085382  0.62585237  0.07078113  2.34698496 -0.67243264
 -0.79881645 -1.7837347  -1.14544838 -0.2801793  -0.39381981  2.21445818
 -0.91135496 -0.64324916  0.4484104   0.75905567  2.40604439  3.05693923
 -0.09757298  0.48770712  2.72406084 -0.44282265  1.44494487  2.52487616] 6.444992884008242e-05 True
warning: basinhopping: local minimization failure
basinhopping step 12: f 3.78381e-05 trial_f 3.78381e-05 accepted 1  lowest_f 3.78381e-05
found new global minimum on step 12 with function value 3.78381e-05
[ 1.19205465  0.44657944  0.30811844  0.53456108 -0.04199179  0.42871527
  0.24840219  0.22834174  0.97662396  0.6595022   2.72569158 -0.78550913
 -0.49942837 -1.32720997 -0.84638922 -0.91812034 -0.72615871  1.85521757
 -0.57540062  0.1019001  -0.4175853   1.00497284  3.26171028  2.62305789
 -0.1130811   0.3754431   2.19498559 -0.05342042  1.48480219  2.69007222] 3.783808992693455e-05 True
warning: basinhopping: local minimization failure
basinhopping step 13: f 6.93995e-05 trial_f 6.93995e-05 accepted 1  lowest_f 3.78381e-05
[ 1.86785708  0.96699132  0.96236476  0.62123138  0.10960694  0.3342546
 -0.14793787  0.15475727  0.56044627  0.07048831  2.47747395 -1.24499975
 -0.98040427 -0.7268885  -0.0360156  -0.7234944  -0.3450101   0.7074254
  0.40659567 -0.219017   -0.29507341 -0.57839085  3.27402247  1.96982793
 -0.32989153  0.19433477  1.89199114 -0.1701152   1.81406339  1.78442151] 6.939954099031013e-05 True
warning: basinhopping: local minimization failure
basinhopping step 14: f 4.45661e-05 trial_f 4.45661e-05 accepted 1  lowest_f 3.78381e-05
[ 2.41873922  1.49171507  1.26067954  0.96398665  0.57302353  0.59602082
 -0.07175156 -0.33133508  0.54116368  0.56316057  2.95446907  0.5216053
 -0.28223256 -0.31506984 -0.95285805 -1.0597331  -0.62149562  0.30999147
 -0.09361914 -0.59576364  0.12002421 -0.54586548  2.56354171  2.13779344
  0.67221899 -0.56419316  1.82141315  0.02206964 -0.09364695  1.70002689] 4.4566133714086976e-05 True
warning: basinhopping: local minimization failure
basinhopping step 15: f 4.69001e-05 trial_f 4.69001e-05 accepted 1  lowest_f 3.78381e-05
[ 2.58881822  1.53684677  1.58878873  1.44880675  0.93057231  0.18625016
  0.44692636 -0.06572454  0.95142058  1.09187279  3.51408117  0.36280456
  0.14484142  0.01747422 -0.67687914 -0.85791374 -0.17823494  0.33715821
  0.26622879 -0.24725139  0.06645887 -0.32482991  1.90676113  2.34541873
  0.37261325 -0.20891337  1.3639373   0.03569219 -0.02666059  2.13194785] 4.69000644911335e-05 True
warning: basinhopping: local minimization failure
basinhopping step 16: f 6.73696e-05 trial_f 6.73696e-05 accepted 1  lowest_f 3.78381e-05
[ 2.3223777   1.50371299  1.88946468  1.1612477   0.88342633 -0.1918579
  0.61359447  0.40647301  1.19384602  0.64788749  3.5393091   0.56739888
  0.27021879  0.27139352 -1.10421215 -0.73982273 -0.45196502  0.21603898
 -0.1745169   0.31377336  0.43970886 -0.37285568  3.04936478  2.24693446
  0.42148014 -0.5730079   2.03778312  0.03395362 -0.39868023  0.74431812] 6.736958165926242e-05 True
warning: basinhopping: local minimization failure
basinhopping step 17: f 9.88547e-05 trial_f 9.88547e-05 accepted 1  lowest_f 3.78381e-05
[ 2.07338633  1.32768374  2.04677614  1.23981544  0.99139733 -0.2610221
  0.2818073   0.38997023  0.94952073  0.75182438  3.35788342  0.48898142
  0.13036494  0.32083277 -1.10250963 -0.67400996 -0.51680559  0.19197737
 -0.20555575  0.14784857  0.77487688 -0.33764368  2.92837155  2.25565412
 -0.62498667 -0.23992135  1.73424986 -0.35385756 -0.40553568  0.4111282 ] 9.885471786152874e-05 True
warning: basinhopping: local minimization failure
basinhopping step 18: f 4.54628e-05 trial_f 4.54628e-05 accepted 1  lowest_f 3.78381e-05
[ 2.14469468  1.55314898  1.72149244  0.92374065  0.53233768  0.18791029
  0.28897494  0.83475493  1.9622522   0.82590516  3.62049074  0.28278277
  0.31629377  0.31917457 -0.99808882 -0.11707471 -0.30523081 -0.89684663
 -0.08175825  0.35463998  1.16707122 -0.60445193  3.29867517  1.00727472
 -0.22551955  0.03917909  2.25865417 -0.22082306 -0.239519   -0.40707926] 4.5462841947462533e-05 True
warning: basinhopping: local minimization failure
basinhopping step 19: f 6.31612e-05 trial_f 6.31612e-05 accepted 1  lowest_f 3.78381e-05
[ 1.95440819  1.13260193  1.5340405   1.23714658  0.4700188   0.06103903
  0.30440299  0.89656608  2.52867078  0.82256307  3.94086199  0.58243674
  0.59617009 -0.62016879 -0.69474046 -0.21614079 -0.39354343 -0.30555255
 -0.02298836  0.59757257  1.34648027  0.24535541  3.38776242  0.56109933
 -0.11350808  0.26169464  2.25090796 -0.72712403 -0.68796492  0.01989201] 6.316115095524539e-05 True
warning: basinhopping: local minimization failure
basinhopping step 20: f 0.000188611 trial_f 0.000188611 accepted 1  lowest_f 3.78381e-05
[ 1.98023106  1.36334255  1.80416653  0.80416834  0.53476144 -0.25899547
  1.01059734  0.68547617  1.73494727  0.38130581  4.46828818 -0.07024659
  0.59267672 -0.17800612 -0.22517701  0.44128483  0.27088717 -0.45697943
 -0.44180261  0.39043533  0.8115782  -0.2373359   3.66979162  0.95034717
  0.12410446  0.46899461  2.23163117 -0.51153295 -0.68360117 -0.32392852] 0.000188610729096272 True
warning: basinhopping: local minimization failure
basinhopping step 21: f 9.1555e-05 trial_f 9.1555e-05 accepted 1  lowest_f 3.78381e-05
[ 1.26059885  0.99251294  2.83220958  0.93918563  0.6056056   0.07797154
  0.43273112 -1.6381476   0.71102707 -0.95893467  4.08309317  0.16648918
  0.50217408  0.2203764   1.18443462  1.29052633  0.5951941   0.39193871
 -0.39559177 -0.0177754   0.25125672  0.0298      2.45658799  0.27561071
  0.29332994  0.02276085  2.14623801 -1.18505172 -1.65191168 -0.93080629] 9.155496422074934e-05 True
warning: basinhopping: local minimization failure
basinhopping step 22: f 7.352e-05 trial_f 7.352e-05 accepted 1  lowest_f 3.78381e-05
[ 2.0558792   0.80721977  2.96173338  1.50154825  0.92479981  0.83597089
  0.59134497  0.11606568  0.26619    -0.42208947  3.62546085 -0.24338479
  0.56564614 -0.35469344  0.69588952  1.57791824  0.94226643  0.72590789
  0.03689709 -0.05800371  0.32285207  0.48336027  2.53560225 -0.37707998
  0.10197156  0.23643273  2.37936707 -0.74195757 -1.46608312 -1.22974329] 7.352000385307087e-05 True
warning: basinhopping: local minimization failure
basinhopping step 23: f 0.000182669 trial_f 0.000182669 accepted 1  lowest_f 3.78381e-05
[ 2.08600327  0.03936811  2.84589466  2.55349493  2.12525776 -0.45961554
  0.63559976  0.37835411  0.2013611  -0.33524382  3.2572038  -0.24688043
  0.74237735  0.18663252  0.69077448  1.24241244  0.13337823 -0.41565765
 -1.31095803 -0.46675584 -1.18684312 -0.54795972  1.78958476 -1.05167575
 -1.16617404  0.00527751  2.42681524 -0.82096125 -1.40529071 -1.68181945] 0.00018266876681482158 True
warning: basinhopping: local minimization failure
basinhopping step 24: f 0.000106517 trial_f 0.000106517 accepted 1  lowest_f 3.78381e-05
[ 0.59004648 -0.42502524  2.66251423  3.16726927  2.20791891 -0.17485556
  0.32052165  0.53846078  0.11364807 -0.18763962  3.05558151  0.53655279
  1.49394943  0.94510901  0.54996603  0.99158852 -0.03424648 -0.38062917
 -1.10617485 -0.65062969 -0.35896677 -0.00402397  2.03840688 -0.93134423
 -1.17432594  0.04023685  1.55091552 -1.07810236 -1.20450485 -0.34875222] 0.00010651704696125864 True
warning: basinhopping: local minimization failure
basinhopping step 25: f 0.000103153 trial_f 0.000103153 accepted 1  lowest_f 3.78381e-05
[ 1.05907573  0.12637637  3.17157252  2.94361081  2.32401661  0.12704561
  0.01201865  0.47035651  1.12724029  0.46426093  3.06640464  0.38047829
  1.15733481  0.99728368  0.19101285  1.05231472  0.78699067 -0.26333019
 -0.60015137 -0.77664498 -1.05659299 -0.12044448  0.63021681 -0.62313809
 -0.45866745 -0.46785037  1.5633964  -0.57372409 -1.09415625 -0.36637522] 0.000103153139342963 True
warning: basinhopping: local minimization failure
basinhopping step 26: f 8.58931e-05 trial_f 8.58931e-05 accepted 1  lowest_f 3.78381e-05
[-0.50171636 -1.32736917  2.05106223  2.15624667  2.69889965  0.24534657
 -0.2365255  -0.60923392  1.69764369 -0.20266818  2.71425402  0.33776703
 -0.3108425   0.29485473 -0.2950789  -0.42236966 -0.86917823 -1.98608209
 -1.62935882 -2.01167718 -1.77935914 -0.6915048  -0.73138784 -1.32673065
 -0.99447462 -1.31324846  0.99015468 -1.62527641 -1.94796102 -0.990703  ] 8.589313156532864e-05 True
warning: basinhopping: local minimization failure
basinhopping step 27: f 7.95436e-05 trial_f 7.95436e-05 accepted 1  lowest_f 3.78381e-05
[-1.65523706  0.8193398   1.95553364  2.07338914  2.05806437  0.18466864
 -0.97423857 -0.82007965  2.14157321  0.40123967  3.03942955 -0.4725525
 -0.97963626 -1.00243429 -0.90027906 -1.15797749  0.19610348 -0.58692279
 -0.97590497 -1.86213563 -2.1702909  -1.41518234 -1.30866695 -2.09191776
 -1.19704574 -1.07911639  1.65930724 -2.35541522 -2.55372889 -2.4619606 ] 7.954360307966037e-05 True
warning: basinhopping: local minimization failure
basinhopping step 28: f 0.000284234 trial_f 0.000284234 accepted 1  lowest_f 3.78381e-05
[-3.1024988  -0.29917144 -0.33222296  2.85055003  2.46090753  0.43535301
  0.24955079 -0.52590283  2.45110839 -0.29069642  2.46971356  0.22766017
 -0.72404744 -1.34772222 -1.52671721 -1.59419279 -0.606958   -0.00828005
 -0.71445495 -0.54254619 -0.52456718  0.80252915 -0.45889278 -1.51398439
 -1.56597527 -1.51089773  0.53759459 -2.81954877 -1.7060369  -1.74678247] 0.00028423382480673387 True
warning: basinhopping: local minimization failure
basinhopping step 29: f 4.97666e-05 trial_f 4.97666e-05 accepted 1  lowest_f 3.78381e-05
[-1.87792207  0.61798926  0.9203199   3.37977431  3.15864556  0.65338065
  0.05903722 -0.94499458  2.38260543  0.15909234  2.42313319 -0.02906698
 -0.66362741 -1.11844709 -1.62571437 -1.2958727  -0.58704721  0.31553144
 -0.08023964 -0.10478312 -0.31188149  0.62128902  0.42665098 -0.59509221
 -0.49732839 -0.92840426 -0.56936933 -1.47033553 -0.4941517  -1.0593801 ] 4.9766607606423025e-05 True
warning: basinhopping: local minimization failure
basinhopping step 30: f 8.45519e-05 trial_f 8.45519e-05 accepted 1  lowest_f 3.78381e-05
[-0.40189853  0.71052158  2.76600907  2.81935957  2.21535523 -0.39183892
 -0.82104649 -1.38887092  1.25105643 -0.98572246  0.72441484 -0.87499251
 -0.62865409 -0.23669057 -0.04443992 -1.23668753 -1.08241637 -0.52712886
 -0.55635623 -0.5389928  -1.01201981 -0.58596945 -0.57582641 -1.89999638
 -1.96710727 -2.50088778 -1.78318192 -1.84158914 -1.48377169 -2.0069536 ] 8.455186604093921e-05 True
warning: basinhopping: local minimization failure
basinhopping step 31: f 6.93306e-05 trial_f 6.93306e-05 accepted 1  lowest_f 3.78381e-05
[ 0.68163989  0.67189548  3.1341348   2.77226937  2.80517795  0.57317645
  0.19034358  0.05362365  0.62115492  0.04677611  1.70922357 -0.07821848
  0.06464071 -0.1266532   0.48728944 -0.73307483 -0.47431564 -0.76996264
 -0.26328886 -0.74361952 -0.94234983 -0.04986354  0.46578773 -0.39348613
 -1.08044965 -1.97433635 -1.56074829 -1.81811879 -1.05443677 -2.23757795] 6.933063755208296e-05 True
warning: basinhopping: local minimization failure
basinhopping step 32: f 0.000146823 trial_f 0.000146823 accepted 1  lowest_f 3.78381e-05
[ 0.28123809 -0.17286853  2.10077112  2.23024534  3.2690867   0.84821951
  0.16487023  0.74317451  0.63548557  0.20740153  0.38421285 -0.3968947
 -0.41980176 -0.77572955  0.83537708  0.68124383  0.28342994 -0.48712861
 -0.37011008 -0.66498175 -0.03957447 -0.56128553 -0.21127926 -0.31010707
 -0.92093377 -2.04813083 -1.44972995 -1.43839415 -1.15251178 -2.43005554] 0.00014682281768734287 True
warning: basinhopping: local minimization failure
basinhopping step 33: f 1.81783e-05 trial_f 1.81783e-05 accepted 1  lowest_f 1.81783e-05
found new global minimum on step 33 with function value 1.81783e-05
[ 0.02857602  0.19027392  2.09256605  2.54870085  3.21299531  1.35963805
  0.65683569  0.78877518  0.62534136  0.24338473  0.98557563  0.53574679
  0.31168658 -0.19353641  0.22252446  0.79651756 -0.27337317 -0.61796837
 -0.36390431 -0.39463418  0.4096182  -0.27787073  0.14734005  0.16733091
 -0.02903543 -1.22053505 -0.99975808 -1.42714349 -1.5286122  -1.14590688] 1.8178257410190752e-05 True
warning: basinhopping: local minimization failure
basinhopping step 34: f 6.12075e-05 trial_f 6.12075e-05 accepted 1  lowest_f 1.81783e-05
[ 0.34753449 -0.18254828  1.95558768  3.35129608  3.79847511  1.11365541
  1.00329119  0.84696736 -0.0698294   0.58723443  1.45088097  0.44117709
  0.4237147  -0.17725972  0.40606692  0.7233479  -0.02453049 -0.4975303
 -0.80263104 -0.56271556  0.61857189  0.20677382  0.40721914  0.14029797
  0.37731698 -0.66615111 -0.76946502 -1.31786109 -1.47581624 -0.93824375] 6.120747855054407e-05 True
warning: basinhopping: local minimization failure
basinhopping step 35: f 6.86757e-05 trial_f 6.86757e-05 accepted 1  lowest_f 1.81783e-05
[ 0.58357702  0.30299926  2.84565894  3.68051867  4.30411003  1.28175233
  1.26480872  1.0837603   0.08494497  0.46010455  0.96982093 -0.38659347
  0.41276854  0.09826174  0.76384724  2.03917039  0.83490656  0.47513807
 -0.04348635 -0.53621548  0.22283835 -0.0713141  -0.06336245  0.19262394
  0.42194112 -0.87453202 -0.39220178 -1.44241771 -1.3120278  -1.20001991] 6.867566082891548e-05 True
warning: basinhopping: local minimization failure
basinhopping step 36: f 9.34545e-05 trial_f 9.34545e-05 accepted 1  lowest_f 1.81783e-05
[ 1.27258837e+00  5.11887351e-01  3.51610954e+00  3.96481202e+00
  4.86327005e+00  1.17847528e+00  1.55228026e+00  1.28152551e+00
  3.11566037e-01  4.21922983e-01  6.41630825e-01  7.99529359e-01
  4.36017760e-01  3.55749310e-01  4.82188346e-01  1.97046854e+00
  1.06190304e+00  1.13957697e+00  1.05881797e-01  7.80220528e-01
 -2.13197729e-01 -6.72390223e-01 -3.15737547e-01  3.12238364e-01
  1.44478203e-01 -7.04309213e-01 -2.62601251e-03 -8.80418402e-01
 -1.23768333e+00 -1.87532574e+00] 9.345452689009867e-05 True
warning: basinhopping: local minimization failure
basinhopping step 37: f 2.68237e-05 trial_f 2.68237e-05 accepted 1  lowest_f 1.81783e-05
[ 1.29474553  0.30273101  3.78601392  4.69475671  4.42592935  1.133586
  1.90210499  0.77513824  0.54062122  0.81724402  0.77353858  0.95341793
  0.78906778 -0.22421916  0.51253318  1.28987753  0.87108093  1.15510539
 -0.29513954  0.55991877 -0.17564945 -0.34040746 -0.37507607  0.47211225
  0.57041468 -0.54785264 -0.1168598  -0.64105918 -1.35773857 -1.56460812] 2.6823701230810967e-05 True
warning: basinhopping: local minimization failure
basinhopping step 38: f 4.87917e-05 trial_f 4.87917e-05 accepted 1  lowest_f 1.81783e-05
[ 0.6954607   0.08287908  3.60387598  4.51040798  4.25467923  1.76750285
  1.91322315  0.77738346  0.5004753   0.80807654  1.19983834  0.73487345
  0.61815628 -0.07908725  0.41752885  1.10856512  0.102867    1.2150495
 -0.0633186   0.23500393  0.4032797   0.36230613 -0.28327033  1.74218374
 -0.43796778 -0.12981125 -0.43624966 -1.13838569 -1.15215103 -2.16989011] 4.8791748590506756e-05 True
warning: basinhopping: local minimization failure
basinhopping step 39: f 7.07881e-05 trial_f 7.07881e-05 accepted 1  lowest_f 1.81783e-05
[ 0.47076747  0.6876137   3.73343084  4.55453089  4.17738697  1.43352468
  2.22624975  1.06071584  0.09722801  0.05966075 -0.36447049  0.00545341
 -0.22019184 -0.19508785 -0.03818417  0.96706727 -0.05229655  0.63266207
  0.03390999  0.11669769 -0.17725323  0.65143555 -0.07267879  2.35173106
  0.44110142 -0.51559163 -0.61403693 -1.49369552 -1.43269938 -0.95177848] 7.078809900734242e-05 True
warning: basinhopping: local minimization failure
basinhopping step 40: f 0.000264369 trial_f 0.000264369 accepted 1  lowest_f 1.81783e-05
[ 1.02263176  1.77086271  4.0939146   4.02049647  3.40337889  0.3659623
  0.58879572 -0.40981935 -0.50290762 -1.37670398 -1.35378204 -0.62630853
  0.69396826 -0.52486822  0.24230712  2.99093119 -0.05369024  1.02154522
  0.18876033 -0.18928809  0.64726384  0.62975733 -0.52892207  2.14063318
 -0.49262805 -0.44718011 -0.94301729 -0.18519958 -0.3879007  -0.47999837] 0.00026436876506226713 True
warning: basinhopping: local minimization failure
basinhopping step 41: f 3.43289e-05 trial_f 3.43289e-05 accepted 1  lowest_f 1.81783e-05
[ 1.30409269  1.93226588  4.17805737  3.49833492  3.06484534  0.75432469
  1.0891618   0.28802147  0.33833265  0.2321298  -0.45007057  0.46695507
  1.36164463  0.372711    0.34855519  3.01571846  0.49520933  0.97246663
  0.85767587  0.2780041   0.38062186  0.44264965 -0.13823507  1.61502497
 -0.67379112 -0.92131754 -1.08215619 -0.4305615  -0.22726805 -0.90946612] 3.4328917905126853e-05 True
warning: basinhopping: local minimization failure
basinhopping step 42: f 0.000137626 trial_f 0.000137626 accepted 1  lowest_f 1.81783e-05
[ 1.59575067  1.86443391  3.55800969  4.74608184  3.59207199  0.57187939
  0.61426423  0.13757584  0.47324326  0.01643238 -0.34294031  0.94873729
  1.02045297  1.02414634  0.3532373   3.33277185 -0.14038472 -0.24725067
  0.68646219  0.57787623  0.87585725  0.18795617  0.06647154  2.08478386
 -0.22370719 -0.82709263 -0.55839407 -0.47641914 -1.96719148 -1.23572046] 0.00013762595303214547 True
warning: basinhopping: local minimization failure
basinhopping step 43: f 5.04869e-05 trial_f 5.04869e-05 accepted 1  lowest_f 1.81783e-05
[ 1.47563842  2.09472783  4.0213185   4.8988308   3.62911786  0.4180982
  0.63988669  0.39105861  0.37020195  0.12259251  0.06888655  1.4643127
  1.13267238  1.13261043  0.43341569  3.10806643  0.0177018   0.5946971
  0.45105804  0.50803344  0.4374287   1.00426321  0.44795958  2.10377859
  0.1785909  -0.87887464 -0.25792797 -0.79544183 -0.65643742 -0.95009275] 5.0486914766400016e-05 True
warning: basinhopping: local minimization failure
basinhopping step 44: f 4.45131e-05 trial_f 4.45131e-05 accepted 1  lowest_f 1.81783e-05
[ 1.94318593  1.99399409  3.9128453   4.65406568  3.45058672  0.66676086
  1.1018062   0.44202217  0.65077957  0.51255604 -0.02099921  0.75760317
  0.71260094  1.27270145  0.75152415  2.70784248  0.19653389  0.58995677
  0.45823592  0.73765581  0.4573316   1.42399423  0.25651753  2.48996064
  0.34821057 -0.88437665 -0.23464672 -1.15224441 -0.78624115 -0.44092898] 4.4513082113301604e-05 True
warning: basinhopping: local minimization failure
basinhopping step 45: f 0.000148536 trial_f 0.000148536 accepted 1  lowest_f 1.81783e-05
[ 1.20633763  0.93494378  3.11055377  4.90065279  3.33624812  0.27272972
  0.73114214 -0.45930735  0.77699998  0.56271318  0.1004565  -0.42445488
 -2.07687354  0.53530435  0.30854421  2.38703277 -0.34130822  1.41227611
 -0.56251555 -0.96993486 -1.43426822 -0.54827041 -1.07444936  2.84640726
  0.13227056  0.35709251 -0.65612694 -0.38111438 -0.20544132 -0.05651661] 0.0001485361485066607 True
warning: basinhopping: local minimization failure
basinhopping step 46: f 0.000162559 trial_f 0.000162559 accepted 1  lowest_f 1.81783e-05
[ 1.69446251  0.94369578  3.5761581   3.95582178  3.08172865 -0.20693852
  0.5830915  -0.0692116   0.29387418  0.36892406 -0.27413636 -1.11736833
 -1.61154998 -0.31609736 -0.22998808  1.31777407 -0.72395226  0.39738512
 -0.79571238 -0.54833946 -0.3071826  -0.92400327 -1.13963205  1.565316
 -0.44140182 -0.49471097 -0.58150682  0.41127659  0.54350104 -0.15910785] 0.00016255934537434487 True
warning: basinhopping: local minimization failure
basinhopping step 47: f 5.50288e-05 trial_f 5.50288e-05 accepted 1  lowest_f 1.81783e-05
[ 1.76901274  0.71332797  3.60393322  3.65368352  3.26362204  0.75555536
  0.58877788  0.25033417  0.07771744 -0.8016781  -0.77430035 -0.18059459
 -1.47106596 -0.75998025 -0.71578442  0.330038    0.12923101  0.29190282
 -1.0866385  -0.77214113 -0.56079764 -0.82023805 -0.86293636 -0.10778464
 -1.23429649 -0.46267206 -0.36055406  0.83867535  0.50692447  0.34371723] 5.5028842025704935e-05 True
warning: basinhopping: local minimization failure
basinhopping step 48: f 3.93661e-05 trial_f 3.93661e-05 accepted 1  lowest_f 1.81783e-05
[ 1.3413917   1.30260723  5.06999372  4.03935471  3.24247666  1.64880225
  1.29459455 -0.22498618  0.78199675  0.17949548 -0.03024733  0.14455115
 -1.04746926 -0.80635311  0.22059338  0.43579151  0.64538795  0.35886075
  0.17417358 -0.45293174  0.04163633 -0.18714179 -0.33218049 -0.63655756
 -1.25777042 -0.60911099 -0.3106153   0.09979244  0.32546481 -0.68126606] 3.936610638931981e-05 True
warning: basinhopping: local minimization failure
basinhopping step 49: f 8.34842e-05 trial_f 8.34842e-05 accepted 1  lowest_f 1.81783e-05
[ 1.76244779  0.89772562  4.16866099  2.28718088  1.93469902  0.56311133
  1.08010818  0.04996496 -0.01925511  0.63497675  0.20385415  0.34550648
 -0.73242185 -0.42979725 -0.39136288  0.5431153   0.34828215 -0.05305056
 -0.50224663 -0.89535917 -0.38835109 -0.61548864 -0.90107073 -0.42598217
 -0.842898   -1.78712299 -0.99547843 -0.35155653  0.3774143  -0.1054946 ] 8.348416274295995e-05 True
adaptive stepsize: acceptance rate 0.980000 target 0.500000 new stepsize 0.555556 old stepsize 0.5
warning: basinhopping: local minimization failure
basinhopping step 50: f 4.97145e-05 trial_f 4.97145e-05 accepted 1  lowest_f 1.81783e-05
[ 1.494113    2.15193303  4.18882496  1.95212933  0.71113743  0.4506636
  0.68964402  0.08236153  0.30941194 -0.18792593  0.36426319  0.70292765
 -0.37448883 -0.13666768 -0.00724053 -0.09931352 -0.53485054 -1.46267322
 -0.38851349 -0.37843711 -0.71116551 -0.76078065 -1.29109661 -0.17690599
  0.0364772  -0.41096771 -0.94024163  0.43579     0.25912378  1.24821699] 4.971446052846839e-05 True
warning: basinhopping: local minimization failure
basinhopping step 51: f 7.0186e-05 trial_f 7.0186e-05 accepted 1  lowest_f 1.81783e-05
[ 1.47733433  1.47269396  3.8029458   1.6008859   0.90703784 -0.14301887
  0.5488635   0.03111211  1.42840181  0.27131577  0.26644362 -0.4694962
  0.07210189  0.99636663  1.08213957  0.89206127  0.1425394  -0.53567587
  0.14395943 -0.68621479 -0.54418514 -0.34378947 -0.73401274 -0.01157362
  0.42529786 -0.31114681 -0.62111563  0.46425387  0.61279321  0.96564055] 7.018603822135786e-05 True
warning: basinhopping: local minimization failure
basinhopping step 52: f 4.50416e-05 trial_f 4.50416e-05 accepted 1  lowest_f 1.81783e-05
[ 2.50180793  1.59485124  4.15626487  1.82228503  0.85444814  0.70873952
  0.67008442  0.4777591   0.96565785  0.26644125  0.50481023 -0.23663842
 -0.18615862  0.93016059  0.11118926  1.39278659  0.20034898 -0.41622181
 -0.67092215 -0.66021955 -0.60523352  0.37465287 -0.34585226 -0.19643115
  0.4132141  -0.21992994 -0.3229863   0.47591831  1.18534312  0.98301497] 4.504163277767662e-05 True
warning: basinhopping: local minimization failure
basinhopping step 53: f 0.000223251 trial_f 0.000223251 accepted 1  lowest_f 1.81783e-05
[ 1.40077963  0.12813656  1.84654917  4.75740411  3.19427801  1.6505266
  2.55358628 -0.81815283 -0.68172547 -0.74332995  0.3403874  -0.28090177
 -0.22658876 -0.89942605 -1.59608058 -0.39810448 -1.09626064 -0.97497554
 -0.13623117  0.14644139 -1.30627744 -0.08743427 -0.54346724 -0.12528041
 -0.25560396 -0.21390039  0.62068912  1.42330418  0.51423478  0.92738041] 0.000223251286922778 True
warning: basinhopping: local minimization failure
basinhopping step 54: f 6.61989e-05 trial_f 6.61989e-05 accepted 1  lowest_f 1.81783e-05
[ 3.26861771  1.80890487  1.86780785  4.08486505  3.33036446  1.53529877
  2.14014195 -0.46759444 -0.74727178 -0.4876109   0.01296925 -0.90744019
 -0.37963503 -0.78564849 -0.39218144 -0.59486929 -1.3917886  -0.37955094
 -0.2197083  -0.19833828 -0.24224594  0.32048817  0.16002035  0.61729198
  0.08579166 -0.47903469  0.53327282  1.2631292   1.24094231  1.70801981] 6.61989254130372e-05 True
warning: basinhopping: local minimization failure
basinhopping step 55: f 4.88245e-05 trial_f 4.88245e-05 accepted 1  lowest_f 1.81783e-05
[ 2.56617381  2.01932451  2.10005662  4.36030256  3.33117753  1.50532042
  2.24251219 -0.08939273  0.11680471 -0.11757304 -0.24407694 -0.37995862
 -0.28284953 -0.45413703 -0.34705118 -0.53877646 -1.25817034  0.05828828
  0.2574074   0.10808108 -0.2565942   0.48777012  0.29440712  1.1064144
  0.3791607   0.19042995  0.8373824   1.58947143  1.39876262  2.22532763] 4.882445963503618e-05 True
warning: basinhopping: local minimization failure
basinhopping step 56: f 4.61387e-05 trial_f 4.61387e-05 accepted 1  lowest_f 1.81783e-05
[ 1.08375254  1.0894036   1.55229066  5.2036967   4.27177526  2.00277946
  3.05912754 -0.13629721 -0.60295867 -1.17010255 -1.63361166 -1.116464
 -1.17950568 -1.09583379 -0.35666386 -1.09766342 -1.28412843 -1.180761
 -1.221508   -0.87818937 -0.80020334  0.42533548 -0.40964428 -0.95530327
  0.20642467 -0.55818049  0.50753233  0.01343292  0.36759713  1.39493543] 4.613871424821074e-05 True
warning: basinhopping: local minimization failure
basinhopping step 57: f 9.14988e-05 trial_f 9.14988e-05 accepted 1  lowest_f 1.81783e-05
[ 2.22459367  1.02476125  1.84046414  4.57964566  4.66470509  2.98830281
  4.81077297 -0.10898407 -0.39907083 -0.42937744 -1.2724403  -0.344987
 -0.57158569 -0.05533652 -0.75129511 -1.26189773 -1.14395952 -0.86747283
 -1.03766416  0.04030165 -0.20326654  0.6358229  -0.4971299  -1.06200934
 -0.19657866 -0.44206559 -0.08378443  0.50964606  0.71708888  1.00242628] 9.14987792990493e-05 True
warning: basinhopping: local minimization failure
basinhopping step 58: f 0.000111344 trial_f 0.000111344 accepted 1  lowest_f 1.81783e-05
[ 1.24330463  1.5413875   2.6930308   5.28492069  5.13914939  3.42286083
  5.23477069  0.39832185 -0.18888427 -1.41089653 -0.83569726 -0.15085344
 -0.56349701  0.4180518  -0.71644221 -0.55851985 -0.39856048 -0.67214528
 -1.21623078 -0.37761212 -0.46654937  0.26235339 -0.23609363 -0.5346958
  0.52242576  0.33601674  0.37275493  0.80711678  1.02577558  1.97345096] 0.00011134376924105984 True
warning: basinhopping: local minimization failure
basinhopping step 59: f 0.000135879 trial_f 0.000135879 accepted 1  lowest_f 1.81783e-05
[ 1.16803015e+00  1.65446399e+00  2.78717421e+00  5.83468608e+00
  4.78423191e+00  4.11510031e+00  4.97220126e+00 -4.75493536e-01
  2.95193002e-01 -8.81830158e-01 -8.34754873e-01 -4.91060690e-01
 -4.18351996e-01  9.04259639e-04 -7.61019913e-01 -1.02186826e+00
 -4.69857359e-01 -8.33051734e-01 -8.61416502e-01  2.60454605e-02
 -3.42430732e-01 -1.63194055e-01  1.78857475e-01  1.58456743e-01
  7.61816595e-01 -2.11014937e-01  1.01694733e+00  1.08090702e+00
  1.29317947e+00  2.49261917e+00] 0.00013587907657879102 True
warning: basinhopping: local minimization failure
basinhopping step 60: f 8.69329e-05 trial_f 8.69329e-05 accepted 1  lowest_f 1.81783e-05
[ 1.68772707  1.49946372  2.311487    6.4137297   5.58340629  3.2153401
  5.01808881  0.01481963 -0.35262976 -0.68122106 -0.31337287 -0.26756913
  0.76355619  0.49478025 -0.48518626 -0.49088154 -0.27019313 -0.40849439
 -0.59862948  0.20750657 -0.40349961  0.66830739  0.28950446  0.30226152
  1.43655431 -0.20585653  1.12074652  0.79222701  0.993135    2.00965008] 8.693293760878551e-05 True
warning: basinhopping: local minimization failure
basinhopping step 61: f 5.68165e-05 trial_f 5.68165e-05 accepted 1  lowest_f 1.81783e-05
[ 1.239297    1.6236984   2.11735698  6.17964428  5.21779849  2.88147497
  5.19477293  0.09768688 -0.60264197 -1.25341026 -0.67992115 -0.20415432
  0.17353588 -0.76946246 -0.60377543 -0.56955709 -0.50936363 -0.91300586
 -0.58620386 -0.52856682 -0.35723543  0.88442745  1.20521419  0.05446484
  0.96099689  0.07218703  0.41493785  0.02583526  0.79191236  1.49930367] 5.681646272894697e-05 True
warning: basinhopping: local minimization failure
basinhopping step 62: f 5.24435e-05 trial_f 5.24435e-05 accepted 1  lowest_f 1.81783e-05
[ 1.2487657   0.84722715  2.04874661  5.84009252  5.06681256  2.67498395
  4.74313825  0.19943778 -0.63105707 -1.37398745 -0.17777252 -0.14625193
  0.03603859 -0.47829283 -0.37361318 -0.15621667 -0.09078046 -0.43663739
 -0.32663003 -0.37935945 -0.45898948  0.45293989  2.35165363  0.51490153
  0.43435741  0.33430184  1.28977249  0.57165856  0.96239817  1.87828631] 5.244354368658108e-05 True
warning: basinhopping: local minimization failure
basinhopping step 63: f 0.000277671 trial_f 0.000277671 accepted 1  lowest_f 1.81783e-05
[ 1.18251528  1.89948789  2.25991395  5.69122897  5.47711535  2.53379284
  4.81881053 -0.36956774  0.62730359  0.11539747  0.49521668 -0.11634586
 -0.08700828 -0.19280785  0.30252169  0.37906724 -0.0427561  -0.50745354
  0.03115831 -1.19247293 -1.46325245 -0.49646978  0.18846481  0.59458161
  0.10407342  1.10906512  1.05381292  0.20424743  1.2749199   2.96962579] 0.0002776714894704454 True
warning: basinhopping: local minimization failure
basinhopping step 64: f 3.73119e-05 trial_f 3.73119e-05 accepted 1  lowest_f 1.81783e-05
[ 2.13991902  1.65640688  2.18151169  6.47921534  5.75566996  2.65831525
  4.96232351 -0.36698164  0.25359133 -0.3498394   0.16162843 -0.20597986
 -0.7152758  -1.42762381 -0.06413544 -0.75462869 -0.165513   -0.80198647
 -1.00151964 -0.9154605   0.1052604   0.10431215  0.58158988  0.91116761
 -0.01508925  0.85144115  1.53057114  0.93927364  0.41716973  3.00484481] 3.731190192429777e-05 True
warning: basinhopping: local minimization failure
basinhopping step 65: f 0.000176469 trial_f 0.000176469 accepted 1  lowest_f 1.81783e-05
[ 0.97879212  0.15938995  0.70947925  5.90873874  5.95025849  2.63010025
  3.63405463 -0.30569958  0.38483205 -0.59202722 -0.00730664 -0.49517523
 -1.13345383 -0.9779806   0.08818312 -0.06152892  0.86715525  0.33357862
  0.2081078  -0.28296115  1.04257158  1.30151431  1.17339408  1.00162262
  0.93393013 -0.80313063  1.02230696  1.33898187  0.33007734  3.2711078 ] 0.00017646927491831517 True
warning: basinhopping: local minimization failure
basinhopping step 66: f 4.06981e-05 trial_f 4.06981e-05 accepted 1  lowest_f 1.81783e-05
[-0.3545987  -0.70981658 -0.42866558  4.94322321  4.96536216  2.43375568
  2.87782412 -0.11147996  0.91970253  0.16332392 -0.30981581  0.38503043
  0.2327009   0.4635602   1.35316314  0.54957969  1.623882    1.18895607
 -0.05333318  0.10090849  0.40222538  0.43025914  0.56285015  0.77774581
  0.19798957 -0.00530796  1.42740541 -0.25386946 -0.43415409  2.09983058] 4.069805138692782e-05 True
warning: basinhopping: local minimization failure
basinhopping step 67: f 0.000119743 trial_f 0.000119743 accepted 1  lowest_f 1.81783e-05
[-1.81006175 -1.33148385  0.7760551   5.1051623   4.94181968  3.00695156
  2.91500569 -0.44346675 -0.62672255 -0.35996173 -0.38516809 -0.36556653
 -0.07339066 -0.38455585  1.30357679  0.53792955  1.32053857  0.23569389
  0.39087046  0.73387827  0.02402655 -0.9589987  -0.26141038  0.13178607
  1.17507183 -0.22219723  0.62123409  0.04138557  0.53939211  0.49319322] 0.00011974329259432488 True
warning: basinhopping: local minimization failure
basinhopping step 68: f 0.000228636 trial_f 0.000228636 accepted 1  lowest_f 1.81783e-05
[-1.52646585 -2.35703542 -0.57137978  4.42038606  1.71764085  0.89274968
  1.92808686 -1.00488896 -0.3150377  -0.3672329  -0.84377358 -0.24227057
  0.13054616 -1.27774076 -0.06743301 -1.0657728  -0.46465549 -1.36996207
 -0.10710427  0.04553452 -0.39923157  0.039313   -0.90147977 -1.06263647
 -0.24633384 -0.65229265  0.69382327 -0.36857592  0.69858807  0.49075246] 0.00022863583413258186 True
warning: basinhopping: local minimization failure
basinhopping step 69: f 5.66604e-05 trial_f 5.66604e-05 accepted 1  lowest_f 1.81783e-05
[-4.14855548e-01 -1.05422244e+00  2.82559764e-01  4.45110922e+00
  1.56195128e+00  1.58629679e+00  2.23798388e+00 -1.76887391e-01
 -2.49139092e-01 -7.19302160e-01 -1.10190739e+00 -1.24259140e+00
 -4.24081134e-03 -1.07097301e+00 -2.92861207e-01 -8.10311024e-01
 -4.94729870e-01 -1.39677333e+00 -9.05258742e-01 -9.02892251e-02
 -2.76865508e-01  1.23857235e-01 -6.15916941e-02 -5.49367211e-01
  2.79880383e-01  3.13548654e-01  7.39256942e-01  4.27300068e-01
  1.45672044e+00  1.79362897e+00] 5.666038137791557e-05 True
warning: basinhopping: local minimization failure
basinhopping step 70: f 0.000178078 trial_f 0.000178078 accepted 1  lowest_f 1.81783e-05
[ 0.68873841 -0.42105346  0.18544604  3.07003851  0.3430939  -0.58818897
  1.83323455  0.17509151 -1.01338642 -1.03403171 -0.7083666  -1.22162972
  1.95008634 -0.06774084  0.27811395  0.42228    -0.48261115 -0.2177559
 -0.44042215  0.39966349 -0.47055197  0.57896902  0.36980429  0.12503228
  0.86793083  0.67599444  0.94105787 -0.14274995  1.36268935  1.90400906] 0.00017807806207856315 True
warning: basinhopping: local minimization failure
basinhopping step 71: f 4.73065e-05 trial_f 4.73065e-05 accepted 1  lowest_f 1.81783e-05
[ 0.24873459  0.52331943 -0.10819461  2.48000083  0.08801447 -0.12913668
  1.89348816 -0.52046191 -1.39507242 -1.1536658  -0.79321338 -0.44706339
  2.00088559  0.08985643  0.49477108  1.14374904  0.00464007 -0.03668781
 -0.60577756 -0.40254898  0.25836085  0.12126456  0.08202656  0.16069951
  0.91222091  0.96821542  0.83009604  0.08965431  1.22420949  1.95736737] 4.730647983359473e-05 True
warning: basinhopping: local minimization failure
basinhopping step 72: f 0.000112384 trial_f 0.000112384 accepted 1  lowest_f 1.81783e-05
[-0.69754349  0.13694209  0.0089456   1.21129458 -0.24752697 -1.10222815
  0.19978846 -0.4810755  -0.51477943 -1.06008633 -0.46541292  0.19507872
  1.07395703  0.42637687 -0.52640863  0.12603486  0.07517231 -0.05192415
 -0.11345155  0.27826627  0.39438333  1.19545729  0.34314757  0.34819701
  1.36436626  1.24439884  0.94892678  1.30723442  2.40618525  2.40450778] 0.00011238366471284787 True
warning: basinhopping: local minimization failure
basinhopping step 73: f 8.05167e-05 trial_f 8.05167e-05 accepted 1  lowest_f 1.81783e-05
[-5.61499275e-01 -4.76837700e-04 -3.29156332e-01  2.12604843e+00
  2.23026254e-01 -6.55424970e-01  2.92538245e-01 -7.21061029e-01
 -1.22683035e+00 -8.31473564e-01 -1.14549051e+00 -1.36389366e-01
  4.81724478e-01  6.19133948e-01 -3.69766704e-01 -3.44107122e-01
  4.42669142e-01  4.09290630e-01  1.52482670e-01 -4.70184945e-01
  2.73003992e-01  8.86423666e-02  1.57980837e-01 -6.18796324e-01
  7.39355710e-01  1.02347238e+00  2.00522922e+00  8.52093325e-01
  1.52485303e+00  1.27247210e+00] 8.05166938451209e-05 True
warning: basinhopping: local minimization failure
basinhopping step 74: f 5.07093e-05 trial_f 5.07093e-05 accepted 1  lowest_f 1.81783e-05
[-0.53222273 -0.30853151 -0.6795922   2.09385458  0.08937992 -0.17252719
  0.31127846  0.29811592 -0.64760287 -0.63295867 -0.84929023 -0.06950615
  0.34645053 -0.66931172 -0.43344074  0.5291221   0.32677416  0.97039868
  0.34211262  0.04260007  0.43663203  0.64562462 -0.00242838 -0.1853636
  1.28084866  1.35386277  2.1677827   0.86918019  1.68409858  1.76705521] 5.070934663502836e-05 True
warning: basinhopping: local minimization failure
basinhopping step 75: f 0.000114417 trial_f 0.000114417 accepted 1  lowest_f 1.81783e-05
[-0.31856868 -0.50928674 -0.6961714   1.49933506 -0.22413085 -0.09453231
 -0.32440673  0.94375626  0.01834523 -0.09892646 -0.67396799 -0.1193407
 -0.92196931 -0.81217452  0.54563394 -0.18689779  0.11469941  1.21785698
  0.09747867  0.20752733  0.87778734  0.29636875  0.19246369 -0.17880622
  1.14501735  0.42166156  1.26523155  1.82788506  2.10806972  1.18251521] 0.00011441703475784615 True
warning: basinhopping: local minimization failure
basinhopping step 76: f 3.69675e-05 trial_f 3.69675e-05 accepted 1  lowest_f 1.81783e-05
[-0.29333773 -0.90997999 -0.41622617  1.24523039 -0.76531235 -0.83124062
  0.14924003  0.35985577  0.25426447  0.55379337 -0.06009516  0.17212597
 -0.75653591 -0.48863931  0.38521355 -0.37117893 -0.69639593  0.44612136
 -0.18619806  0.8519678   0.48784203  0.15235838  0.25164123  0.44083446
  1.54899951  0.39343135  1.04606731  2.09357204  1.77692077  1.19460558] 3.696746659672361e-05 True
warning: basinhopping: local minimization failure
basinhopping step 77: f 1.91077e-05 trial_f 1.91077e-05 accepted 1  lowest_f 1.81783e-05
[-0.52246875 -1.26478242 -1.81297873 -0.35680273 -1.19635186 -0.97918294
 -0.37950668 -0.40849657  0.44698538  0.92131152  0.24667795  0.17186309
 -0.54191466  0.23535692  0.82865958  0.0681712   0.21740458  0.61220169
  0.0191126   0.02887371  0.02656961  0.87493565  0.67480105 -0.14352568
  0.71785253 -0.01349132  0.84354493  1.71377237  0.92011866  1.9035333 ] 1.9107715014105024e-05 True
warning: basinhopping: local minimization failure
basinhopping step 78: f 7.76245e-05 trial_f 7.76245e-05 accepted 1  lowest_f 1.81783e-05
[-0.60590541 -1.58130691 -1.21311687 -1.09395659 -0.84593157 -0.27986336
 -0.88823609  0.2095166   0.4534913   0.82887706  0.08351626  0.13452573
  0.42947853 -0.17722345  1.94851422 -0.36309917 -0.50753589  0.17427979
 -0.30205961  0.65124565  0.96094287  0.52796719  0.03763966 -0.61737351
 -0.27347809 -0.16214162  1.15175523  1.02732707  0.12569     0.87220131] 7.762449630659402e-05 True
warning: basinhopping: local minimization failure
basinhopping step 79: f 4.76616e-05 trial_f 4.76616e-05 accepted 1  lowest_f 1.81783e-05
[-0.40881716 -0.77826287 -0.96173897 -0.83572998 -0.89203391 -0.12711321
  0.03916236  0.91629002  1.51401093  0.41450803  0.16440468  0.42004767
  0.7290743   0.48328439  1.96831271  0.21289829  0.07252179  0.51952362
  0.0355813   0.89391172  1.27483951  0.27337399 -0.35003901 -0.14910625
 -0.19063275  0.73780788  0.95238095  1.40336346  0.43707857  1.20467947] 4.766155849929013e-05 True
warning: basinhopping: local minimization failure
basinhopping step 80: f 0.000107403 trial_f 0.000107403 accepted 1  lowest_f 1.81783e-05
[-0.40356302 -1.16214576 -0.64216329 -0.08599451 -0.25646499  0.30552255
  0.19503467  1.28392106  1.45845861  0.65523148  0.58176689 -0.59116762
  0.50896643  0.79361781  2.50790568  1.10743469  0.41124496 -0.59140977
  0.53971998  1.08598672  0.66655959  0.55342949  1.08587736  0.49270048
  0.51907738  0.101429    0.73554997  1.74957223  1.44717318  1.61328129] 0.00010740320863832565 True
warning: basinhopping: local minimization failure
basinhopping step 81: f 4.26881e-05 trial_f 4.26881e-05 accepted 1  lowest_f 1.81783e-05
[-0.3760018  -1.26875084 -0.71382992 -0.3077372   0.01599625 -0.15822205
 -0.02009045  1.02365402  1.45679999  0.93986099  0.39206396 -0.09354471
  1.06583946  0.68659128  3.25113493  1.10105614  0.12352917 -0.02172112
  0.79770854  1.788117    0.86830319  0.80869589  0.55195019  0.3665562
  0.81506812  0.17976642  0.78133601  1.82166916  1.77403931  1.47740904] 4.268812025533197e-05 True
warning: basinhopping: local minimization failure
basinhopping step 82: f 4.22798e-05 trial_f 4.22798e-05 accepted 1  lowest_f 1.81783e-05
[-0.59715326 -1.27121836 -0.83221739 -0.54142483 -0.30349859 -0.30301434
 -0.05907586  1.0230213   0.75851141  1.0183732   0.57453179 -0.10103717
  0.60413513  1.43653642  3.24399831  0.18625884 -0.57057376 -0.75602731
 -0.24552394  0.49111003  1.07609976  0.44139872  0.29495188  0.57203353
  0.59939465 -0.04476235  0.98589935  1.11590799  2.33336002  0.8397293 ] 4.227984848828789e-05 True
warning: basinhopping: local minimization failure
basinhopping step 83: f 0.000108831 trial_f 0.000108831 accepted 1  lowest_f 1.81783e-05
[-0.69809966 -1.37620268 -0.99601673 -0.5147142  -0.65327538 -0.75876298
 -0.04953719  0.9499623   0.55027727  0.80984852 -0.3385693   0.11519992
  0.89226309  0.73242923  3.03989842  0.41331906 -0.38164004 -1.05707685
 -0.69943438 -0.10113925  1.01585978  0.21406413  0.05380941  0.73744235
  0.69847215 -0.0599137   0.20629178  0.27984861  1.46254287  0.91871544] 0.00010883137842837622 True
warning: basinhopping: local minimization failure
basinhopping step 84: f 1.86751e-05 trial_f 1.86751e-05 accepted 1  lowest_f 1.81783e-05
[ 0.26093781 -0.98199175 -0.8117726  -1.38139534 -1.10109206 -1.20948161
 -0.73055301  0.00446484  0.03969257  0.08679395 -0.28793762  0.90657503
  1.03463999  0.59400809  3.22398604  0.0295112   0.10255963 -0.55638149
  0.68300108  2.48942447  3.00965049 -0.58747337 -0.14180814  0.70714583
  1.52323298  0.64521275  0.46002535  0.78843389  0.2733056   0.5828618 ] 1.8675148758591078e-05 True
warning: basinhopping: local minimization failure
basinhopping step 85: f 7.35593e-05 trial_f 7.35593e-05 accepted 1  lowest_f 1.81783e-05
[ 0.37236164 -0.73006994 -0.67439659 -1.08624286 -0.8787701  -1.04705251
 -0.8137829  -0.41613941 -0.61157731  0.41000902  0.13189183  0.15331572
  0.96364724  0.77459492  3.60418503  1.54003076  0.92233723  0.08037993
  0.79164833  2.48585775  2.58011607  0.08988061 -0.08447878  1.02078847
  2.38176202 -0.18332535  0.01329373  0.96438701  0.24220001 -0.34610529] 7.355926896268248e-05 True
warning: basinhopping: local minimization failure
basinhopping step 86: f 5.00507e-05 trial_f 5.00507e-05 accepted 1  lowest_f 1.81783e-05
[-1.60982379e-01 -6.15426776e-01  7.45697283e-02 -4.20162654e-01
 -5.58144861e-01 -1.06251711e+00 -2.23741441e+00 -1.40405708e+00
 -1.14029742e+00 -6.90121662e-01 -1.92741869e-01  1.63530699e-01
  6.28064140e-01 -2.65405170e-01  3.00519078e+00  4.81224519e-01
 -3.84067870e-03 -2.34180690e+00 -1.15350408e+00  1.17834927e+00
  1.21141651e+00  7.19485030e-01 -1.11707602e-01  1.05965933e+00
  3.97566883e+00  4.41908648e-01  1.36466391e-01  4.93917826e-01
  1.12357404e-01 -3.08172873e-01] 5.005068228075785e-05 True
warning: basinhopping: local minimization failure
basinhopping step 87: f 4.22067e-05 trial_f 4.22067e-05 accepted 1  lowest_f 1.81783e-05
[-0.19925175 -0.7661347   0.13614249 -0.57845706  0.67986795 -0.03002273
 -1.23731883 -0.92565956 -0.93992385 -0.5158518   0.15980074 -0.05553704
  0.26791834  0.98927518  3.93061895  0.62092652  0.10882243 -1.93598059
 -1.31174052  1.32541303  1.33959471  0.64961449 -0.18824896  0.29179273
  3.7069039  -0.49579961  0.38424913  0.15715139  0.27022178  0.94304745] 4.2206746755695876e-05 True
warning: basinhopping: local minimization failure
basinhopping step 88: f 8.19897e-05 trial_f 8.19897e-05 accepted 1  lowest_f 1.81783e-05
[-1.75309581 -1.30531804 -0.46328402 -1.11118256 -1.19651329 -0.70731712
 -0.45369473 -1.04200999 -0.6784257   0.4953487  -0.11779444  0.38390541
  1.01248061  1.54163018  3.83348157  0.19047938  0.67570984 -0.45688733
 -0.50793527 -0.36266669  0.01717589 -0.19201698 -0.78918041 -0.09121038
  3.46963644 -0.40344648  0.1205065  -0.06709905  0.43347309  1.2267479 ] 8.198973258312645e-05 True
warning: basinhopping: local minimization failure
basinhopping step 89: f 4.57801e-05 trial_f 4.57801e-05 accepted 1  lowest_f 1.81783e-05
[-1.80273791 -1.05572383 -0.36701023 -0.84565264 -0.8727941  -0.34834547
 -0.10529005 -1.23328174 -0.57561275  0.35423259  0.09865737  1.16215448
  0.78135079  1.60889848  3.44605885  0.37603381  0.71289415 -0.47521151
 -0.34631357 -0.01463023  0.34527718  0.45025321 -0.40814943  0.26073013
  3.537388    0.00948564  0.50973948  0.73301768  0.80470115  1.86385673] 4.5780064567415026e-05 True
warning: basinhopping: local minimization failure
basinhopping step 90: f 8.87759e-05 trial_f 8.87759e-05 accepted 1  lowest_f 1.81783e-05
[-2.12261125 -0.50218163 -1.36323209 -1.53425366 -1.09624402 -0.56710349
 -0.13543914 -0.93197986 -0.22915032  0.30767995  0.19602454  0.31228303
 -0.28154586  2.26561845  3.3486632  -0.14100677  1.20553271  0.26542839
 -0.13369271 -0.10927653  0.01062264  0.03818038 -0.57342895  0.83022907
  3.92229203  0.023488    0.67611395  1.11793376  1.30111194  2.42503789] 8.87759459411131e-05 True
warning: basinhopping: local minimization failure
basinhopping step 91: f 4.1135e-05 trial_f 4.1135e-05 accepted 1  lowest_f 1.81783e-05
[-2.14510315e+00 -9.05283107e-01 -1.44376644e+00 -7.46777943e-01
 -7.72434675e-01 -2.73579686e-01 -1.04569364e-01 -7.35457110e-01
  1.91830699e-03  4.74279189e-01  5.79126359e-01  9.22282771e-01
  3.05797315e-01  2.49887225e+00  2.78031567e+00  1.31879254e-01
  1.40690981e+00  3.39645330e-01 -6.91841562e-02  2.16681309e-01
  3.04401263e-01  1.13774850e-01  1.45064846e-01  5.74178142e-01
  4.23040913e+00  4.44645587e-02  5.93938209e-01  1.60744932e+00
  1.13172018e+00  2.24053097e+00] 4.113497319395764e-05 True
warning: basinhopping: local minimization failure
basinhopping step 92: f 8.50368e-05 trial_f 8.50368e-05 accepted 1  lowest_f 1.81783e-05
[-1.1633367  -0.79589124 -1.05164147  0.07198931  0.6836375  -0.19003089
  0.36035288 -0.1415322  -0.46663492  0.19766931 -0.08289811  1.02847699
  0.39314124  2.61643298  3.40171711  0.79903915  0.85163292 -0.17076392
 -0.67493546 -0.59430454  0.04434229  0.73139574 -0.168127    0.39708862
  3.94011677  0.51644802  1.12847124  1.7422249   0.99830609  1.90760463] 8.503680849216572e-05 True
warning: basinhopping: local minimization failure
basinhopping step 93: f 8.97919e-05 trial_f 8.97919e-05 accepted 1  lowest_f 1.81783e-05
[-1.39483934 -0.71012847 -0.39505377 -0.07334607  0.83144817  0.08228986
  0.16656528 -0.7392455  -0.35494564  0.62473762  0.17909731  0.7335877
  0.32592823  2.50718144  3.55740008  1.23935993  0.27881214 -0.38054025
 -0.61331448  0.11820155  0.38080773  1.14000951  0.30083901 -0.16921541
  3.73648228  0.87906919  1.33446017  1.42074488  1.19440985  2.24416756] 8.979188154105964e-05 True
warning: basinhopping: local minimization failure
basinhopping step 94: f 0.000112052 trial_f 0.000112052 accepted 1  lowest_f 1.81783e-05
[-0.79423022 -0.67268062 -1.50257766 -0.15505511  1.58604272  0.11453951
  0.15143014  0.07067689  0.5311942   0.2270517   0.01473864  0.4032004
 -0.05984309  2.7493603   3.29474327  1.41822227  0.26187739  0.12913504
 -0.20180572  0.16246496  0.85367644  1.55130343  0.99390455  0.47319484
  3.16459224  1.0604283   1.07425841  1.609688    1.56876599  2.52858678] 0.00011205162711267023 True
warning: basinhopping: local minimization failure
basinhopping step 95: f 0.000215757 trial_f 0.000215757 accepted 1  lowest_f 1.81783e-05
[-0.19334284 -0.1520553  -0.54413546  0.47119691  2.36178977  0.03629482
  0.3903447  -0.50944611 -0.3414568   0.33944908 -0.65169517  0.66573018
  0.53147006  3.01351878  2.93427472  1.04220447  0.14504334  0.33856731
 -0.51135754  0.69413014  1.09082119  1.89761383  1.04269593  1.08862672
  3.15562065  0.68316808  1.28486519  1.55348426  1.98706627  2.73362044] 0.0002157574291496773 True
warning: basinhopping: local minimization failure
basinhopping step 96: f 0.000142444 trial_f 0.000142444 accepted 1  lowest_f 1.81783e-05
[-0.63006212 -0.40305245 -0.69615445 -0.01759467  1.81029396 -0.85588323
  0.19711804  0.21106616 -0.34218337 -0.80567218 -1.14361421 -0.28820304
  0.17870948  3.04160695  2.7331551   0.52624744  0.11498258 -0.0994518
 -0.29991187  0.75304788  0.8881801   2.29056202  0.86909293  0.85645297
  2.81403403  0.78160662  1.28239903  1.19106286  1.86453228  2.66514224] 0.0001424442576142332 True
warning: basinhopping: local minimization failure
basinhopping step 97: f 0.000105787 trial_f 0.000105787 accepted 1  lowest_f 1.81783e-05
[-0.9629978  -0.52105912 -1.01048155 -0.69453743  2.14704253  0.30913761
  0.47156111  0.05488057 -0.38463551  0.02370058 -0.94356355  0.1595698
  0.27104219  2.25436672  2.39578922 -0.0430871  -0.39669146 -1.11116523
 -1.24149216 -0.51809944 -0.2378199   0.75537827  1.08354111  0.39858346
  2.96366626  0.31347428  0.94631805  0.72434138  0.41449038  1.49097205] 0.00010578707621929488 True
warning: basinhopping: local minimization failure
basinhopping step 98: f 4.65738e-05 trial_f 4.65738e-05 accepted 1  lowest_f 1.81783e-05
[ 0.35057405  0.06715462  0.03219103 -0.62540208  2.1905956  -1.13723896
 -0.16024413  0.16799502 -0.82919567  0.38266922 -0.98174991 -0.12117842
  1.74061832  2.51544486  2.50669038 -0.02897211 -1.0440886  -0.34889356
 -0.1885127   0.46536606  0.71566115  1.41428246  1.69816698  0.79490063
  3.104251    0.59592002  0.54382914  0.53619688 -0.11022771  0.83818637] 4.6573812022780704e-05 True
warning: basinhopping: local minimization failure
basinhopping step 99: f 0.00018436 trial_f 0.00018436 accepted 1  lowest_f 1.81783e-05
[-0.0462314  -0.18774787  0.52853967  0.38532165  2.66611283 -0.54936998
 -1.42142265  0.34531135 -1.15212219 -0.07815724 -0.97547656 -0.17083586
  2.23676682  3.05932044  2.38116417  0.00942983 -0.30350179 -0.37832241
 -1.15629858  0.27802917  0.73066173  1.04501662  1.57777498  1.03661311
  3.69393776  0.01609829  0.50985837  1.23237703  0.51456113  0.5327023 ] 0.0001843595033681608 True
adaptive stepsize: acceptance rate 0.990000 target 0.500000 new stepsize 0.617284 old stepsize 0.555556
warning: basinhopping: local minimization failure
basinhopping step 100: f 0.000101269 trial_f 0.000101269 accepted 1  lowest_f 1.81783e-05
[ 0.14428841 -0.15561007  0.3125736   0.1765835   2.25021851 -0.90341793
 -0.87731779 -0.28507896 -1.06293707  0.05404523 -0.40940787 -0.40230307
  1.09129405  2.56276539  1.44463229 -0.35309545 -0.38767134 -0.38334276
 -0.66548627  0.40855849  0.83664053  1.00247013  2.09756212  0.94451987
  3.50098194  0.21395453  1.08210138  0.85011975  0.38885074  0.25114213] 0.00010126927941306515 True
                        fun: 1.8178257410190752e-05
 lowest_optimization_result:       fun: 1.8178257410190752e-05
 hess_inv: array([[ 42.22844716,  35.34177775,  30.04831712,  19.86182608,
         50.93355725,  46.94575626,  33.86537641,  55.58782046,
         59.6995126 ,  64.52596923,  68.28316112,  61.63306003,
         47.34449877,  57.69869287,  70.42826952,  81.57361514,
         99.68749658,  82.54916091,  65.60464638,  55.95802033,
         61.82235179,  53.11288213,  47.19516038,  35.25524394,
         74.96506192,  59.90845376,  26.95991072,  42.81378295,
         63.85333169,  87.10865469],
       [ 35.34177776,  32.44806163,  27.99541176,  13.28831116,
         36.41431997,  33.80738756,  26.20453261,  44.88785026,
         46.90308861,  50.18742147,  53.7647375 ,  46.0362566 ,
         34.79495294,  46.01723381,  56.75416733,  66.75613614,
         79.24805446,  64.26021245,  52.49390733,  43.14447722,
         47.93228767,  42.20297245,  35.43676014,  27.81679355,
         59.2257874 ,  48.14722359,  22.31747328,  33.49885101,
         50.88595993,  68.52854174],
       [ 30.04831712,  27.99541176,  27.51586894,   8.31799091,
         20.42306763,  18.34206573,  16.4678692 ,  34.68489546,
         29.65573961,  28.22227323,  33.12753194,  27.31945811,
         17.45333254,  30.17738495,  35.8891255 ,  40.8233146 ,
         47.81293464,  40.91632731,  38.21580274,  27.3567905 ,
         32.07816265,  30.41243673,  20.30006349,  14.13854817,
         30.41104498,  22.45406568,  13.20843721,  21.50818907,
         33.09073829,  45.34391105],
       [ 19.86182606,  13.28831115,   8.31799089,  24.91547496,
         51.68217519,  49.93180685,  31.57388945,  32.52522109,
         46.45668782,  50.85510644,  49.23751345,  49.37491907,
         43.16356185,  41.11929753,  50.00516243,  63.62280453,
         79.76079642,  63.18743556,  42.28897751,  40.53029938,
         43.90379129,  32.43930203,  33.56443911,  29.60127863,
         65.11516016,  53.80104347,  17.45556618,  27.77787954,
         44.2287967 ,  60.75888627],
       [ 50.93355723,  36.41431995,  20.4230676 ,  51.6821752 ,
        126.11331356, 120.07344114,  74.63961791,  86.11634962,
        121.46338532, 139.09217569, 138.58815167, 133.53793148,
        115.52805035, 113.72560813, 137.40834767, 168.61639563,
        208.24125933, 163.15618274, 111.39226143, 106.81450333,
        117.128522  ,  90.45573461,  97.67065888,  84.30737831,
        181.41622264, 151.60339879,  54.85735628,  82.05510699,
        119.86616721, 162.68205049],
       [ 46.94575623,  33.80738754,  18.3420657 ,  49.93180685,
        120.07344113, 115.83878271,  72.26407127,  81.82907482,
        116.92369507, 132.40926815, 132.03866084, 128.06750623,
        110.92711604, 107.55976051, 130.38028554, 162.84423571,
        200.87663355, 157.10873605, 106.50455934, 102.08367747,
        113.36085976,  87.39873508,  93.06779995,  81.01245693,
        173.4109505 , 144.47135624,  51.2443322 ,  78.14487382,
        115.610838  , 157.60983115],
       [ 33.8653764 ,  26.2045326 ,  16.46786919,  31.57388946,
         74.63961791,  72.26407127,  47.85043769,  55.30678739,
         77.13899827,  86.79491113,  84.99468964,  81.25597998,
         70.27629438,  69.51887031,  85.32434307, 106.28978457,
        131.48937738, 103.45354649,  71.59489472,  69.78404379,
         75.12577735,  57.7738086 ,  60.30865903,  51.05714018,
        109.328589  ,  91.21177421,  31.38514447,  49.43789243,
         78.45547651, 105.40572624],
       [ 55.58782045,  44.88785025,  34.68489545,  32.5252211 ,
         86.11634965,  81.82907484,  55.3067874 ,  83.34785244,
         98.58396035, 107.74591667, 113.93055633, 106.55156428,
         84.83436281,  93.26191894, 111.94893999, 133.70047438,
        163.84208524, 133.25304097, 101.15518702,  89.48647461,
        102.58630704,  86.28963542,  81.45821315,  63.24894182,
        132.03945257, 105.62246138,  43.70967782,  71.36585146,
        103.88021405, 142.76409999],
       [ 59.69951259,  46.9030886 ,  29.6557396 ,  46.45668782,
        121.46338533, 116.92369508,  77.13899827,  98.58396034,
        132.9940418 , 150.85911259, 151.98651449, 143.77900591,
        121.54005816, 122.54856324, 148.66300161, 181.68395709,
        223.64424302, 176.61814041, 125.14418394, 120.22649487,
        132.91011564, 105.88492674, 110.19576239,  90.25722334,
        189.93982248, 156.95153711,  57.48350803,  91.06550194,
        137.39169576, 185.45088057],
       [ 64.52596922,  50.18742146,  28.22227322,  50.85510645,
        139.0921757 , 132.40926815,  86.79491114, 107.74591666,
        150.85911258, 177.12523315, 174.60224085, 163.66642384,
        141.25671829, 140.06534236, 171.87237915, 207.33329168,
        255.88422414, 200.28484151, 138.70731351, 138.86159756,
        148.249626  , 116.12666658, 128.28645582, 105.35835563,
        222.61473174, 187.34243705,  67.93640746, 103.61523065,
        156.28962   , 208.17651285],
       [ 68.28316111,  53.76473748,  33.12753193,  49.23751347,
        138.58815169, 132.03866086,  84.99468965, 113.93055632,
        151.9865145 , 174.60224086, 179.38807806, 168.25221703,
        140.99662046, 144.0747715 , 173.21046759, 209.01658846,
        255.3244771 , 200.57585128, 142.92622012, 134.94099654,
        152.03313126, 123.51451023, 129.78156111, 106.75228348,
        223.68865367, 184.91388567,  71.07268128, 108.97008131,
        155.78573873, 211.2225043 ],
       [ 61.63306002,  46.03625659,  27.31945809,  49.37491908,
        133.53793149, 128.06750624,  81.25597999, 106.55156427,
        143.77900591, 163.66642384, 168.25221703, 161.05513907,
        134.90848773, 134.23208616, 160.45274895, 194.98158651,
        240.08724391, 189.86227825, 134.02157658, 127.31384738,
        145.07503253, 117.08162462, 123.10454027, 100.20527062,
        209.33547575, 171.31304339,  64.46812612, 102.37777879,
        146.38008957, 200.23936397],
       [ 47.34449876,  34.79495293,  17.45333253,  43.16356185,
        115.52805035, 110.92711604,  70.27629438,  84.83436279,
        121.54005816, 141.25671829, 140.99662045, 134.90848772,
        116.42661221, 112.44611601, 135.94775416, 165.96040381,
        205.15968077, 160.48920132, 109.85026394, 109.11496627,
        120.08862395,  93.90983002, 103.67636705,  86.13181886,
        181.23986486, 151.08831474,  54.14500396,  84.07021831,
        123.7398515 , 166.82999464],
       [ 57.69869286,  46.01723379,  30.17738494,  41.11929754,
        113.72560816, 107.55976053,  69.51887032,  93.26191893,
        122.54856324, 140.06534236, 144.0747715 , 134.23208617,
        112.44611602, 118.08240607, 141.01047042, 169.04865021,
        205.96360409, 162.02308804, 117.26537192, 108.97767451,
        121.9788904 ,  99.00842357, 102.66945412,  85.28406156,
        180.48510244, 149.53294797,  58.13772209,  87.69930795,
        125.78422663, 169.49788842],
       [ 70.42826951,  56.75416732,  35.88912549,  50.00516244,
        137.40834769, 130.38028556,  85.32434308, 111.94893998,
        148.66300161, 171.87237916, 173.21046759, 160.45274896,
        135.94775417, 141.01047042, 173.1188581 , 208.66029912,
        255.01519894, 200.57243688, 142.56571761, 135.45477122,
        147.33147005, 118.25426562, 124.19114197, 103.27242483,
        218.50345285, 183.29000289,  70.76319225, 105.50840844,
        155.01294709, 207.9016409 ],
       [ 81.57361513,  66.75613614,  40.8233146 ,  63.62280453,
        168.61639563, 162.84423571, 106.28978458, 133.70047437,
        181.68395709, 207.3332917 , 209.01658846, 194.98158651,
        165.96040382, 169.04865022, 208.66029912, 258.38636098,
        314.17340657, 244.98287051, 171.25757938, 161.77715974,
        179.04291311, 143.04203239, 148.03696156, 126.76154188,
        267.77349914, 224.5648783 ,  84.61589078, 126.51814494,
        187.31239347, 252.98050049],
       [ 99.68749657,  79.24805445,  47.81293463,  79.76079642,
        208.24125934, 200.87663356, 131.48937739, 163.84208522,
        223.64424302, 255.88422415, 255.3244771 , 240.0872439 ,
        205.15968078, 205.96360408, 255.01519894, 314.17340657,
        385.64686384, 303.11328412, 211.27624347, 203.41214328,
        221.9464028 , 175.6369705 , 183.85951731, 154.17968534,
        325.29156134, 272.38257281, 100.99726542, 154.51408371,
        232.83367559, 313.74460941],
       [ 82.54916089,  64.26021244,  40.91632729,  63.18743557,
        163.15618276, 157.10873606, 103.4535465 , 133.25304096,
        176.61814042, 200.28484153, 200.57585128, 189.86227825,
        160.48920133, 162.02308804, 200.57243688, 244.98287051,
        303.11328413, 242.0344218 , 171.2969626 , 164.03817341,
        178.84664524, 142.34816066, 146.39232519, 118.87478065,
        249.72218895, 207.05921604,  77.86995181, 123.30350982,
        186.96801883, 252.7739973 ],
       [ 65.60464637,  52.49390732,  38.21580273,  42.28897753,
        111.39226145, 106.50455936,  71.59489473, 101.15518702,
        125.14418395, 138.70731352, 142.92622013, 134.02157659,
        109.85026396, 117.26537192, 142.56571762, 171.25757939,
        211.27624348, 171.29696261, 127.40314305, 116.81858994,
        129.99390376, 106.54947603, 103.76625974,  81.80133907,
        171.02866416, 139.26737907,  55.4277279 ,  89.85239521,
        134.90466165, 182.8062076 ],
       [ 55.95802032,  43.14447722,  27.3567905 ,  40.53029939,
        106.81450335, 102.08367748,  69.78404379,  89.4864746 ,
        120.22649487, 138.86159756, 134.94099654, 127.31384738,
        109.11496627, 108.97767451, 135.45477121, 161.77715973,
        203.41214327, 164.03817341, 116.81858994, 118.11966343,
        122.94647767,  95.93287054, 102.53737368,  79.29998575,
        166.25790541, 138.64080716,  49.90298153,  82.1530988 ,
        131.79536531, 174.3876081 ],
       [ 61.82235178,  47.93228766,  32.07816264,  43.90379129,
        117.12852202, 113.36085977,  75.12577736, 102.58630704,
        132.91011565, 148.24962601, 152.03313126, 145.07503253,
        120.08862396, 121.9788904 , 147.33147006, 179.04291312,
        221.94640281, 178.84664524, 129.99390376, 122.94647768,
        138.52884791, 112.45792333, 113.15618081,  88.88882121,
        184.00171043, 149.22285041,  56.60453625,  94.72258404,
        142.08641854, 193.21713055],
       [ 53.11288212,  42.20297245,  30.41243672,  32.43930204,
         90.45573463,  87.3987351 ,  57.77380861,  86.28963542,
        105.88492676, 116.1266666 , 123.51451024, 117.08162463,
         93.90983003,  99.00842358, 118.25426563, 143.0420324 ,
        175.63697052, 142.34816067, 106.54947603,  95.93287055,
        112.45792334,  94.50915205,  91.07101293,  70.83943645,
        145.14179871, 115.74133356,  47.08719562,  78.81158201,
        113.2760027 , 156.12601517],
       [ 47.19516037,  35.43676014,  20.30006348,  33.56443912,
         97.67065889,  93.06779996,  60.30865904,  81.45821315,
        110.1957624 , 128.28645582, 129.78156111, 123.10454027,
        103.67636706, 102.66945412, 124.19114197, 148.03696156,
        183.85951731, 146.39232519, 103.76625974, 102.53737369,
        113.15618081,  91.07101292,  98.65214631,  77.40980511,
        160.18078959, 132.02501131,  49.84599137,  80.11666588,
        116.97331794, 157.62955773],
       [ 35.25524394,  27.81679355,  14.13854817,  29.60127863,
         84.3073783 ,  81.01245693,  51.05714018,  63.24894181,
         90.25722334, 105.35835564, 106.75228347, 100.20527062,
         86.13181886,  85.28406156, 103.27242482, 126.76154188,
        154.17968534, 118.87478064,  81.80133907,  79.29998575,
         88.8888212 ,  70.83943644,  77.4098051 ,  66.45476447,
        139.26474332, 117.03768266,  43.74768873,  64.67106418,
         92.26031655, 124.15472198],
       [ 74.9650619 ,  59.22578739,  30.41104497,  65.11516016,
        181.41622264, 173.4109505 , 109.328589  , 132.03945255,
        189.93982248, 222.61473175, 223.68865365, 209.33547573,
        181.23986486, 180.48510243, 218.50345284, 267.77349912,
        325.29156132, 249.72218893, 171.02866414, 166.25790541,
        184.00171042, 145.14179868, 160.18078958, 139.26474331,
        295.07499098, 249.32051767,  92.29123704, 133.90332396,
        191.87421435, 257.05210797],
       [ 59.90845375,  48.14722358,  22.45406568,  53.80104347,
        151.60339879, 144.47135623,  91.21177421, 105.62246137,
        156.9515371 , 187.34243704, 184.91388565, 171.31304337,
        151.08831473, 149.53294796, 183.29000288, 224.56487827,
        272.38257278, 207.05921601, 139.26737906, 138.64080716,
        149.22285039, 115.74133353, 132.0250113 , 117.03768265,
        249.32051766, 213.93231911,  78.29944539, 109.60195204,
        158.95657702, 210.36049625],
       [ 26.95991072,  22.31747328,  13.20843721,  17.45556619,
         54.85735629,  51.24433221,  31.38514448,  43.70967782,
         57.48350803,  67.93640747,  71.07268128,  64.46812612,
         54.14500397,  58.13772209,  70.76319225,  84.61589079,
        100.99726543,  77.86995181,  55.4277279 ,  49.90298153,
         56.60453625,  47.08719562,  49.84599137,  43.74768873,
         92.29123705,  78.2994454 ,  33.23672899,  45.20594617,
         59.2467038 ,  79.99884032],
       [ 42.81378295,  33.498851  ,  21.50818906,  27.77787955,
         82.05510701,  78.14487383,  49.43789244,  71.36585145,
         91.06550195, 103.61523067, 108.97008132, 102.3777788 ,
         84.07021832,  87.69930796, 105.50840844, 126.51814495,
        154.51408373, 123.30350983,  89.85239521,  82.1530988 ,
         94.72258404,  78.81158201,  80.11666588,  64.67106419,
        133.90332398, 109.60195206,  45.20594617,  70.09983482,
         96.74809616, 132.32739014],
       [ 63.85333169,  50.88595992,  33.09073829,  44.22879671,
        119.86616722, 115.61083802,  78.45547652, 103.88021405,
        137.39169576, 156.28962   , 155.78573873, 146.38008957,
        123.7398515 , 125.78422663, 155.01294709, 187.31239347,
        232.83367559, 186.96801883, 134.90466165, 131.79536532,
        142.08641854, 113.27600269, 116.97331794,  92.26031655,
        191.87421436, 158.95657703,  59.2467038 ,  96.74809615,
        150.94462295, 201.24464517],
       [ 87.10865468,  68.52854174,  45.34391105,  60.75888628,
        162.68205051, 157.60983117, 105.40572625, 142.76409999,
        185.45088058, 208.17651287, 211.22250431, 200.23936398,
        166.82999466, 169.49788843, 207.90164091, 252.98050051,
        313.74460943, 252.7739973 , 182.80620759, 174.38760811,
        193.21713055, 156.12601516, 157.62955774, 124.15472199,
        257.052108  , 210.36049628,  79.99884032, 132.32739014,
        201.24464517, 272.2449486 ]])
      jac: array([-1.86964148e-05, -6.81440511e-05,  5.39764753e-04, -2.41717245e-04,
        7.28333025e-05,  2.01959492e-04, -5.06896686e-04, -4.53502664e-04,
        1.26968172e-03, -1.42370871e-03,  6.68622961e-04,  3.34668360e-04,
       -3.32024006e-05, -7.64005531e-04,  9.85458385e-04, -8.98758343e-04,
        5.38300307e-04, -2.14264614e-04, -9.59018843e-04,  2.41251589e-03,
       -1.95635425e-03,  1.16108783e-03, -1.80470876e-03,  1.34005414e-03,
        3.73561916e-04, -2.09213960e-04, -1.64350950e-03,  2.02185633e-03,
       -5.40777186e-04, -1.48914500e-04])
  message: 'Desired error not necessarily achieved due to precision loss.'
     nfev: 16566
      nit: 432
     njev: 534
   status: 2
  success: False
        x: array([ 0.02857602,  0.19027392,  2.09256605,  2.54870085,  3.21299531,
        1.35963805,  0.65683569,  0.78877518,  0.62534136,  0.24338473,
        0.98557563,  0.53574679,  0.31168658, -0.19353641,  0.22252446,
        0.79651756, -0.27337317, -0.61796837, -0.36390431, -0.39463418,
        0.4096182 , -0.27787073,  0.14734005,  0.16733091, -0.02903543,
       -1.22053505, -0.99975808, -1.42714349, -1.5286122 , -1.14590688])
                    message: ['requested number of basinhopping iterations completed successfully']
      minimization_failures: 101
                       nfev: 1835536
                        nit: 100
                       njev: 59173
                          x: array([ 0.02857602,  0.19027392,  2.09256605,  2.54870085,  3.21299531,
        1.35963805,  0.65683569,  0.78877518,  0.62534136,  0.24338473,
        0.98557563,  0.53574679,  0.31168658, -0.19353641,  0.22252446,
        0.79651756, -0.27337317, -0.61796837, -0.36390431, -0.39463418,
        0.4096182 , -0.27787073,  0.14734005,  0.16733091, -0.02903543,
       -1.22053505, -0.99975808, -1.42714349, -1.5286122 , -1.14590688])

Process finished with exit code 0
