E:\CURPROJECT\SimsV3\venv\Scripts\python.exe E:/CURPROJECT/SimsV3/Simple_ManyWP_reproducability_test1.py
warning: basinhopping: local minimization failure
basinhopping step 0: f 2.05302e-05
[ 0.39394601  5.84352602  0.20705278  2.59958068  5.4382786   2.60948063
  3.83925649 -0.05219868  4.4598225   6.54774275  3.0160559   3.20592807
  5.89225672  2.28331503  4.69937025  2.00291972  1.63746722  5.63944516
  0.22035483  5.72633377  3.06549771 -0.39196457  4.61837313  5.52556108
  3.59009103  0.01522079  3.87388081  0.3855515   0.62200205  1.9446907
  6.25408782  0.75088327  1.22259191  4.83793894  1.64537707  6.54450336
  0.80877184  5.84330807  3.86504611  5.54744505  4.23292979  3.86837628
  6.10246854  6.32115903  4.27289412] 2.0530240412507493e-05 True
warning: basinhopping: local minimization failure
basinhopping step 1: f 3.29315e-05 trial_f 3.29315e-05 accepted 1  lowest_f 2.05302e-05
[ 0.70090407  6.35684308  0.38787621  2.78856491  5.37367613  2.70117351
  4.05072501 -0.42846191  4.3261233   6.34209278  3.26949122  3.32185297
  5.38830806  1.80928204  5.31011811  2.26936131  1.70033175  5.86157976
  0.30352895  6.05679471  3.27782779  0.09102948  4.85385816  5.83834914
  3.91172628  0.13635951  3.48426704 -0.22202223  0.41361656  1.25842641
  6.26162217  0.74878544  0.81953008  4.16808015  1.20067673  5.59846523
  1.08606509  5.70337088  4.18676018  5.50587778  4.88924097  3.89364089
  6.11111124  5.78792566  4.12511764] 3.2931469673681356e-05 True
warning: basinhopping: local minimization failure
basinhopping step 2: f 1.95796e-05 trial_f 1.95796e-05 accepted 1  lowest_f 1.95796e-05
found new global minimum on step 2 with function value 1.95796e-05
[ 0.6248048   6.1619686   0.42776165  2.48227272  6.71552822  2.68505001
  3.83247968 -0.56659742  4.21786322  6.28687863  4.2481131   3.66615149
  5.759735    2.00250292  5.52815414  2.51791876  1.66683992  5.38171015
 -0.30185368  5.49684942  3.13472026  0.21871534  3.90913497  5.78070456
  3.92412938 -0.63555461  3.11438886  0.12765008  0.61148554  0.42492162
  5.58721633 -0.14857471  0.32831109  4.22068155  0.89180234  5.42003029
  0.75708233  5.2930142   4.46865029  4.82209934  3.48446492  4.42056317
  6.99597159  5.51884986  3.77336292] 1.9579570377093406e-05 True
warning: basinhopping: local minimization failure
basinhopping step 3: f 1.73815e-05 trial_f 1.73815e-05 accepted 1  lowest_f 1.73815e-05
found new global minimum on step 3 with function value 1.73815e-05
[-0.11203208  4.69142391 -0.34331344  2.22420836  5.68972738  2.19189523
  3.39404987 -1.04750698  3.30861352  5.25864577  3.46069346  3.58764684
  5.81232359  2.05965517  5.25800215  2.80225474  1.79643631  4.81217756
 -0.68752028  5.76249128  3.39100663  0.92720258  3.47742426  5.78562888
  3.32097837 -0.28799155  2.82656935  0.70238847  0.27829094  0.02002073
  5.97991411  0.24306868  0.51426969  4.46928342  1.19596641  5.29313926
  1.6238834   6.00063279  3.82582119  4.83184007  4.16851262  4.807149
  6.1873151   5.75683353  3.8888673 ] 1.7381496613030353e-05 True
warning: basinhopping: local minimization failure
basinhopping step 4: f 5.29921e-06 trial_f 5.29921e-06 accepted 1  lowest_f 5.29921e-06
found new global minimum on step 4 with function value 5.29921e-06
[ 0.26888856  4.51717608  0.32672513  3.12415317  6.28562017  2.14410503
  2.95234827 -0.432832    3.5592105   4.96094127  3.48465779  3.64046097
  5.72674159  2.15167258  4.94915721  2.27011483  1.9805813   5.19982223
 -0.04669436  5.73951659  3.31365631  1.24729391  3.60801042  5.95514333
  2.82846638  0.34963397  2.79490383  0.67087783 -0.07765276  0.08221134
  5.79342095  0.22598456  0.06340078  4.63968373  0.78096167  5.02988207
  1.17635408  6.56207385  4.25281438  4.81408157  3.91150908  4.18095078
  6.04519572  5.36570567  3.91708277] 5.299205617632303e-06 True
warning: basinhopping: local minimization failure
basinhopping step 5: f 4.44063e-05 trial_f 4.44063e-05 accepted 1  lowest_f 5.29921e-06
[-0.2746364   3.64315061 -0.28343082  1.9914512   5.45127238  1.69354902
  2.45815299 -0.64047963  4.08282185  5.75230433  2.6442251   3.00495208
  5.55416598  1.34950363  4.45737431  2.59905884  2.36103327  5.68574131
  0.48895976  6.47491109  2.72805206  0.83307521  3.00973782  5.71779636
  2.40068108  0.24913559  2.85846123  0.99409966  0.60621687  0.21253408
  5.57988373 -0.40567603 -0.16210745  3.66492141  0.87513175  5.00467956
  1.10351568  6.2275477   5.06049076  5.26075699  3.72290139  4.4882126
  6.25870828  4.33168668  4.27568849] 4.440625285110707e-05 True
warning: basinhopping: local minimization failure
basinhopping step 6: f 3.02006e-05 trial_f 3.02006e-05 accepted 1  lowest_f 5.29921e-06
[-0.13705024  2.97990771  0.54221022  2.34753262  5.12626479  1.67188943
  2.09395334 -0.87567539  3.66877283  5.40851156  2.46479628  3.52088743
  5.37968746  1.8575509   4.8992007   2.59802488  2.69358759  5.80948673
  0.58560383  5.97887738  3.16433607  1.76974598  2.53221129  5.66418048
  1.33328867  0.0158357   2.33630246  0.69499601  0.25034684  0.28746148
  5.71444416 -0.10645462  0.20798581  3.79339879 -0.26263434  4.20279709
  0.86251547  5.62952966  4.56220255  4.61986928  3.74633584  4.98651526
  6.14599682  5.13302393  3.8711647 ] 3.0200566318314755e-05 True
warning: basinhopping: local minimization failure
basinhopping step 7: f 2.58934e-05 trial_f 2.58934e-05 accepted 1  lowest_f 5.29921e-06
[ 0.19181206  2.53346727  0.88950367  2.60289289  5.3288012   1.7381235
  1.62336586  0.01586534  3.64268136  5.32453776  2.70287373  3.62148788
  5.40951141  2.00667092  5.37751867  2.90089281  3.07821714  5.94895711
  0.29738542  5.98310467  2.75453404  1.72571092  2.53308244  5.46019727
  1.67732686 -0.15087107  2.40510024  0.70597698  0.64425202  0.2697001
  6.18187318  0.10553937  0.70048797  3.39557224  0.57399007  3.56722026
  1.01477155  4.96084527  4.10390821  4.73928001  3.38500851  5.11703934
  5.60189193  5.02919862  3.43682688] 2.589335885720536e-05 True
warning: basinhopping: local minimization failure
basinhopping step 8: f 3.88848e-05 trial_f 3.88848e-05 accepted 1  lowest_f 5.29921e-06
[-0.2068115   2.61866383  1.61124764  2.2739648   4.97626545  1.51944387
  1.93509194 -0.18464618  3.26780854  5.62970487  2.90797637  3.15160803
  5.22174046  1.9545799   4.63764626  2.98663125  2.90241716  5.42331893
  0.43853751  5.28562553  2.73115786  2.29945892  2.63320133  4.43336364
  2.73117523  0.75870927  3.09202364  0.90503558 -0.07614979 -0.24408816
  5.64278615  0.44596396  0.54242843  3.45511148 -0.9419122   3.41654366
  0.88054563  4.28220794  4.0793164   4.67801832  4.46209132  6.06413547
  5.6290232   4.6507764   2.92631794] 3.888482018283129e-05 True
warning: basinhopping: local minimization failure
basinhopping step 9: f 1.46662e-05 trial_f 1.46662e-05 accepted 1  lowest_f 5.29921e-06
[ 9.65322384e-01  3.23662777e+00  2.55946297e+00  3.15725456e+00
  5.05022857e+00  1.01141439e+00  1.83620961e+00  4.86935935e-01
  3.14951320e+00  6.00626886e+00  2.37673571e+00  2.77108617e+00
  5.13270837e+00  1.86634361e+00  4.93787753e+00  2.51264150e+00
  3.03681108e+00  5.22625620e+00 -1.30603410e-03  5.63077345e+00
  2.85147979e+00  1.96641392e+00  1.87680000e+00  4.55767713e+00
  2.30421235e+00  1.68294528e-01  2.52825336e+00 -2.78213016e-01
  8.92241409e-02  2.30687594e-02  5.52320462e+00  7.29551155e-01
  7.54093864e-01  3.39235818e+00 -8.20186439e-01  4.01973695e+00
  9.79253886e-01  3.71320944e+00  3.74913240e+00  4.35896941e+00
  4.21300904e+00  5.83538500e+00  5.71772952e+00  5.52580232e+00
  3.26782334e+00] 1.4666192254450024e-05 True
warning: basinhopping: local minimization failure
basinhopping step 10: f 1.4005e-05 trial_f 1.4005e-05 accepted 1  lowest_f 5.29921e-06
[ 0.88258842  3.27884797  2.15416152  2.56718741  5.08824023  1.20627144
  1.83285645  1.83811678  3.02802525  5.25994876  2.50634198  1.66894036
  4.58118042  2.38342704  6.22421934  2.51500446  3.44627067  6.32484406
 -0.5250696   5.31812798  2.58426214  2.42970296  1.85070234  4.0536186
  1.65688337 -0.69152691  1.60138436 -0.44775449 -0.26287765 -0.29452471
  6.09624366  0.26442966  0.49310396  3.25568095 -0.21719134  4.53719242
  2.72757993  3.86255758  4.62850982  4.23024691  4.49079867  6.49073899
  5.55998738  5.64471551  3.96091724] 1.4005007454841239e-05 True
warning: basinhopping: local minimization failure
basinhopping step 11: f 6.05257e-06 trial_f 6.05257e-06 accepted 1  lowest_f 5.29921e-06
[ 8.37353952e-01  2.17813063e+00  1.13969486e+00  2.93135493e+00
  4.18249745e+00  6.55073135e-01  1.51707010e+00  1.91239633e+00
  2.84279803e+00  5.62839629e+00  1.78797098e+00  1.92110946e+00
  4.19301907e+00  2.25153473e+00  6.17457028e+00  2.43596448e+00
  2.54671854e+00  5.97727656e+00  4.89241310e-01  5.16235126e+00
  2.94852104e+00  2.59541561e+00  5.16904314e-01  2.57628251e+00
  2.69087422e+00 -5.02919183e-01  5.23177275e-01  2.77848788e-02
 -6.94744169e-01  1.72168668e-03  6.75978219e+00  1.48968333e+00
  9.48158453e-01  3.70680379e+00 -2.32200177e-01  3.67714130e+00
  2.62543071e+00  3.73245079e+00  5.74736448e+00  4.58556384e+00
  4.61547179e+00  6.55041952e+00  5.94730763e+00  5.70626299e+00
  3.23804865e+00] 6.0525680655757604e-06 True
warning: basinhopping: local minimization failure
basinhopping step 12: f 3.54443e-06 trial_f 3.54443e-06 accepted 1  lowest_f 3.54443e-06
found new global minimum on step 12 with function value 3.54443e-06
[ 0.19945433  1.30372238  1.16650626  2.26830771  4.37959161  0.61566022
  0.90933222  1.15593415  2.97220755  5.61233238  1.57277064  1.56666198
  3.72031711  2.75097645  6.43211912  2.72514018  2.98855688  6.84241759
  0.90668064  6.33761761  3.79541772  3.28815513  1.0679945   3.09264063
  2.67631332  0.12560922  0.59391021  0.57509772 -0.10294665  0.50224274
  6.63229784  1.51897729  0.58718297  2.96339438 -0.42377041  2.79602459
  2.72025443  3.4232572   5.17728724  4.6923585   4.26604852  5.00022798
  5.52447263  5.19674008  2.77709486] 3.544431872203675e-06 True
warning: basinhopping: local minimization failure
basinhopping step 13: f 1.58429e-05 trial_f 1.58429e-05 accepted 1  lowest_f 3.54443e-06
[ 5.35873848e-01  4.18158525e-01  4.14725853e-01  1.37902284e+00
  3.67494784e+00  9.36085353e-01  1.14390548e+00  6.55151063e-01
  2.18742652e+00  5.53895745e+00  1.96377068e+00  1.15238485e+00
  4.42721714e+00  3.34113831e+00  6.66656807e+00  3.47769769e+00
  3.59002281e+00  6.70143486e+00  2.70605184e-01  6.13886320e+00
  3.98078624e+00  3.17298076e+00  1.00242514e+00  2.58776424e+00
  3.41728077e+00 -8.42125591e-02  6.27717750e-03  8.21752237e-01
  1.53154795e-01 -3.72680389e-01  4.73643307e+00  1.35765327e+00
 -7.12123278e-01  1.47196289e+00 -3.91139722e-01  1.10024993e+00
  3.64127508e+00  3.86466258e+00  6.01260372e+00  5.05535481e+00
  4.99842825e+00  5.60029900e+00  5.99699259e+00  5.09669588e+00
  2.14567990e+00] 1.5842929169286216e-05 True
warning: basinhopping: local minimization failure
basinhopping step 14: f 9.2263e-06 trial_f 9.2263e-06 accepted 1  lowest_f 3.54443e-06
[-0.04322104  0.71016459  0.11260059  1.4728258   3.88842315  1.5891023
  0.87751107  0.6844174   1.84209057  5.34645542  1.77282645  1.55271732
  3.99890138  3.24331645  5.98269821  4.12351578  3.34282779  6.49288784
  0.71949426  5.48673943  4.08078532  3.04790693  0.74539661  2.33055318
  3.70509528 -0.13577757  0.33902442  0.51872948  0.29150435 -0.1760853
  4.86484559  1.01205123  0.13935544  1.02036408  0.35620235  0.47303584
  2.92439317  3.47590506  5.53561589  4.97524586  4.60473912  5.65652382
  6.06184202  5.29189186  2.42225252] 9.226298808670716e-06 True
warning: basinhopping: local minimization failure
basinhopping step 15: f 1.46375e-05 trial_f 1.46375e-05 accepted 1  lowest_f 3.54443e-06
[ 0.04500204  0.7547277   0.02404508  1.51717621  3.75978266  1.17773589
  0.37882735  1.09943583  1.81350046  4.41231317  0.95628687  1.18882448
  4.11385582  2.9619043   5.4854967   3.29692826  2.96187991  5.25569333
  0.4013941   5.83676483  3.64732237  3.62761935  0.90260386  2.49430688
  3.31045347  0.07603322  1.10271701  0.65878983  0.01498033 -0.23573917
  5.30607488  0.26027209 -0.22495387  1.0554004   0.42308884  0.88509564
  3.24886061  3.60627149  5.53563438  5.4773725   4.43565023  5.67292916
  5.69091332  5.13580816  2.02298524] 1.463752224598062e-05 True
warning: basinhopping: local minimization failure
basinhopping step 16: f 3.25058e-05 trial_f 3.25058e-05 accepted 1  lowest_f 3.54443e-06
[-0.68070292  0.3236708   0.38899433  1.1660371   2.22839099  0.87556911
  0.59490115  0.881422    1.00655314  3.48101664  0.3823576   0.84642656
  4.66614202  3.26763815  5.85735162  2.55234858  2.53470233  5.02947333
 -0.06239909  6.16184063  3.30603864  4.24423149  0.98844033  3.06449591
  3.52497369 -0.13315902  0.94667567  0.82682675  0.11791105 -0.23171031
  5.06823906 -0.18306975 -0.27450385  0.46738971  0.28798712 -0.06867082
  1.94877336  3.9033292   5.81285045  5.12366723  4.30023928  5.26973221
  5.59938354  4.73368633  2.25494289] 3.2505774747887184e-05 True
warning: basinhopping: local minimization failure
basinhopping step 17: f 2.02971e-05 trial_f 2.02971e-05 accepted 1  lowest_f 3.54443e-06
[ 0.61672217  0.61191967  0.6831601   1.39499285  2.90924106  0.43434649
  1.82921798  1.26287086  2.09476112  3.60904394  0.52557922  1.13026424
  3.82831451  2.44278648  5.76585858  2.50146076  2.8451924   5.26163423
  0.5967381   6.06009623  2.64462006  3.57532343  0.09702115  2.4642103
  3.01603095  0.09391404  1.0492428   0.5941005  -0.21787761 -0.32633838
  4.25541963 -0.36628997 -0.21614208 -0.13406779 -0.03773818 -0.03244144
  2.27567954  3.27455632  5.61576049  4.56063864  4.22148465  5.06754931
  5.39505156  4.59094415  1.99161759] 2.0297080668080142e-05 True
warning: basinhopping: local minimization failure
basinhopping step 18: f 8.64122e-05 trial_f 8.64122e-05 accepted 1  lowest_f 3.54443e-06
[-0.60198656 -0.73941385  0.3839987   0.29651571  2.58705615 -0.65987913
  1.73221932  1.60219349  1.86386431  2.00559865  0.35539773  1.95994933
  4.40419313  2.27570964  5.70649927  2.10646516  3.00178148  5.03018852
 -0.11173768  4.96675243  1.52595345  2.31192234  0.3460142   2.36215047
  3.09512334 -0.5523345   0.68850363  0.51228151 -0.4419734  -0.50663594
  3.68009118  0.01855315  0.4775235   1.60413684  1.36588833  0.78719865
  3.98627445  3.7460599   5.82740166  5.4454489   5.7794769   6.40313023
  6.59132942  5.12841039  2.02294596] 8.641221993245042e-05 True
warning: basinhopping: local minimization failure
basinhopping step 19: f 3.1239e-05 trial_f 3.1239e-05 accepted 1  lowest_f 3.54443e-06
[-5.24095701e-01 -1.12564844e+00 -5.27149979e-01  6.04637893e-03
  2.99761648e+00 -2.36437500e-01  1.84691728e+00  1.75214848e+00
  1.74462228e+00  1.92977939e+00 -2.06430401e-01  1.55932932e+00
  4.18356874e+00  1.20833063e+00  5.20026701e+00  2.13068386e+00
  3.53600577e+00  5.10988659e+00  8.78167169e-01  5.35333667e+00
  2.51574455e+00  3.37008740e+00 -3.05410059e-01  2.35873042e+00
  2.67315045e+00 -4.86634842e-01  4.28236080e-01 -4.59377535e-01
 -7.14741892e-01 -2.33365825e-01  2.91970739e+00  2.79874407e-01
  8.88505466e-01  1.72190620e+00  1.31984364e+00  7.52917948e-01
  4.24264546e+00  3.84640053e+00  6.65773167e+00  5.74100547e+00
  6.39864896e+00  6.35516932e+00  6.11086554e+00  4.94842492e+00
  2.18055494e+00] 3.123898365089276e-05 True
warning: basinhopping: local minimization failure
basinhopping step 20: f 6.13433e-06 trial_f 6.13433e-06 accepted 1  lowest_f 3.54443e-06
[-0.78684612 -0.86479048  0.05070797  0.04038533  2.58911308  0.05194606
  1.91972153  1.49626265  1.89761691  1.77400701 -0.51312458  1.49703224
  4.5697098   0.96682288  5.21290861  1.86818258  3.38207271  5.21633487
  1.50257074  5.82464144  3.16353243  3.58498904 -0.21083295  2.56127265
  2.47155055  0.41960255  0.32970678  0.11458143 -0.06875559  0.24126379
  3.50377351  0.20006698  0.62608396  1.53298505  1.43725053  0.27818287
  4.03279268  3.18147293  5.99556563  5.47320622  6.23847306  6.21656878
  5.89645885  4.69326109  2.56248646] 6.134326872972082e-06 True
warning: basinhopping: local minimization failure
basinhopping step 21: f 1.54488e-05 trial_f 1.54488e-05 accepted 1  lowest_f 3.54443e-06
[-0.50659759 -0.03998692  0.79133485  0.38906814  3.1231327   0.27947997
  1.26766361  0.62838467  1.53326716  0.03682985 -1.0615943   0.86492441
  4.56058688  0.40452671  4.61282934  1.90344383  2.60765632  4.42689825
  0.95944215  5.37950744  3.73508278  4.17019428 -0.04956569  3.47484914
  3.27765316  0.71941301  1.01682737  0.36516564 -0.36518488 -0.02882047
  2.79780109  0.2022398   1.30676168  1.16973544  3.06439482  1.03143266
  3.7039693   2.74895747  5.74883752  5.3722397   6.30140259  5.86186403
  5.34384439  4.39897736  2.54280424] 1.5448792303516257e-05 True
warning: basinhopping: local minimization failure
basinhopping step 22: f 4.22995e-05 trial_f 4.22995e-05 accepted 1  lowest_f 3.54443e-06
[-1.371785   -0.57094448  0.02136215  0.2199416   2.31187843  0.04585405
  0.86434958  0.6824178   2.60182779  0.68043965  0.00948715  1.17547171
  4.18240672  0.47646754  4.56143476  1.19957935  2.52232401  4.34970037
  0.03167562  4.37749004  3.87162626  5.19973705  0.32095061  4.92711036
  4.61435881  2.50706204  1.62047043  0.94526536  0.46842308  0.39423519
  1.19216169  0.44111606  1.30889952  1.46520553  3.54416595  1.03478434
  3.93542058  2.08082705  5.3651273   5.52542127  5.93928266  5.07966466
  4.1045169   4.40869592  1.58045092] 4.229949892663313e-05 True
warning: basinhopping: local minimization failure
basinhopping step 23: f 1.35566e-05 trial_f 1.35566e-05 accepted 1  lowest_f 3.54443e-06
[-0.56760639 -0.28544906  0.11036927  0.60773061  2.54339925  0.19246492
  0.99823463  1.05882538  2.10203788  0.72004168  0.18745465  1.1268814
  4.61430248  1.00548761  4.04471845  1.30552862  2.0724084   3.97114173
  0.49502591  3.83854538  4.28937411  4.8155583   0.17654127  5.2047576
  4.86115239  2.98054799  1.70973657  1.30504685  0.62499888  0.33796865
  1.31499098  0.11597371  1.14343516  1.58762023  3.30181162  0.7253394
  3.67316213  1.81163691  5.23510748  5.44892677  5.64973655  5.00101337
  3.8027396   4.75556908  1.87818783] 1.355661688315045e-05 True
warning: basinhopping: local minimization failure
basinhopping step 24: f 9.90138e-06 trial_f 9.90138e-06 accepted 1  lowest_f 3.54443e-06
[-0.08286323  0.2919909   0.15360344  1.31819554  1.2700234   0.68109549
  1.15394914  1.64960538  2.06043962  1.05078152  0.79353283  0.7573156
  3.10300382  0.9775231   2.36227587  1.09570278  1.22155182  4.48523538
  0.85453907  4.70437246  4.57243126  4.50835797 -0.08230805  4.54973551
  4.73673559  2.6892686   1.36092584  1.63685788  0.31559816  0.18842136
  0.86008116  0.31648218  1.31960136  1.6352066   2.54632206  0.35514965
  2.31263699  1.19914905  4.46942136  5.63282285  5.79541427  5.60036712
  4.8296102   5.70513912  2.65568845] 9.901384642895635e-06 True
warning: basinhopping: local minimization failure
basinhopping step 25: f 6.91998e-05 trial_f 6.91998e-05 accepted 1  lowest_f 3.54443e-06
[ 1.00742933  1.0513093   0.3812044   1.24038993  2.21280214  1.84565888
  1.32337067  2.04032704  1.33719268  0.64949126  0.23147852  0.78571935
  2.7279288   0.11276129  2.08149692  0.42206018  0.54137002  4.12030213
  0.11981588  4.54496788  4.34632632  4.03675015  0.82727522  5.59483628
  4.38837642  2.2909294   1.40863522  1.12474473 -0.02553432  0.85080541
  0.77395574  1.25282968  2.12675289  1.94299804  2.5792738   0.47931934
  2.4860343  -0.45285679  3.72370988  5.35386256  4.7822874   4.67433657
  4.82250569  5.71969484  1.82482193] 6.919975711412478e-05 True
warning: basinhopping: local minimization failure
basinhopping step 26: f 1.49624e-05 trial_f 1.49624e-05 accepted 1  lowest_f 3.54443e-06
[ 0.51067017  0.34927833  0.32248624  1.2569784   1.68748259  1.39174474
  0.38637367  1.23669052  0.50390236 -0.26998791  0.23047342  0.5872895
  1.69178743 -0.4561745   1.65612762  0.15386492  0.339894    3.88389279
  0.53869589  4.46517954  4.50472538  3.84421265  1.15563554  5.49064233
  4.43800374  2.32373174  1.6601363   1.07796122  0.2036395   0.93243963
  0.91843531  0.81321245  1.64488689  1.5337101   1.5872498   1.04548867
  2.45913267 -0.23320318  3.22183127  5.47678222  5.3193662   5.04202718
  5.82941889  7.46908012  2.98100368] 1.4962358118967244e-05 True
warning: basinhopping: local minimization failure
basinhopping step 27: f 1.30254e-05 trial_f 1.30254e-05 accepted 1  lowest_f 3.54443e-06
[ 1.31308786e-01  6.40614048e-03 -4.19542873e-02  6.06420819e-01
  1.78705425e+00  8.89086246e-01  1.56339719e-01  5.41153097e-01
 -3.79482499e-01 -1.01505746e+00 -6.50745191e-02  6.71076763e-01
  2.37174004e+00  1.62587624e-01  2.00804324e+00 -1.30116198e-01
  1.85490656e-01  3.39052534e+00  7.14335038e-01  4.51801676e+00
  4.58326742e+00  3.87276596e+00  6.16664925e-01  5.67834426e+00
  3.60989662e+00  2.88672331e+00  1.09128891e+00  8.95011934e-01
  1.33674829e-01  2.98636725e-01  9.32429071e-01  1.17814675e+00
  1.88604159e+00  1.22821433e+00  8.00138755e-01  9.72826247e-01
  1.41435182e+00 -3.83986262e-01  2.26836077e+00  5.95232031e+00
  4.40550259e+00  5.19283087e+00  5.59473678e+00  7.62841229e+00
  3.06047275e+00] 1.3025445097283466e-05 True
warning: basinhopping: local minimization failure
basinhopping step 28: f 3.33067e-05 trial_f 3.33067e-05 accepted 1  lowest_f 3.54443e-06
[-1.69037795e+00 -9.74218865e-01 -7.14616630e-01 -1.65670480e-01
  1.36096854e-01 -1.18322365e+00 -3.88294209e-01  4.14801083e-03
  1.94242254e-01 -4.64839847e-01 -1.03297394e-01 -3.01916607e-01
  9.32608734e-01 -3.36840658e-01  2.31401147e+00 -5.98171796e-01
 -1.20822459e-01  1.73048235e+00 -4.71683733e-01  3.52638493e+00
  4.50285936e+00  3.38249502e+00  1.34951145e+00  6.15292152e+00
  3.25931706e+00  2.83012778e+00  8.19160795e-01 -1.46104854e-01
 -1.38579347e-01  2.17285402e-02  9.35228306e-01  1.24644901e+00
  1.85292844e+00  1.15508729e+00  4.68648772e-02  1.47900066e+00
  2.18626285e+00  1.00403218e+00  2.90542533e+00  6.00684200e+00
  4.86127524e+00  4.47742040e+00  6.31839162e+00  7.38838898e+00
  3.83254781e+00] 3.330673981638237e-05 True
warning: basinhopping: local minimization failure
basinhopping step 29: f 1.7921e-05 trial_f 1.7921e-05 accepted 1  lowest_f 3.54443e-06
[-2.23736758 -0.89825845 -0.99102106 -0.24356432 -0.11079688  0.32647872
  0.36811     0.03818768  0.8213904   0.90476121  0.88634916  0.31435946
  0.88792556  0.15273615  1.99156128 -0.46703612 -0.09690563  1.45880719
  0.09751975  4.12240526  3.94051951  3.27548325  0.98961334  6.09170888
  3.21244552  3.16548437  0.12883761  0.00888118  0.6733655   0.75447888
  1.89024437  1.91690189  1.9994977   1.83106712  0.60191491  0.91163817
  1.75833966  1.36846356  3.25148586  4.58130006  5.01521304  3.7575943
  4.76845962  5.18600929  3.88046524] 1.7921035733207056e-05 True
warning: basinhopping: local minimization failure
basinhopping step 30: f 3.54542e-05 trial_f 3.54542e-05 accepted 1  lowest_f 3.54443e-06
[-2.06360162 -1.00921191 -2.06535297 -0.5646723  -0.63576489 -0.40937109
  0.04159824 -0.25318354  0.20860665  0.37401615  1.47938464  0.23234358
  0.0088677   0.61717497  2.60439053  0.28953997  0.18629324  1.31158353
 -0.08546342  4.02204852  4.25329401  2.94602123  0.63589347  5.20377364
  2.90308793  3.05958849  0.25078438  0.36398528  0.47900017  0.43381275
  2.13870848  2.31069283  0.51389838  1.36710905  0.81833277  1.03401711
  2.32321497  1.14890802  3.31172322  4.44438378  5.0318601   3.40381561
  4.9896931   5.43775928  4.42032748] 3.5454159281439014e-05 True
warning: basinhopping: local minimization failure
basinhopping step 31: f 8.99918e-06 trial_f 8.99918e-06 accepted 1  lowest_f 3.54443e-06
[-1.00996228e+00  5.18495134e-02 -1.35530461e+00 -1.06943809e-01
 -3.06968891e-01  1.51353127e-01  3.42939028e-01 -5.76901058e-02
 -4.82086166e-03  4.73346274e-01  1.34778281e+00  9.11187069e-01
 -3.72352321e-01  6.26019574e-01  2.46506417e+00  7.49451835e-01
 -6.15689114e-03  1.57346163e+00  2.38946177e-01  2.88168309e+00
  3.30273115e+00  2.63569371e+00  1.30422233e+00  5.48260576e+00
  2.97712183e+00  3.30776239e+00  5.41959763e-01  3.36354267e-02
 -3.78579423e-02  2.72445239e-01  1.59400385e+00  1.30765464e+00
  9.79862117e-01  1.89612096e+00  1.37312310e+00  1.50325068e+00
  1.80942715e+00  5.69480695e-01  3.29375695e+00  3.98767242e+00
  5.65941467e+00  3.81213575e+00  4.79628407e+00  5.10280979e+00
  3.61143281e+00] 8.999175901766534e-06 True
warning: basinhopping: local minimization failure
basinhopping step 32: f 1.43502e-05 trial_f 1.43502e-05 accepted 1  lowest_f 3.54443e-06
[-0.4267475  -0.13504443 -0.3064268   0.23358638 -0.47456226 -0.73650499
  0.09545463 -0.09555427 -0.58418069  0.66897212  1.04935368  1.12493544
  0.3356942   0.87721766  3.15431004  1.106483    0.32030943  0.92185588
 -0.27543919  2.15252474  2.82643083  2.64431046  1.55699422  5.65697821
  2.77968111  3.54764617  0.84626516  0.07271558  0.0340605  -0.06970404
  0.47126735  0.94104192  0.8251066   2.20981762  1.28886379  1.30454243
  1.9579157   0.69901453  3.16277576  4.78979247  5.59728066  3.04510548
  4.78262623  4.49367803  4.03010577] 1.4350176980927844e-05 True
warning: basinhopping: local minimization failure
basinhopping step 33: f 3.0718e-05 trial_f 3.0718e-05 accepted 1  lowest_f 3.54443e-06
[-0.66130048 -0.17655499 -1.02497738 -1.20403221 -1.02664901 -1.37801423
 -0.64377329 -0.38796905 -0.15334054  1.0884865   0.62436021  0.77360585
 -0.24836517  0.65546986  2.75770655  0.86603783  0.63007565  1.39594068
  1.01028348  2.97853456  3.15559317  3.26400603  2.08464964  5.67781033
  2.00070929  2.92437099  0.46806509  0.26590301  0.56814112  0.80456662
 -0.07194055  0.30736159  0.20846985  1.49431247  0.62511343  1.56747216
  2.42227564  0.67401994  3.17256475  4.85560078  6.74637831  1.81230134
  3.88754956  3.24277387  3.58626183] 3.071798720940835e-05 True
warning: basinhopping: local minimization failure
basinhopping step 34: f 4.22111e-05 trial_f 4.22111e-05 accepted 1  lowest_f 3.54443e-06
[-1.0920159  -0.59037211 -0.72414209  0.24597208 -0.4312942  -0.94132859
 -0.45497383 -0.98084139  0.08725821  2.26903614 -0.06640582 -0.07062596
 -0.36118481  0.93124431  1.3210708  -0.1514166   1.17697114  2.3821873
  1.27211912  3.96315193  3.84753383  3.62383843  1.88334106  7.05041772
  2.26331374  4.16012808  0.0823164   0.13904797  0.65289775 -0.03461384
  0.15896655  0.33349629 -0.3237619   1.41855645  0.37211018  1.51995634
  1.84755191  0.93390139  3.60677999  6.00502938  6.272495    2.34819951
  5.20116966  3.47988447  3.49247239] 4.221110425757639e-05 True
warning: basinhopping: local minimization failure
basinhopping step 35: f 7.52457e-06 trial_f 7.52457e-06 accepted 1  lowest_f 3.54443e-06
[-0.93495185 -0.44324767 -0.67569169  0.35590073  0.31926316 -0.50258523
 -0.29651371 -1.22274867  0.24698945  2.34259036 -0.18710237 -0.37122372
 -0.32652384  0.32113472  1.50505952  0.662051    1.02578496  2.57355107
  1.05838886  4.71500846  3.96130474  3.24242108  1.82668035  6.76245628
  2.80284711  4.63589707  0.70882083  1.08132467  1.05922849  0.22355573
 -0.1284007   0.37663713  0.42311563  1.07739161  0.29053252  1.52336601
  1.73866432  1.02870864  3.82062926  6.29827033  6.01886228  2.35072792
  5.74978594  3.81407777  3.61875934] 7.524574499278105e-06 True
warning: basinhopping: local minimization failure
basinhopping step 36: f 3.94141e-05 trial_f 3.94141e-05 accepted 1  lowest_f 3.54443e-06
[-2.60444835e-01 -7.49273289e-03 -6.82841560e-01 -4.41409407e-01
 -5.47871671e-03  3.38113368e-01  5.57761093e-02 -9.75826456e-01
  7.28580883e-01  2.28756923e+00 -5.75102848e-01 -5.83625812e-01
  1.14167721e-02  1.32365274e+00  5.20183153e-01  4.46169053e-01
  8.03483013e-01  2.16072552e+00  1.38524748e+00  4.72243467e+00
  4.06076758e+00  2.87351270e+00  1.46072531e+00  6.25886930e+00
  3.25400487e+00  5.13189009e+00  8.67595896e-01  1.28876770e+00
  8.39577593e-01  5.86681483e-01  7.90929176e-01  1.06457477e+00
  1.13315782e-01  4.57895434e-01  8.64393469e-01  1.82707110e+00
  1.57790350e+00  1.07342126e+00  3.65581664e+00  6.04007237e+00
  6.37738089e+00  2.14543172e+00  6.06656629e+00  4.24946770e+00
  3.42369798e+00] 3.941408357234512e-05 True
warning: basinhopping: local minimization failure
basinhopping step 37: f 4.68451e-05 trial_f 4.68451e-05 accepted 1  lowest_f 3.54443e-06
[-0.28073306 -0.96609839 -0.52433634 -0.1895579   0.69790851  0.695179
  0.23180062 -0.18818229  1.06600524  3.38259979  0.06134932  0.06291493
  0.12869906  0.72554889 -0.04905823 -0.20824521  0.15946075  0.98497641
  0.81952802  4.8411101   4.44186414  2.49088085  1.03025735  6.19727591
  3.80628682  5.61085414  0.8773907   2.48267762  0.80678066  0.80108275
  1.27720904  1.85262519  0.28430464  0.83105708  1.93586368  2.61142836
  2.05891592  1.61955348  3.77728221  6.41060438  6.02659507  0.61052084
  4.78952722  4.72484282  2.46053128] 4.6845106134672966e-05 True
warning: basinhopping: local minimization failure
basinhopping step 38: f 1.14613e-05 trial_f 1.14613e-05 accepted 1  lowest_f 3.54443e-06
[-4.57565773e-01 -6.39361022e-01 -6.88257656e-01 -2.98370717e-02
  1.05256319e+00  1.22554304e+00 -4.49849411e-03  3.59517647e-01
  9.07511424e-01  3.34682304e+00  5.48288545e-01  4.34536751e-01
  2.36689522e-01  1.11352971e+00  2.70223715e-01 -3.68978421e-01
  2.83452288e-01  1.45519351e+00  4.94941504e-01  4.49748994e+00
  4.05891041e+00  2.31223293e+00  8.81342745e-01  6.50787111e+00
  3.56177104e+00  5.87709352e+00  1.06379591e+00  2.70222956e+00
  5.35354326e-01  7.21612218e-01  6.47418466e-01  1.62352310e+00
  2.98270286e-01  6.32151419e-01  2.10086322e+00  2.02275976e+00
  1.86094512e+00  1.75192268e+00  4.16679166e+00  5.76085871e+00
  6.19892592e+00  1.06074371e+00  4.33299166e+00  5.00332649e+00
  2.11508788e+00] 1.1461346762258308e-05 True
warning: basinhopping: local minimization failure
basinhopping step 39: f 1.29576e-05 trial_f 1.29576e-05 accepted 1  lowest_f 3.54443e-06
[-0.51484676 -0.69162834 -1.02018939 -0.22873667  0.57377326  0.80079005
  0.02547444  0.79147214  0.96334113  3.12164053  0.23395542  0.22203653
  0.71873355  1.06233211  0.39930768  0.45076972  0.63344466  1.88965348
  0.18068214  4.62132975  3.83575882  1.81035067  0.7348749   6.09430377
  3.29089662  6.6254847   0.99992323  3.43318336  0.30733803  0.86431066
  0.884971    1.2776781   0.25688606  0.4698395   1.77982457  1.90870547
  2.58135439  2.18037524  4.19373939  5.53044672  5.82282765  1.31063789
  4.53447574  4.88900966  1.79462637] 1.2957556844386016e-05 True
warning: basinhopping: local minimization failure
basinhopping step 40: f 6.34425e-07 trial_f 6.34425e-07 accepted 1  lowest_f 6.34425e-07
found new global minimum on step 40 with function value 6.34425e-07
[-0.19153666 -0.38016807 -0.60059917  0.3180321   0.93785759  0.90410828
  0.31821316  1.23529494  1.15119495  3.05353349  0.30798565  0.02686493
  0.83529969  1.35668997  0.73130297  0.80534065  0.83118746  1.68856619
  0.62731528  4.99464605  4.02342355  2.16218248  0.8719631   5.98430134
  3.48483683  6.13133583  0.44789911  3.38220877  0.36151795  0.84742899
  1.12459289  0.8113679   0.16447944  0.59650277  1.9594088   1.3517968
  2.2955795   2.10127275  4.4141051   5.55168969  5.96987772  1.85080927
  4.81431501  4.48592754  1.7464881 ] 6.344245849898601e-07 True
warning: basinhopping: local minimization failure
basinhopping step 41: f 5.66927e-06 trial_f 5.66927e-06 accepted 1  lowest_f 6.34425e-07
[-4.71839454e-03 -2.34809825e-01 -2.69828755e-01  5.85727624e-01
  7.52403755e-01  1.21941028e+00  2.36458462e-01  1.11711040e+00
  1.05352972e+00  3.32191780e+00  1.45224510e-01  4.23554934e-01
  1.01557653e+00  1.56036488e+00  2.97264952e-01  4.09837725e-01
  6.13121552e-01  1.93589622e+00  1.09732389e+00  4.89841654e+00
  4.10602629e+00  2.74454575e+00  7.39444065e-01  5.98164024e+00
  3.49087988e+00  5.89286662e+00  4.08609612e-01  3.63695897e+00
  3.06492006e-01  8.79755362e-01  1.92907305e+00  1.36745067e+00
  6.22938421e-01 -1.22619952e-02  2.13962476e+00  1.01527350e+00
  2.16963274e+00  1.83687988e+00  4.74757521e+00  5.27990692e+00
  5.84185419e+00  1.88815568e+00  4.15528954e+00  4.25747980e+00
  1.91854964e+00] 5.669270397743402e-06 True
warning: basinhopping: local minimization failure
basinhopping step 42: f 1.02744e-05 trial_f 1.02744e-05 accepted 1  lowest_f 6.34425e-07
[ 0.66750932  0.17443393 -0.0510947   0.18214263  0.90446131  0.66141578
  0.66935532  1.70267604  1.20938025  3.61392192  0.10912656  0.32366585
  0.77537725  1.74087865  0.52257655  0.37742717  0.30003138  2.17306625
  0.50351024  5.51914356  4.07085858  3.35039411  0.55993529  6.19302285
  2.40134369  5.48019797 -0.00720715  3.97897283  0.55708332  1.62115631
  1.913518    1.0941723   0.80589887  0.19627445  2.02715511  1.18106865
  2.0598055   2.02087383  4.56783694  4.66951501  6.07584168  1.77624945
  4.46448081  4.46246027  2.02283946] 1.0274378179559373e-05 True
warning: basinhopping: local minimization failure
basinhopping step 43: f 1.2184e-05 trial_f 1.2184e-05 accepted 1  lowest_f 6.34425e-07
[ 0.35648134  0.73793759  0.00991781  0.07410241  1.04542014  0.71717241
  1.10193723  1.88246827  1.80470987  3.7275853   0.54672674  0.44708957
  0.55175514  1.52609286  0.42928241  0.44322247  0.25523222  1.0426318
  0.32578079  5.67827502  3.56311646  2.81063879  0.34997796  5.70890555
  1.61730639  5.79076983 -0.03242874  4.00596167  0.01120837  1.3689916
  1.89315294  1.43452598  0.67448229  0.40613376  1.87646412  1.07097241
  1.84512999  1.94343479  4.51580468  4.86403105  5.58617987  1.20349306
  4.50341675  4.71096152  2.13607816] 1.2183957126389175e-05 True
warning: basinhopping: local minimization failure
basinhopping step 44: f 2.33426e-05 trial_f 2.33426e-05 accepted 1  lowest_f 6.34425e-07
[-0.4037067   0.84972811 -0.27109923 -0.01412828  1.34970954  0.48017723
  0.62989242  1.57744973  1.42931178  3.83859595  0.26616838  0.14496296
  0.79097185  1.21229531  0.07518368 -0.12589749 -0.09089912  0.47767197
 -0.35463781  5.02454251  3.47572314  2.20931873  0.30464269  6.20076958
  1.47220532  6.07723086  0.30230727  4.16220304  0.0824739   1.40184158
  1.95913275  1.18729025  0.94794579  0.6836714   2.09727431  1.84172813
  1.683476    0.63733256  4.33314108  3.99450287  5.79843265  1.2720237
  4.3510954   4.53458657  2.33418773] 2.334258998160516e-05 True
warning: basinhopping: local minimization failure
basinhopping step 45: f 1.02935e-05 trial_f 1.02935e-05 accepted 1  lowest_f 6.34425e-07
[-7.31120279e-01  7.55403167e-01 -5.87833341e-01 -2.81552157e-01
  2.19980169e-01 -2.54076389e-03  8.84195331e-01  8.31406005e-01
  1.44279504e+00  3.38414905e+00 -3.10360110e-01  7.73845158e-02
  2.62680609e-01  1.12790887e+00  8.42130166e-01  6.15588744e-01
  4.87003667e-01  8.01858549e-01 -6.10879779e-02  5.43110402e+00
  4.47152360e+00  2.81111194e+00  1.42865410e-01  5.97602341e+00
  4.67020260e-01  6.21457164e+00  8.94269071e-01  3.70190640e+00
  4.97263950e-01  1.91735677e+00  2.90813061e+00  1.27533746e+00
  6.54916872e-01  1.64135220e+00  2.11049398e+00  2.09025420e+00
  1.03794326e+00  1.35137172e+00  5.32377353e+00  4.44880021e+00
  5.45083583e+00  1.20238321e+00  4.09926406e+00  3.94187973e+00
  2.74359377e+00] 1.0293526614825214e-05 True
warning: basinhopping: local minimization failure
basinhopping step 46: f 2.71304e-05 trial_f 2.71304e-05 accepted 1  lowest_f 6.34425e-07
[-1.07305559 -0.33234043 -0.77245174 -0.51425214  0.05205255  0.23416086
  1.02093632  0.78895881  0.98896079  3.2440444  -0.18219232  0.05492338
  0.3213728   1.46167591  1.08055602  0.47633374  1.11068094  1.32810915
  0.06467137  4.79291902  4.37430383  2.30097168  0.60487663  6.10643491
  0.60732102  6.34023355  0.69493932  4.19334667  0.76790553  2.80764713
  3.18431798  0.7831574   0.34291573  1.47011596  2.4476717   2.53944452
  0.9812173   1.29558149  4.9967099   4.49235351  5.86550715  1.52652647
  4.11037935  4.60112472  3.08672103] 2.713036615205179e-05 True
warning: basinhopping: local minimization failure
basinhopping step 47: f 3.70816e-05 trial_f 3.70816e-05 accepted 1  lowest_f 6.34425e-07
[ 0.02128617  0.45116206  0.00857477 -0.48158768 -0.08048708 -0.14549625
  0.84866125  1.23469543  1.64297537  3.60682779  0.11909079  1.06561488
  0.4431951   1.79159681  0.49478536  0.67782419  0.30049867  1.58322596
  0.36822177  5.30639575  4.17558787  2.39520691  0.61098296  5.7617423
  0.38443068  6.02243504 -0.06109463  4.79436949  0.65985356  2.70413275
  3.36289775  0.54517909  0.41155669  1.77701792  1.72550855  1.67456513
  0.54233165  1.07482357  4.18946248  3.84368617  5.09035509  2.15678478
  5.14388101  4.98244514  3.84606661] 3.708164235037445e-05 True
warning: basinhopping: local minimization failure
basinhopping step 48: f 1.53125e-05 trial_f 1.53125e-05 accepted 1  lowest_f 6.34425e-07
[ 0.30417777  0.44830694 -0.8079556  -0.26042532 -0.58442746  0.58416793
  0.44967361  0.22247383  0.79512652  1.81241026  0.57294755  0.48709168
  0.79008777  1.73602428  0.41649756  0.66691676  0.5420952   1.95742778
  0.85745695  5.96766691  4.15292768  1.1913306   0.07010036  5.48920172
 -0.35418026  5.84111337 -0.31596827  3.75024508  0.7118799   2.13130713
  3.40584875  1.299493    0.26531049  2.38070225  0.98815762  2.92938373
  0.87689625  1.08719921  4.41944952  4.57819913  5.10314651  1.78585405
  4.2044016   4.95638105  2.96193237] 1.5312513985735072e-05 True
warning: basinhopping: local minimization failure
basinhopping step 49: f 1.3371e-05 trial_f 1.3371e-05 accepted 1  lowest_f 6.34425e-07
[ 0.92406809  0.40975908 -0.26153393 -0.15840263 -0.46483907  0.4583363
  0.07806326 -0.3601855  -0.24723183  1.12714494  0.15218404  0.96276731
  1.06678844  1.94870091  0.81971372  0.65156689  1.01617827  1.56431147
  0.59629129  5.77083449  4.27151571  0.91801545 -0.51212857  5.94178352
  0.26151548  5.75181992  0.28845197  3.63332293  0.18525216  0.69728904
  1.74366521  1.47119156 -0.68469124  0.63348075  0.87473345  2.48897682
  0.54829602  0.71334158  4.52630697  4.38962477  5.34682347  1.31872276
  4.54199863  5.34527351  2.75616506] 1.3371023169327257e-05 True
adaptive stepsize: acceptance rate 0.980000 target 0.500000 new stepsize 0.555556 old stepsize 0.5
warning: basinhopping: local minimization failure
basinhopping step 50: f 2.13166e-05 trial_f 2.13166e-05 accepted 1  lowest_f 6.34425e-07
[ 4.37267327e-01  1.05751073e-01 -6.46660594e-01 -5.58948595e-01
 -1.31483919e+00  2.07901738e-01  4.80657367e-01  1.54859518e-02
 -5.87756703e-01  1.22282258e+00  8.11275671e-04 -1.42737966e-01
  8.19907923e-01  1.39474607e+00  8.31511433e-01  1.73073485e+00
  1.36540177e+00  9.35054483e-01  1.26339441e+00  4.51165998e+00
  3.49525014e+00  1.07432151e+00  4.39363273e-01  5.43691230e+00
  7.01431104e-01  5.34588804e+00  7.19084270e-01  3.88872356e+00
  1.07242857e+00  2.27684546e+00  1.72355915e+00  1.41674168e+00
 -1.83436732e-01  1.20451326e+00  6.87182138e-01  1.48857239e+00
  7.45256170e-02  1.37507853e-01  4.44622703e+00  4.36575214e+00
  5.18349222e+00  9.05237949e-01  4.30464470e+00  5.40559559e+00
  2.20628288e+00] 2.1316585137231136e-05 True
warning: basinhopping: local minimization failure
basinhopping step 51: f 2.8224e-05 trial_f 2.8224e-05 accepted 1  lowest_f 6.34425e-07
[-0.07882279 -0.42726888 -0.85826073 -0.44919557 -0.97000168  0.18669765
 -0.06921411 -0.14469136 -0.50254692  1.22558967 -0.42081867 -0.7796404
  0.60997919  1.21662526  0.48529525  1.27893091  1.41898935  0.93582112
  1.23266523  4.15637178  3.37323151  0.97940494  0.32523139  5.96425263
  0.0565288   5.75456874  0.4754197   3.0685351   0.6087093   1.59090411
  2.21462003  1.59786201  0.47073792  1.16761732  0.90376646  1.07677757
  0.74821928  0.22992902  4.32439446  4.35040821  4.06890845  1.37333081
  4.59980906  6.40769729  2.95012877] 2.8223968973073864e-05 True
warning: basinhopping: local minimization failure
basinhopping step 52: f 3.04101e-05 trial_f 3.04101e-05 accepted 1  lowest_f 6.34425e-07
[ 0.6475007  -0.09659588 -0.32991169  0.01273234 -0.58676091  0.05345907
  0.641547   -0.01017378  0.22799092  1.21663368 -0.01790521 -0.374484
  0.88769057  0.90117068  0.68913895  2.00106087  2.02256598  1.54505266
  2.10424015  4.43623128  2.24601003  1.13218257  0.99625705  6.12720789
  0.6916279   5.50673934  0.62572964  3.32988944  0.05622683  1.46119839
  1.71306103  1.22920532  0.95192551  1.24687792  0.99940925  0.82404683
  0.0652884   0.13918818  4.75693996  3.63971018  4.20272119  1.31687782
  4.72101971  6.08073454  2.7895793 ] 3.0410148569351146e-05 True
warning: basinhopping: local minimization failure
basinhopping step 53: f 4.31895e-05 trial_f 4.31895e-05 accepted 1  lowest_f 6.34425e-07
[ 2.17538245e+00  1.02170502e+00  8.53414051e-01  1.53127201e+00
  1.23391332e-01  3.23877832e-01  3.75393654e-04 -4.82520598e-01
 -5.48845499e-01 -5.22997316e-01 -3.52949661e-01 -7.61844196e-01
 -8.17170056e-01  3.00670381e-01  2.91037869e-01  1.06052610e+00
  6.01882477e-01  3.51339200e-01  1.47935948e+00  4.36441211e+00
  2.53061591e+00  1.74825910e+00  1.15466043e+00  6.32056798e+00
  1.40337348e+00  4.75542918e+00  3.32087030e-01  3.28981942e+00
  1.67306164e-01  1.28489897e+00  9.56888131e-01 -4.55937385e-01
  1.18983572e-01  7.25491107e-01  1.32712125e+00  7.61987641e-01
  1.20511890e+00  1.54968012e+00  6.29788557e+00  3.56477377e+00
  3.83322729e+00  6.33805071e-01  4.24204462e+00  5.12633140e+00
  1.48428464e+00] 4.318948013459452e-05 True
warning: basinhopping: local minimization failure
basinhopping step 54: f 1.39163e-05 trial_f 1.39163e-05 accepted 1  lowest_f 6.34425e-07
[ 2.66896613  0.44899883  1.02257801  2.56868338  0.74151518  0.35650624
  0.86612     0.70681588  0.17868695  0.25649521 -0.07192739 -0.46567034
 -0.55610345  0.21841803 -0.19353335  1.32508378 -0.67089915 -0.3166282
 -0.17391914  3.88518743  1.48833442  0.89741513  1.41160737  6.39559582
  0.99441711  4.96037383  0.56109789  3.22098153  0.18640481  1.47603304
  1.57048758  0.37146676 -0.08896239  1.29247457  2.07871347  1.4757068
  0.7432381   1.49179859  6.11642934  2.91581854  4.37922114  0.53925085
  4.8138519   4.82125223  1.16311254] 1.3916281405025013e-05 True
warning: basinhopping: local minimization failure
basinhopping step 55: f 2.09573e-05 trial_f 2.09573e-05 accepted 1  lowest_f 6.34425e-07
[ 2.52893234  0.61433952  0.71401523  2.27928853  0.86551944  1.10174735
  1.39131532  0.69971348 -0.14530659  0.11375913 -0.44786991 -0.52455198
  0.3960243   0.27591742 -0.33181234  0.16074925 -0.73156675 -0.20343886
  0.20193772  3.61548919  1.52343646  0.57125883  1.22445385  6.13690021
  0.83291087  4.98818581  0.19604441  3.92057967  0.07672542  1.44095
  1.30083799  0.3567968  -0.16027985  2.75472523  2.77246534  1.06093092
  0.9634541   1.11610184  4.49063529  2.56142444  4.75463584  0.26914348
  4.24461791  5.10026237  1.73319181] 2.0957332644826444e-05 True
warning: basinhopping: local minimization failure
basinhopping step 56: f 2.37691e-05 trial_f 2.37691e-05 accepted 1  lowest_f 6.34425e-07
[ 1.11344985e+00 -8.44646596e-01  1.36137801e-03  2.04683906e+00
  1.17672520e+00  9.80517245e-01  1.77870025e+00  4.15681530e-01
  1.65895962e-01  4.08408708e-01  3.91446609e-01 -2.42321323e-01
 -5.44046288e-02 -2.53701523e-01 -5.49342888e-01  4.06624946e-01
 -2.29095897e-01 -9.67515582e-01 -3.84846160e-01  3.43748574e+00
  6.74625391e-01 -3.78402459e-01  2.35964756e-01  5.86177592e+00
  2.24927573e+00  6.85352713e+00  7.35342002e-01  3.14376129e+00
  4.61489165e-01  1.47028124e+00  1.50594717e+00  1.06727323e+00
  9.30884284e-01  2.84941274e+00  3.01078557e+00  1.09563277e+00
  5.74729046e-01  1.98025046e+00  4.39677563e+00  3.33003702e+00
  4.72610247e+00  6.31804669e-01  3.73243155e+00  5.16433245e+00
  1.92430370e+00] 2.3769141598718406e-05 True
warning: basinhopping: local minimization failure
basinhopping step 57: f 1.86501e-05 trial_f 1.86501e-05 accepted 1  lowest_f 6.34425e-07
[ 0.82335441 -0.31695347 -1.03740217  1.06162163 -0.07719771 -0.26544384
  2.07976839  0.20673369 -0.59709087  0.07303399  0.72923726 -0.1070554
  0.0331989   0.4436749  -0.1361178   0.510057   -0.32653705 -0.67519893
 -1.06235985  2.77798496  0.99276113  0.46670015  1.59624874  5.93559862
  2.05851023  6.66201835  0.61230445  3.33147609  0.38426258  2.09912378
  0.40068522  1.4264545   0.91094824  3.8148654   3.68684445  0.85337789
  0.77364144  1.10521985  4.46167058  2.58523564  5.37096829  1.45111827
  3.87616738  5.42840867  2.49637513] 1.865008330602104e-05 True
warning: basinhopping: local minimization failure
basinhopping step 58: f 5.86019e-06 trial_f 5.86019e-06 accepted 1  lowest_f 6.34425e-07
[ 1.60021485  0.62342136 -0.15271769  1.08661624  0.27791078  0.36582125
  1.25279903  0.47532938 -0.17290609  0.39414722  1.43068612  1.1463455
  1.15109377  1.17889694  0.42112862  1.07740438 -0.19036374 -0.21662991
  0.16710027  2.19042797  0.66509432  0.85422063  2.51366262  6.22847261
  2.42222901  6.58934892  0.9862944   3.44954214  0.14926934  2.61067156
  0.25365504  1.25819083  0.34958786  2.84983295  2.45327613  0.54023452
  0.78106965 -0.13138655  2.23990473  1.20852027  5.87457559  1.67495754
  2.25510899  4.92094317  2.22725964] 5.860192266136544e-06 True
warning: basinhopping: local minimization failure
basinhopping step 59: f 6.86533e-06 trial_f 6.86533e-06 accepted 1  lowest_f 6.34425e-07
[ 1.83443876  1.10119706  0.21275579  0.77071752 -0.0775313  -0.14745216
  1.0735484   0.35392722 -0.11292631  0.29201128  1.3739864   1.03811613
  0.8354677   1.37933493  0.64390101  1.59524683 -0.02384856  0.27152802
 -0.08504639  1.40144926  0.16498098  0.60807024  2.55101263  5.70336411
  2.00113696  6.11264673  1.41978066  3.30796804  0.51660736  3.00803281
  0.46317779  0.37995621 -0.51024339  3.37874252  2.66356991  0.56102004
  0.49904588 -0.0917262   2.51078908  1.28755273  5.46916916  1.64535268
  2.17837397  4.76309217  2.36223309] 6.8653284453603235e-06 True
warning: basinhopping: local minimization failure
basinhopping step 60: f 1.03447e-05 trial_f 1.03447e-05 accepted 1  lowest_f 6.34425e-07
[ 1.87817557  0.85530575  0.2488457   0.78563861  0.23473104 -0.07223038
  1.50269985 -0.08536405  0.64725574  0.36154935  0.80886684  1.26858229
  0.64110782  1.93445846  1.03836117  1.13161773 -0.22317904  0.04662773
  0.39589544  1.74873015  0.21927699  0.27701841  3.02462882  5.77608877
  1.88117465  5.99449117  0.39448887  2.40803755  0.89912843  3.20150744
  0.5236051   0.08495904  0.4342116   2.77808134  2.20418012  0.61255466
 -0.11754299 -0.1612023   2.83691347  1.42040516  4.89337821  1.58639553
  2.04253387  4.68205688  2.55675229] 1.0344680786083719e-05 True
warning: basinhopping: local minimization failure
basinhopping step 61: f 2.38776e-05 trial_f 2.38776e-05 accepted 1  lowest_f 6.34425e-07
[ 1.6362141   0.70956183  0.22966559  1.07576565  0.71518092  0.59880107
  1.19777196  0.03677541 -0.02612438 -0.2567582   0.86604623  0.72870328
  1.18449561  1.63317548  0.49462564  1.18941149 -0.03307008  0.0998207
  0.30638921  1.58717813  0.34035582  0.31464612  3.76676251  6.00135734
  1.82991753  5.49463074  0.3152729   2.24526737  0.35221815  2.6877275
  0.48169661 -0.20877629 -0.19014755  2.92788057  1.50291284 -0.29505514
  0.63633345 -0.09345094  1.85096906  0.78998238  5.51257835  1.64480113
  1.89741797  4.35876387  2.08231016] 2.3877555470146857e-05 True
warning: basinhopping: local minimization failure
basinhopping step 62: f 3.63631e-05 trial_f 3.63631e-05 accepted 1  lowest_f 6.34425e-07
[ 0.93094932  1.1569251  -0.16742453  0.25199398 -0.58851092 -0.07939017
  0.6027906  -0.18231551  0.18785406  0.67870529  0.9208606   0.12218314
  0.62184827  1.60890658  1.02183801  2.07472021  0.67775845  1.30228881
  0.53398152  2.58089224  1.01459487  0.23456322  4.17574779  6.67598777
  2.55551788  5.160285   -0.6662653   2.13529436  0.6065174   2.18167912
  0.22853932  0.18678681  0.09296715  3.01877902  1.62456337 -1.07442038
  0.05382155 -0.8444483   0.39946637 -0.1979935   6.63053075  1.93281158
  2.07429303  5.50998827  2.69821825] 3.636312574957573e-05 True
warning: basinhopping: local minimization failure
basinhopping step 63: f 2.18009e-05 trial_f 2.18009e-05 accepted 1  lowest_f 6.34425e-07
[ 1.55425498  2.2677193   1.45379365  0.66716979  0.30803129  0.45209171
  1.1595227   0.47340815  0.57297842  0.07521644  0.05757369  0.15532381
 -0.32997552  0.77242093  0.37535789  1.55412099  0.32060073  1.59618435
  0.81059376  1.57551634  0.07597646  0.3002953   3.83210315  5.57816389
  2.16223825  4.26433808 -0.1911822   2.11987742  0.30565628  1.81772395
  0.0754041   1.47849688  1.11618587  2.59567097  3.24482307 -0.0358503
  0.66270051  0.10630019  0.06127794 -0.10232835  6.0137237   2.26316062
  1.49045506  5.62339661  1.86482387] 2.1800870435632122e-05 True
warning: basinhopping: local minimization failure
basinhopping step 64: f 3.46647e-05 trial_f 3.46647e-05 accepted 1  lowest_f 6.34425e-07
[ 1.50116236  2.11155134  1.32300077  0.48733286  0.36945038  0.14840475
  1.12146937  0.88632886  0.23035388  0.16170841  0.22302852  0.57990602
 -0.52929777  0.14015519  0.17397458  1.69278285  0.5199421   1.72586218
  0.82793532  0.40071521  0.08826107  0.35066953  3.59897961  5.97964039
  1.66555984  4.75740525 -0.30670085  2.00193756 -0.13943652  1.71677926
  0.64365595  0.79918274  0.72642655  2.43471647  2.93707994  0.22907684
  0.64861171  0.28646288 -0.66997921 -1.0863224   5.01937597  2.29685249
  0.1683512   5.59965425  1.67811977] 3.4664690907255194e-05 True
warning: basinhopping: local minimization failure
basinhopping step 65: f 1.35116e-05 trial_f 1.35116e-05 accepted 1  lowest_f 6.34425e-07
[ 1.59224092  1.84766575  1.28247706  1.08202503  0.06922439  0.11377687
  0.7798784   0.8179429   0.84589749  0.95777814  1.13788167  0.35650409
  0.04342989  0.24807849  0.95119417  2.14444328  0.60199965  1.65569495
  0.21683603  0.69862451  0.35817493  0.92175459  3.47638148  4.90282139
  2.28285229  5.19741134  0.54953446  1.35421809  0.39079562  1.79047346
  1.10757837  1.19026824  0.39229506  2.63189012  1.92711898  0.11395081
 -0.05658865 -0.01648652 -0.11306662 -0.3340662   4.62130964  2.65989351
 -0.28887661  5.9386343   1.52976106] 1.3511580656625399e-05 True
warning: basinhopping: local minimization failure
basinhopping step 66: f 1.1525e-05 trial_f 1.1525e-05 accepted 1  lowest_f 6.34425e-07
[ 9.49296492e-01  1.83932681e+00  1.16972613e+00  1.25198328e+00
  5.17687440e-02  5.75278758e-01  1.40514722e-01  6.15252248e-01
  1.31554031e+00  1.40568847e+00  1.70093074e+00  1.56728014e+00
  7.99821885e-01  4.41296814e-01  6.40477890e-01  1.79947104e+00
  9.09675699e-01  1.38271105e+00 -6.47247782e-02  1.88246713e-01
  5.97177718e-01  8.14587689e-01  3.14318762e+00  5.01127148e+00
  2.72652744e+00  6.15291816e+00  4.53566863e-01  9.75435252e-01
  1.76000677e-03  1.06733040e+00  1.13899504e+00  8.98673022e-01
  8.61083418e-01  2.70477927e+00  1.97063757e+00  1.97861174e-01
 -1.05826022e-01 -2.82323169e-01 -6.27454380e-01 -4.67462456e-01
  3.91050187e+00  2.12932605e+00 -1.71231994e-01  5.24956556e+00
  1.41767873e+00] 1.1524999086979282e-05 True
warning: basinhopping: local minimization failure
basinhopping step 67: f 5.34671e-05 trial_f 5.34671e-05 accepted 1  lowest_f 6.34425e-07
[ 0.63979446  2.18812774  0.70561603  0.10298222 -0.08637037  0.77466456
 -0.06480698  0.63345684  0.88294724  1.93043002  1.99582933  1.9086576
  0.37919372  1.14685424  1.08876158  1.83973529  0.65634278  1.14757282
 -0.37360252  1.12188646  0.91984016  1.21917664  3.62230035  4.96841175
  3.03637696  6.38065081  0.61755158  0.42270615 -0.03137791  1.16814741
  0.15096134  0.72086295 -0.2241145   2.04689077  2.03591218  0.42066704
 -0.13094103 -0.12838705  0.57821799 -0.86128697  3.38733922  2.23840516
  0.01138012  5.05940072  1.61232624] 5.346709532299604e-05 True
warning: basinhopping: local minimization failure
basinhopping step 68: f 1.74508e-05 trial_f 1.74508e-05 accepted 1  lowest_f 6.34425e-07
[ 1.72204202  2.83632617  1.9631075   1.03610857  0.67512732  1.0771212
  0.54139351  0.96964004  0.32419956  2.41391726  2.81566721  1.34040419
  0.19233134  0.53129357  0.37438596  1.28633768 -0.67192718  0.63833927
 -0.41152203  0.56255137  0.28663077  0.67060317  2.35920967  4.27199534
  2.57234729  6.15738131  0.59602205  0.50554112 -0.11528599  0.93295575
  0.17971955  0.99629164 -0.28569717  1.38156576  2.40339589  0.58803084
 -0.06131303 -0.40845143 -0.06902732 -0.89486254  2.4243513   2.44248118
 -0.95057049  3.89831244  1.52537512] 1.7450830233680108e-05 True
warning: basinhopping: local minimization failure
basinhopping step 69: f 1.0759e-05 trial_f 1.0759e-05 accepted 1  lowest_f 6.34425e-07
[ 1.91302524  1.98374578  2.51551409  0.98925567 -0.09832831  0.31216402
 -0.37421778 -0.34942035 -1.10527483  2.6365053   2.50588281  0.75014829
  0.09922232 -0.59954949 -0.03580463  3.41184163  1.17717332  1.30720211
  0.19899344  1.2584896   0.8530857   1.24065008  2.93877443  3.20394847
  2.77884389  6.97096033  0.64590278  0.68535631  0.61921744  1.26647245
  1.16804957  1.07705853  0.22994595  2.37383075  2.58634626  0.76742645
  0.38651778 -0.06734845  0.57267778  0.3105315   2.36083382  2.49022309
 -1.23075507  3.01750867  1.11850441] 1.0759034331648322e-05 True
warning: basinhopping: local minimization failure
basinhopping step 70: f 1.27538e-05 trial_f 1.27538e-05 accepted 1  lowest_f 6.34425e-07
[ 1.69084159  1.6613554   2.26949492  1.91556436  0.3064819  -0.12629867
  0.17629705 -0.49075755 -0.44428597  2.52784711  2.96529983  0.92998624
 -0.15876048 -0.55332206  0.40237565  3.32123231  1.3962997   2.12870204
  0.14688205  1.01075901  1.34604262  0.64732817  2.61385554  3.57306853
  3.18959802  6.54198692  0.28330085  1.20986     0.69278154  1.10424729
  1.54090478  1.13980173  0.53661774  1.83842574  2.10618726  0.68875356
  0.16098311  0.19833889  0.36278341  0.80791306  2.60911753  2.28928763
 -0.37440591  3.05141487  0.55823837] 1.2753802502533992e-05 True
warning: basinhopping: local minimization failure
basinhopping step 71: f 6.93883e-06 trial_f 6.93883e-06 accepted 1  lowest_f 6.34425e-07
[ 0.05032294  1.13808734  2.98000544  1.09149514 -0.19854413 -0.70777918
 -0.73563546  0.14766424 -0.06450403  2.30160315  2.46956846  0.46560051
 -0.56566097  0.15699869  1.07663124  3.71960988  1.46228813  1.63710295
  0.49837383  0.52224793  0.56364823  1.03488236  2.20469844  4.13523769
  3.96223385  6.44226043  0.70601956  1.2283033   0.9151256   1.94413818
  2.09534719  1.35358694  0.97582897  1.77119177  2.28720028  1.03783232
  0.69954886  0.17137565  0.4206835   0.7063266   2.73518671  2.18829307
  0.12382961  3.63264804  1.06822706] 6.938833157686831e-06 True
warning: basinhopping: local minimization failure
basinhopping step 72: f 6.25885e-06 trial_f 6.25885e-06 accepted 1  lowest_f 6.34425e-07
[ 0.02007816  1.93710253  3.04406477  0.60630757  0.03752435 -0.60332131
 -0.36806277  0.36212504  0.49896953  2.60236568  1.88015711 -0.18963885
 -0.3583579   0.18906931  0.70952395  3.83881965  1.78910894  2.06140407
  0.89984759  0.59613021  0.90301605  1.71444518  1.73361565  4.22896223
  3.63848922  6.40046707  1.45720178  1.30649977  0.57226416  1.59252091
  1.23387659  0.41478744  0.01075229  2.02944505  2.78573971  0.52370155
  0.23981838  0.28444122  0.99291011  0.55421648  2.06281713  1.92933514
  0.43609711  3.72816735  1.45867194] 6.258852586798462e-06 True
warning: basinhopping: local minimization failure
basinhopping step 73: f 6.05728e-06 trial_f 6.05728e-06 accepted 1  lowest_f 6.34425e-07
[ 0.43627259  1.35019769  2.38850394  1.14287501  0.18900705  0.33336275
  0.61959442  0.91754906  0.80263652  2.46030803  1.07743904 -0.08039421
  0.03636491  0.37579467  1.02068888  3.77222257  2.37845     2.06872486
  1.65262285  1.62510191  0.98537769  1.65178063  1.99935138  4.46433708
  3.8593643   6.9837094   1.53523884  1.8642539   0.43706009  0.74596134
  0.32569288  0.25017296 -0.02081042  0.7818093   2.88126511 -1.24214083
 -0.72195699 -0.26586272 -0.27345799  0.21888319  2.92022189  2.61484937
  0.20977649  4.3573019   0.82213443] 6.057275691869182e-06 True
warning: basinhopping: local minimization failure
basinhopping step 74: f 1.41993e-05 trial_f 1.41993e-05 accepted 1  lowest_f 6.34425e-07
[ 0.04847051  1.01024239  3.02616523  1.45625641 -0.30660528 -0.10285452
  1.02914517  0.98553015  1.23678791  3.31362991  0.92815429 -0.22227092
  0.75974772  0.59993511  1.00416961  4.11942542  2.31917736  0.58399956
  1.70117281  1.33994075  0.52573797  1.68259311  2.09568094  4.34367515
  3.68728417  5.93208106  1.53965663  1.00927444 -0.27291667  0.06042549
  0.12624862 -0.37756279  0.44583886  0.74732792  2.83449314 -0.61463182
 -0.53803705  0.06646509  0.28020564 -0.65052512  2.63967848  1.79733062
  0.31427458  5.16966855  0.52182191] 1.4199280000827055e-05 True
warning: basinhopping: local minimization failure
basinhopping step 75: f 2.94637e-05 trial_f 2.94637e-05 accepted 1  lowest_f 6.34425e-07
[ 0.05175214  0.4686069   2.75043628  2.58167296  0.67386184  0.38012282
  1.68630783  0.40406926  1.12073068  3.12716916  0.05828184 -0.60613491
 -0.17613361  0.0855682   0.99814712  4.55229921  1.42438239  0.17908358
  0.88494541  1.22392454  1.70834566  2.19659141  1.84659972  4.42300951
  4.09935788  5.73747439  0.75744746  1.44760569  1.17451753  1.23367519
  0.11463659  0.22491017  0.944635    1.26776628  2.28778623  0.30771577
  0.28934809  1.17464382  0.72809676  0.00665369  1.84064143  1.04461599
 -1.15209449  4.6358449  -0.32583444] 2.9463734518608292e-05 True
warning: basinhopping: local minimization failure
basinhopping step 76: f 1.69146e-05 trial_f 1.69146e-05 accepted 1  lowest_f 6.34425e-07
[-0.14121982 -0.59488425  3.02034973  2.16438671  0.64813239  0.6166672
  1.89906499  0.2870967  -0.07465186  3.05182133  0.47162203 -0.44358237
 -0.33784757 -0.45745189  0.57004903  4.66426751  0.54684726  0.60362548
  0.72068815  1.48151474  1.78083857  2.55586314  1.95925832  4.78248907
  3.85080795  6.08571791  0.94617525  1.34301171  0.83904547  0.95711362
  0.9508841   0.84775942  1.04797986  1.20043441  2.86559227 -0.08172213
  0.23567148  0.71112226  0.6099145   0.40303285  1.98377695  1.59867892
 -0.55723989  4.6994      0.31715069] 1.6914633752971178e-05 True
warning: basinhopping: local minimization failure
basinhopping step 77: f 1.24079e-05 trial_f 1.24079e-05 accepted 1  lowest_f 6.34425e-07
[-0.5320184  -0.25831743  1.92798271  1.82234971 -0.56585099  0.50167087
  2.22660857  0.29058626  0.07580505  1.90211444 -0.26233886 -0.43868827
 -0.40594801 -0.98570652  0.58431657  5.35004768  0.10332311  0.42332634
  0.15779105  0.89432834  1.40053486  1.61977356  1.8361317   4.79605628
  3.21765788  5.20248985  0.50506774  1.5405387   0.16924284  0.48440996
  0.2561951   0.84040872  0.68688245  0.42838739  2.63350051  0.52628049
  0.41891969  0.26614835  0.88926783  0.3731933   2.14435131  2.50566989
  0.43399587  5.5521166   0.46050771] 1.240791879448514e-05 True
warning: basinhopping: local minimization failure
basinhopping step 78: f 1.04784e-05 trial_f 1.04784e-05 accepted 1  lowest_f 6.34425e-07
[-0.73011528  1.29666025  2.50493458  1.57420733 -0.40004288  0.31739191
  2.38261457 -0.32490598 -0.56634421  1.95088283 -0.3924029  -0.18279435
 -0.03259132 -0.7045322   0.17851822  5.46643925  0.27645534  0.63244854
 -0.16923895  0.8559253   1.80246597  1.59147757  2.15321786  4.36916441
  3.7199876   4.95456578  0.19732482  1.36082414 -0.52422478  0.60062492
  0.72097595  1.50089812  0.40952894  0.45294959  2.68900313  0.94023751
  0.57453392  0.06202413  0.47962473  0.59561221  2.58274304  2.2384834
 -0.0170519   6.50725245  0.15025036] 1.0478390885082577e-05 True
warning: basinhopping: local minimization failure
basinhopping step 79: f 4.58939e-05 trial_f 4.58939e-05 accepted 1  lowest_f 6.34425e-07
[ 0.4769506   2.74956555  4.42974967  1.47929209 -0.03753315  0.40171973
  2.84649401  0.47443657  0.0150977   2.46072485  0.09704507  0.13211234
  0.36312342 -0.41972093 -0.6971305   5.25742918 -0.50378605  0.06365534
 -0.31148847  0.87798016  1.49608544  0.38002759  0.86779207  3.50345257
  4.30163397  5.01389101  1.0368832   1.36094114  0.5241187   0.62066379
  1.19259018  1.57524588  0.97054524  0.55007826  1.82578514  1.00974265
  0.99682714 -0.44936647  0.40476906 -0.70953082  3.0321368   1.58223455
  0.32747647  5.67574678 -0.53695913] 4.589385587564347e-05 True
warning: basinhopping: local minimization failure
basinhopping step 80: f 3.14887e-05 trial_f 3.14887e-05 accepted 1  lowest_f 6.34425e-07
[ 1.58055138e+00  3.61459776e+00  4.37104061e+00  1.41115084e+00
  2.21308614e-01 -9.76634015e-02  3.05288143e+00  2.38242317e-02
 -1.44957342e-01  2.72580876e+00 -1.84024233e-01 -4.04579327e-01
 -8.63211673e-02 -1.83262849e-01 -6.96774557e-01  4.50101723e+00
 -8.24761571e-01 -2.68257929e-01 -5.19600035e-01  5.65119981e-01
  8.50357781e-01 -3.37769254e-01  1.24758038e+00  3.10641306e+00
  4.40839249e+00  4.36646490e+00  7.42956378e-01  7.87775966e-01
  4.31136824e-02 -1.25749832e-01  1.07448471e+00  1.54939850e+00
  1.36185638e+00  7.08027378e-01  1.91645350e+00  1.56634658e+00
  1.04617393e+00  7.70472388e-01  6.73542328e-01  8.87508438e-01
  3.02632861e+00  1.39600805e+00 -3.27039908e-03  5.82119170e+00
  2.90600688e-01] 3.148874437814664e-05 True
warning: basinhopping: local minimization failure
basinhopping step 81: f 1.13871e-05 trial_f 1.13871e-05 accepted 1  lowest_f 6.34425e-07
[ 2.22937844  3.90370444  4.75345891  1.94167996  0.15127629 -0.2951158
  2.20942674 -0.02978113  0.03357524  3.07281754  0.34188217  0.03950156
  0.15580463  0.4025693   0.73667167  5.74312353 -0.17364706 -0.2623209
 -0.75928213 -0.80802692  0.1172354  -0.54651482  2.27442713  2.85518685
  3.30503115  4.34788627  1.05278574  1.14671747 -0.12375042  0.25628477
  1.245597    0.96429045  1.27245882  1.09841063  3.55437949  1.82997071
  1.40220972  1.03911748  0.3001202   0.81604789  3.04017963  0.71383438
 -0.59946763  4.86081961 -0.1085046 ] 1.1387115352088171e-05 True
warning: basinhopping: local minimization failure
basinhopping step 82: f 6.67917e-06 trial_f 6.67917e-06 accepted 1  lowest_f 6.34425e-07
[ 2.53199651e+00  4.13832099e+00  4.53143519e+00  2.33684864e+00
 -1.37514153e-01  3.36553378e-04  2.62697012e+00 -8.99145051e-03
  7.23133432e-02  2.49958815e+00 -1.54044020e-01  9.77714038e-01
  5.23898065e-01  1.05284385e+00  6.22626472e-01  6.12950324e+00
  1.86509753e-01  1.57272032e-02 -2.22701800e-01  8.36750820e-02
  2.39092604e-01  9.60571490e-03  2.54402961e+00  2.71061530e+00
  3.21743496e+00  4.53631999e+00  1.42105378e+00  1.48978498e+00
 -1.24817865e-01  2.56197078e-02  8.43282381e-01  9.23989360e-01
  1.38690139e+00  1.40309770e+00  3.80378941e+00  2.22319288e+00
  1.40140840e+00  1.81106901e+00  7.72697452e-01  1.20331616e+00
  3.09455467e+00  1.40317391e+00 -7.88697086e-02  5.09708132e+00
  3.64369275e-01] 6.679170530961758e-06 True
warning: basinhopping: local minimization failure
basinhopping step 83: f 3.14527e-05 trial_f 3.14527e-05 accepted 1  lowest_f 6.34425e-07
[ 2.90715422  4.70048313  5.11467066  3.14444848  0.18127991 -0.07964811
  2.64526607 -0.86816999 -0.88868823  2.26131443  0.45155545  0.84550018
  0.11142649  1.29981513  0.23558365  5.65451793  2.08109226  0.16628995
  0.43149347  0.49951824  0.85417114  0.28197043  2.51208682  3.30024303
  2.95076082  3.82277237 -0.3099883   1.57760726 -0.13892596 -0.92735808
 -0.24397576  0.21349192 -0.06901049  1.04351382  3.75742962  0.90047925
  1.8712198   2.24493718  0.80209342  0.88468247  1.92964784  1.1684916
 -0.73220229  4.07331557  0.56338788] 3.1452714005102496e-05 True
warning: basinhopping: local minimization failure
basinhopping step 84: f 1.08152e-05 trial_f 1.08152e-05 accepted 1  lowest_f 6.34425e-07
[ 3.35874056  4.29051351  5.31156527  3.62024853  0.70516221  0.08481328
  3.45343757 -0.20248032 -0.53312528  1.79043324 -0.59188348  0.11749059
 -0.1436581   1.30278308  0.80875562  5.38787976  2.47833128  0.00648544
 -0.57030596  1.21212843  1.29185724  0.13377277  2.13932355  2.30816691
  2.67017825  3.20221614  0.23195009  1.23761036  0.91187505  0.15105954
  0.17330283 -0.03575044 -0.53394707  0.74885844  3.30685193  0.2571896
  1.15616548  1.94467684  0.58562253  0.68034514  2.16698037  0.72738398
  0.67389954  4.68482912  1.54655446] 1.0815163730231805e-05 True
warning: basinhopping: local minimization failure
basinhopping step 85: f 1.436e-05 trial_f 1.436e-05 accepted 1  lowest_f 6.34425e-07
[ 2.96540805  4.60005873  4.7659978   3.53759481  1.15346349 -0.07554624
  3.16042582 -0.11051851 -0.29509446  1.91090845 -0.10652888 -0.44166366
 -0.20867573  0.59111889  1.64154779  5.24011624  2.21218152  0.98136046
 -0.27700353  0.39543641  2.01554974  0.42196248  2.47531053  2.25589199
  3.07604711  3.62508493  0.29205244 -0.41929896 -0.04022783  0.22118252
  0.4163901   1.1053289   0.47254251  0.63604483  2.84830866 -0.28168867
  0.77944242  1.38047175 -0.09858331  0.19723764  1.41191798  1.0629359
  1.27154584  5.30072734  1.74358609] 1.436004590589906e-05 True
warning: basinhopping: local minimization failure
basinhopping step 86: f 1.19051e-05 trial_f 1.19051e-05 accepted 1  lowest_f 6.34425e-07
[ 3.87271222e+00  4.31769328e+00  5.08066236e+00  3.09476103e+00
  1.09037449e+00  5.27531815e-01  2.69530591e+00  2.38483913e-01
  7.32518054e-02  2.33877290e+00  3.16584563e-01 -4.85767649e-01
  1.10240891e-01  1.11027953e+00  2.01101443e+00  5.52826993e+00
  2.45045920e+00  8.95999097e-01  3.60019624e-01 -5.39995975e-03
  2.20763495e+00 -1.59443505e-02  1.96791389e+00  2.24455666e+00
  2.99297691e+00  3.64036984e+00  1.01379227e-01  2.41216827e-01
  5.07539009e-01  3.28306776e-01 -5.48379302e-02  8.65459899e-01
  5.80284440e-01  1.34199725e+00  2.30435117e+00 -4.40502053e-02
  1.22351809e+00  1.25630241e+00  2.17726784e-01  4.19022815e-01
  1.49412229e+00  9.40747729e-01  1.09512643e+00  5.35855000e+00
  2.23182722e+00] 1.1905141230945091e-05 True
warning: basinhopping: local minimization failure
basinhopping step 87: f 5.09681e-05 trial_f 5.09681e-05 accepted 1  lowest_f 6.34425e-07
[ 4.21219561  4.12549756  5.93477012  3.596815    0.93364713 -0.44431859
  2.66678259  0.14830765  0.93643479  2.68156643  0.31251173 -0.56081286
 -0.29459967  1.69287788  2.44130586  5.22358151  2.19128922  0.00691812
  1.33547035  0.54397053  2.53635723 -0.42910394  1.04312951  3.2954024
  3.82450791  3.27656513 -0.73648362  0.27973417  0.09734439  0.06112978
 -0.18489104  0.96280068  0.11191884  1.04528912  2.20140772  0.45709514
  1.83565998  1.32202022  0.47204377  0.7124703   0.7436585   0.1939402
  1.11934112  4.89586897  1.88598309] 5.096805482062786e-05 True
warning: basinhopping: local minimization failure
basinhopping step 88: f 3.10846e-05 trial_f 3.10846e-05 accepted 1  lowest_f 6.34425e-07
[ 4.29466534  4.12529185  5.91065567  3.82666409  0.17478597 -0.17561357
  2.66557947  0.14030712  1.04116131  3.35509917  0.19134647 -0.65408335
 -0.01019281  2.24761564  2.90893358  6.02965051  2.04188856 -0.21158547
  0.68321784  0.92123332  2.2994856   0.30179822  1.84906445  4.15199368
  3.83681931  3.29815132 -0.62830141  0.33625023  0.40162176 -0.66535749
  0.60429232  1.51267393  1.07629176  1.85234018  1.91850376  0.90232006
  1.03997208  1.41165079  0.70393911 -0.2269571   0.00735905  0.48469469
  1.30839243  4.19416758  1.58209582] 3.1084588132772764e-05 True
warning: basinhopping: local minimization failure
basinhopping step 89: f 7.5555e-06 trial_f 7.5555e-06 accepted 1  lowest_f 6.34425e-07
[ 4.45882938  3.84846368  5.59724577  3.9247494   0.05619709  0.49373249
  2.82606363  0.50436943  0.86240001  2.7840572   0.01337835  0.16138444
 -0.06282162  2.01491575  2.44467605  6.05952074  2.52453464  0.10811178
  0.2874187   0.66561263  1.8771838   0.59878115  2.33873955  4.12130601
  4.38366239  3.33952681 -0.59155591  0.57121744  0.52512108  0.19561006
  0.87895648  1.87880533  1.05617425  1.89536755  1.8665926   1.19097392
  1.58496039  1.53921917  0.86000207 -0.26070574  0.23196561  0.37182989
  1.98285821  3.87508079  0.93522503] 7.555504942499809e-06 True
warning: basinhopping: local minimization failure
basinhopping step 90: f 1.59119e-05 trial_f 1.59119e-05 accepted 1  lowest_f 6.34425e-07
[ 4.56581389  3.98678771  5.95539937  4.04806218  0.26626837  0.59925764
  3.25174163  1.09569421  0.85523787  3.07907455  0.10388068  0.64673693
 -0.06447939  2.09115611  1.64578495  5.8733771   2.76936792  0.30325038
 -0.35487364  0.54962974  0.63846803  0.52143634  1.86252277  4.5839905
  4.5759671   3.28862647 -0.46813155  0.56676026  1.13193422  0.02240321
  0.74874011  1.39878195  1.9134305   1.73957196  1.66038624  1.4945383
  1.25704591  2.15834437  1.24806602  0.42395155  0.29941027  0.62484607
  1.96957452  4.96526082  0.23589045] 1.5911928559293347e-05 True
warning: basinhopping: local minimization failure
basinhopping step 91: f 8.2825e-06 trial_f 8.2825e-06 accepted 1  lowest_f 6.34425e-07
[ 4.41965435  3.7781341   5.28662504  4.13514546  0.11853321  0.56015948
  2.94892386  1.03319966  0.27600374  3.47719172  0.24466997  0.61358028
  0.14076821  2.08782706  1.78960171  6.29340665  2.83688532 -0.2640399
  0.15891317 -0.11859209  0.82884665  0.14744971  1.93223545  4.75890891
  4.54579079  3.48717395  0.26136652  0.97225103  1.76113276  0.37560844
  0.84610742  1.56582121  2.03056286  1.29377787  1.89051191  1.40762525
  1.02031615  1.95081796  1.19875439  1.01241667  0.36095601  0.73246322
  2.37007461  5.319764    0.32917933] 8.282501279448062e-06 True
warning: basinhopping: local minimization failure
basinhopping step 92: f 1.12503e-05 trial_f 1.12503e-05 accepted 1  lowest_f 6.34425e-07
[ 4.43474144  4.29614374  5.67393285  4.43175723  0.35997733  0.0993475
  2.91339874  0.81411312  0.4714545   3.13159824 -0.06182624  0.26599745
  0.57975479  2.35517191  2.52790138  6.37559038  3.41339822  0.05698839
  0.22240273 -0.2747555   0.95748553  0.39531676  2.26594411  4.08424249
  4.87538196  3.27774415  0.81828     1.10280524  2.18481389  0.46991639
  0.39848467  1.78645455  2.42200969  1.72160007  2.11164784  1.21837872
  1.00204126  1.61107793  1.12406651  0.77072678  0.0258671   0.85132197
  1.71583579  5.43463898  0.79554042] 1.1250257161072838e-05 True
warning: basinhopping: local minimization failure
basinhopping step 93: f 2.71449e-05 trial_f 2.71449e-05 accepted 1  lowest_f 6.34425e-07
[ 5.90904684  4.95168067  6.4432115   3.58746139 -0.02395311 -0.13251751
  2.74779577  0.38818521  0.78924121  3.01431251 -0.15826907 -0.55702905
  0.11566305  1.31090508  3.28626377  6.87204535  4.42817615  0.63542
 -0.161061    0.31388645  0.47159225 -0.19673141  2.64872507  3.61451655
  3.65771424  2.90366311  0.66360701  0.09727857  1.13372193 -0.74197603
  0.18337172  1.63128758  2.11589512  1.26326193  2.06968409  1.69079148
  1.1420344   1.73621951  2.15053655  0.78004649  0.66342224  1.24829069
  1.48834724  4.51373096 -0.48201891] 2.7144860493447675e-05 True
warning: basinhopping: local minimization failure
basinhopping step 94: f 1.6765e-05 trial_f 1.6765e-05 accepted 1  lowest_f 6.34425e-07
[ 5.72045531  4.89199493  6.06817228  3.40242733  0.04920756  0.13606944
  2.71111512  0.679689   -0.1938047   2.29708354 -0.63215009 -0.89750565
 -0.02456903  1.1586438   3.45669516  6.26318908  4.32341286 -0.08322189
  0.13211056  0.6321188   0.17720309 -0.17264424  3.45208682  3.1612457
  3.30261557  2.07967303  0.17057311  0.02895489  0.85801561 -0.24771269
  0.29095091  1.33967203  2.30532029  1.57217114  2.07851905  1.1942435
  0.95224238  1.67436127  1.87014934  0.89669802  1.20500866  0.81191058
  2.30215377  4.85724921  0.57575889] 1.6765026573055594e-05 True
warning: basinhopping: local minimization failure
basinhopping step 95: f 1.8977e-05 trial_f 1.8977e-05 accepted 1  lowest_f 6.34425e-07
[ 5.59767768  4.51388171  5.19455314  3.14366186 -0.08759541 -0.06082791
  2.78404304  0.53437734 -0.23887534  2.84174524 -0.1918739   0.23930783
  0.10763513  2.01114714  2.80399483  5.5443952   3.5950874   0.22971978
  0.76297404  0.91558413 -0.14885452  0.17856851  3.35108046  3.28058987
  2.72415386  2.25127427  0.37075957  0.90522801  0.68736978 -0.31072829
  0.42757576  1.69709173  2.36551693  0.97751672  1.80971     1.59036314
  0.35123368  2.00546818  2.06269264  0.87711598  1.20614075  0.85340543
  2.32158623  4.84436555  0.8830368 ] 1.8977035281361425e-05 True
warning: basinhopping: local minimization failure
basinhopping step 96: f 1.15506e-05 trial_f 1.15506e-05 accepted 1  lowest_f 6.34425e-07
[ 5.92074327  4.34061747  3.60025333  2.79879898 -0.50799151 -0.4631651
  2.74743175  0.87465208 -0.37937091  3.10875161  0.33414204  0.82856993
  0.28955286  2.16566141  2.93568205  5.45729528  3.21571062 -0.43264923
  0.64521729  0.49152795  0.26528229  0.57470423  3.87199158  4.45505388
  3.56367922  2.74909553  0.24343617  0.21905904 -0.54237528 -0.16891432
  0.20531498  1.25023915  2.14624388  1.17254098  1.37410183  1.15662423
 -0.26993767  1.25288763  1.539476    0.8564893   2.48318321  1.31758274
  2.37680825  5.29757016  1.11889275] 1.155064624523752e-05 True
warning: basinhopping: local minimization failure
basinhopping step 97: f 2.53545e-05 trial_f 2.53545e-05 accepted 1  lowest_f 6.34425e-07
[ 5.70985569  3.36906804  2.75360365  2.04798316 -0.69820274 -0.28783061
  2.05557177 -0.05855252  0.36095885  3.36271542  1.04944297  0.85945338
  0.44060202  2.22976973  3.87595519  5.89641377  3.82650587  0.32524582
  1.36446962  0.82064006  0.10229064  1.39186856  4.80832921  3.88512458
  3.65665152  3.23207621  0.73554352  0.11918043 -0.49016621 -0.30264196
 -0.55805064  1.41368689  2.53705437 -0.94537804  0.45880317  0.15182266
 -0.04395477  1.13982199  1.19607936  0.31943408  2.22965509  0.92178873
  1.77009902  4.52494969  0.58874217] 2.5354514673944205e-05 True
warning: basinhopping: local minimization failure
basinhopping step 98: f 9.80307e-06 trial_f 9.80307e-06 accepted 1  lowest_f 6.34425e-07
[ 5.6036324   2.54892612  2.10702278  1.0649178  -0.56197588 -0.5558509
  1.48882758 -0.31316861  0.06773966  3.49753218  1.16910188  0.87780207
  0.13974302  2.4211407   3.50829814  5.97981675  4.09846892  0.54480137
  1.28962167  0.17907632 -0.02977889  1.04990903  3.95560011  4.21005435
  3.34630995  3.81461724  1.44369817  0.39496031  0.07445058 -0.23940694
  0.2458269   1.7840929   1.94569522 -0.40197456  0.28229798  0.49552998
  0.55900536  1.88679256  1.30981037  0.80746019  2.65297058  0.78618555
  1.61704797  4.45993707  1.08800695] 9.80306584129731e-06 True
warning: basinhopping: local minimization failure
basinhopping step 99: f 3.05397e-05 trial_f 3.05397e-05 accepted 1  lowest_f 6.34425e-07
[ 4.98934863  2.7313503   1.89719594  1.67372393 -0.20256358 -0.01860666
  0.83378451 -1.44766823 -0.3927397   3.48198938  0.76182287 -0.21961524
 -0.26777355  1.81185707  2.92600108  5.09588479  3.48006724  0.31523563
  0.46275099  0.74145894 -0.10489856  0.91111218  3.70038734  4.18656213
  2.56578712  4.69731574  1.8918136   0.57973889  0.67837048  0.33619411
  0.41829708  1.06884135  1.8353866   0.26168582  0.75214668  0.40780162
  0.06815384  3.04864809  1.18172415  1.20767972  3.45837429  1.4848696
  1.86342712  4.97706432  0.85634681] 3.053965850702906e-05 True
adaptive stepsize: acceptance rate 0.990000 target 0.500000 new stepsize 0.617284 old stepsize 0.555556
warning: basinhopping: local minimization failure
basinhopping step 100: f 1.16975e-05 trial_f 1.16975e-05 accepted 1  lowest_f 6.34425e-07
[ 4.08140676  3.18556597  2.39018465  1.4087884  -0.01129356 -0.09854244
  0.43143503 -0.88632275 -0.50392185  3.55035414  1.07307649 -0.22439926
 -0.14642149  1.63741074  2.66300564  5.39999386  4.2004519  -0.32974865
  0.51236467  0.95007589 -0.08804038  1.00092565  4.21969595  4.79100913
  2.69516284  4.40545453  1.47879628  1.21886854  0.39774938  0.64748952
  1.00686215  1.44589533  2.54865656  1.23571723  1.56490455  0.61468691
  0.91253671  3.44173611  0.73607618  1.14312579  4.0987547   1.48637668
  2.35742219  4.88690885  1.34477778] 1.1697543277914534e-05 True
                        fun: 6.344245849898601e-07
 lowest_optimization_result:       fun: 6.344245849898601e-07
 hess_inv: array([[140.3405165 , 272.94293832, 180.94683456, ...,  96.04387142,
         84.00690378, 240.79183129],
       [272.94293837, 640.37500129, 442.66063118, ..., 136.58555695,
        153.06007949, 520.8182704 ],
       [180.94683462, 442.66063126, 336.79117071, ..., 104.65077826,
        120.12022426, 366.96104757],
       ...,
       [ 96.04387129, 136.58555663, 104.65077807, ..., 190.16991244,
        134.48924024, 204.95891508],
       [ 84.00690372, 153.06007932, 120.12022415, ..., 134.48924027,
        105.25443839, 188.00370338],
       [240.79183127, 520.81827027, 366.96104745, ..., 204.95891529,
        188.00370348, 487.72137261]])
      jac: array([-7.31985234e-04,  6.32797733e-04, -4.21394953e-05,  1.88598151e-04,
       -4.58103420e-04, -2.96689022e-05,  3.96953493e-04,  4.12943712e-04,
       -6.06492124e-05,  3.81600046e-04, -3.93286617e-04, -4.23986169e-04,
        7.31619237e-04, -1.50498722e-04,  4.77972166e-04, -8.80384480e-04,
       -2.39143230e-04,  2.80399308e-05,  1.45945798e-04,  7.08465893e-05,
        2.41135464e-04, -1.82199603e-04,  1.53590991e-04, -1.82582714e-04,
       -3.54915469e-04, -2.67744008e-04,  7.22275823e-04,  5.08901090e-05,
       -5.78805296e-04,  2.73427669e-04,  2.02864347e-05, -1.65911088e-04,
        6.69131192e-05, -3.49991274e-05, -4.87211358e-05, -3.08086327e-05,
        1.31425346e-04, -1.23167167e-04, -2.08847880e-05, -1.22367449e-04,
        2.34136709e-04, -1.27536256e-04,  2.19087614e-04,  2.95767249e-04,
       -1.63701176e-04])
  message: 'Desired error not necessarily achieved due to precision loss.'
     nfev: 17445
      nit: 301
     njev: 379
   status: 2
  success: False
        x: array([-0.19153666, -0.38016807, -0.60059917,  0.3180321 ,  0.93785759,
        0.90410828,  0.31821316,  1.23529494,  1.15119495,  3.05353349,
        0.30798565,  0.02686493,  0.83529969,  1.35668997,  0.73130297,
        0.80534065,  0.83118746,  1.68856619,  0.62731528,  4.99464605,
        4.02342355,  2.16218248,  0.8719631 ,  5.98430134,  3.48483683,
        6.13133583,  0.44789911,  3.38220877,  0.36151795,  0.84742899,
        1.12459289,  0.8113679 ,  0.16447944,  0.59650277,  1.9594088 ,
        1.3517968 ,  2.2955795 ,  2.10127275,  4.4141051 ,  5.55168969,
        5.96987772,  1.85080927,  4.81431501,  4.48592754,  1.7464881 ])
                    message: ['requested number of basinhopping iterations completed successfully']
      minimization_failures: 101
                       nfev: 2186176
                        nit: 100
                       njev: 47500
                          x: array([-0.19153666, -0.38016807, -0.60059917,  0.3180321 ,  0.93785759,
        0.90410828,  0.31821316,  1.23529494,  1.15119495,  3.05353349,
        0.30798565,  0.02686493,  0.83529969,  1.35668997,  0.73130297,
        0.80534065,  0.83118746,  1.68856619,  0.62731528,  4.99464605,
        4.02342355,  2.16218248,  0.8719631 ,  5.98430134,  3.48483683,
        6.13133583,  0.44789911,  3.38220877,  0.36151795,  0.84742899,
        1.12459289,  0.8113679 ,  0.16447944,  0.59650277,  1.9594088 ,
        1.3517968 ,  2.2955795 ,  2.10127275,  4.4141051 ,  5.55168969,
        5.96987772,  1.85080927,  4.81431501,  4.48592754,  1.7464881 ])

Process finished with exit code 0
