E:\CURPROJECT\SimsV3\venv\Scripts\python.exe E:/CURPROJECT/SimsV3/Simple_ManyWP_reproducability_test1.py
warning: basinhopping: local minimization failure
basinhopping step 0: f 0.000565425
[ 4.2919171   1.20347317  0.84486739  0.3402792  -0.29753255  3.3292348
  4.03511541  3.11461163  3.66333322  6.80474888  1.16008208  1.66651192
  1.14037186  4.69913979  1.12638824  4.40692938  5.74407446  5.71355493
  2.94681263  5.53573533  5.65552754  5.20989714  1.52183834  4.10097926
  1.44115726 -1.53548192  4.0258571   4.44360188  4.51233749  4.95832215] 0.0005654250976384843 True
warning: basinhopping: local minimization failure
basinhopping step 1: f 2.89516e-05 trial_f 2.89516e-05 accepted 1  lowest_f 2.89516e-05
found new global minimum on step 1 with function value 2.89516e-05
[ 4.46335647  0.57465806  0.72433023  0.56302399  0.40426782  4.41351354
  4.05777187  2.86409717  3.62269908  6.43253304  1.21805071  0.82795271
  0.01105678  2.43232373 -0.49272475  2.8363528   3.96972389  3.12707524
  0.72874988  3.67343179  4.90230812  4.5038057   1.36088829  4.69263863
  2.14054514  0.948576    4.48769498  4.17794635  4.94486973  5.08452885] 2.8951561148277057e-05 True
warning: basinhopping: local minimization failure
basinhopping step 2: f 5.04363e-05 trial_f 5.04363e-05 accepted 1  lowest_f 2.89516e-05
[ 4.97129154  1.19102084  0.12124448  0.64499195  0.21060721  4.0715702
  4.20609692  2.77286499  2.82372988  5.96005886  0.3159508  -0.06955705
 -0.14091952  3.0843528  -0.14481439  3.18434935  3.27735282  3.02693883
  1.14530632  3.76200368  4.40599455  4.64458236  1.00423301  5.02773106
  2.02804606  0.82773383  4.18544688  3.04125053  4.19517333  3.89840102] 5.0436301112427184e-05 True
warning: basinhopping: local minimization failure
basinhopping step 3: f 0.000309467 trial_f 0.000309467 accepted 1  lowest_f 2.89516e-05
[ 4.00698808  1.25023548  0.2207065   0.06267276 -0.55418615  3.3177646
  3.21542089  2.90643963  2.19167955  5.23588414  0.25269867 -0.26689778
  0.35037419  3.13659646  0.87416922  3.61196073  3.1082974   1.8912396
  0.20392239  3.12352718  3.53629723  3.50400644  1.39182042  4.82495533
  2.75104233  1.52183879  4.43004499  3.78229119  4.54781656  4.06890728] 0.00030946659130232286 True
warning: basinhopping: local minimization failure
basinhopping step 4: f 3.15333e-05 trial_f 3.15333e-05 accepted 1  lowest_f 2.89516e-05
[ 4.15325743  1.51144089  0.4185254   0.06950566 -0.3868883   3.10532682
  3.58285341  3.11407182  1.96637383  5.75565539 -0.33702874 -0.65461139
 -0.47340491  3.10555824  0.67472999  3.30102112  1.98858382  2.624756
 -0.09724102  2.75884701  3.31443343  3.60525771  1.0608273   3.7556813
  1.40074293  1.14968597  4.45293834  3.13965697  4.24896254  3.26437946] 3.153327672606641e-05 True
warning: basinhopping: local minimization failure
basinhopping step 5: f 0.000307232 trial_f 0.000307232 accepted 1  lowest_f 2.89516e-05
[ 5.18506548  2.25786556 -0.36575026  0.31186944 -0.45640676  2.63002075
  2.0433474   1.52389681 -0.53521474  3.56349173 -0.49903886  0.04395466
  0.44985064  2.82988184  0.09315413  2.78918536  1.87319909  2.23954057
 -0.29759199  2.40247838  4.23480584  2.603075    0.23337829  3.49272286
  0.42254294  0.9908882   5.91418478  4.5027065   4.12592554  3.7982447 ] 0.0003072321242925568 True
warning: basinhopping: local minimization failure
basinhopping step 6: f 8.08882e-05 trial_f 8.08882e-05 accepted 1  lowest_f 2.89516e-05
[ 5.07978926  1.81681163 -0.50330497 -0.78495991 -0.12907146  3.88795169
  3.06759997  2.57034516 -0.03624159  2.48526351 -1.02598326  0.0128491
 -0.40027998  3.10078228  0.47990392  2.40130114  1.97384144  2.70712285
 -0.19471999  0.47106411  3.05394772  3.5766794   0.67368757  4.22401633
 -0.25313308  0.35406397  4.35127405  4.7887923   4.32278526  2.55893453] 8.088819609633835e-05 True
warning: basinhopping: local minimization failure
basinhopping step 7: f 0.000120599 trial_f 0.000120599 accepted 1  lowest_f 2.89516e-05
[ 5.36086595  1.25772721  0.05866794  0.50007007  0.95661001  3.71189722
  3.3948728   2.42614942 -0.56665185  2.04220971 -0.54209717  0.24136724
 -0.55403026  2.29530895 -0.6699484   2.77270581  1.64938197  1.69089201
 -1.2772031   1.25638589  2.43725184  1.99260828 -1.58633228  2.76982303
 -0.78247928 -0.15383611  4.72747959  4.67694073  4.7556824   1.76403944] 0.00012059865022422121 True
warning: basinhopping: local minimization failure
basinhopping step 8: f 0.000199571 trial_f 0.000199571 accepted 1  lowest_f 2.89516e-05
[ 4.99919627  1.55247666  1.83875794  0.5185858   1.10304362  4.32076389
  3.87523572  1.39260631 -0.96733553  1.95376412 -0.4689637  -0.67329674
 -1.69994602  1.41518651 -1.37231799  2.47515311  1.83511961  0.73287284
 -1.24965869  1.39261348  1.93195729  1.22229698 -1.36927218  2.79725725
 -0.51787829  0.31615165  5.98482649  3.34919982  5.36114191  2.86063177] 0.00019957089906858977 True
warning: basinhopping: local minimization failure
basinhopping step 9: f 0.000615959 trial_f 0.000615959 accepted 1  lowest_f 2.89516e-05
[ 4.82354148  1.94747399  1.29838297 -2.44190973 -1.47191011  2.03065158
  2.21187865  0.3087973  -1.16138928  1.70711577 -0.36142232 -0.45506934
 -0.36024731  1.31051954 -1.35439978  1.87310423  1.59768325 -2.08952416
 -0.75476036  1.84459508  2.44770086  1.49354555 -0.62163718  1.96562755
  0.09383448  0.68651033  6.12688457  2.91742929  3.5303312   2.76683971] 0.0006159586339588998 True
warning: basinhopping: local minimization failure
basinhopping step 10: f 0.00013401 trial_f 0.00013401 accepted 1  lowest_f 2.89516e-05
[ 3.91679556  1.63070727  1.76649509 -0.84686843 -1.28976897  1.79816514
  2.62267827  0.61534329 -1.43880892 -0.23345366 -0.53284905 -0.50810564
 -0.12367222  1.08781509 -0.01012978  0.30613959  0.11182692 -1.03582847
 -0.32880012  1.81936554  2.76480679  2.19241828 -0.45242767  1.97847014
  0.06996032  0.23424365  6.48885039  2.57397791  3.55360909  3.18022666] 0.00013401019522926765 True
warning: basinhopping: local minimization failure
basinhopping step 11: f 0.000187897 trial_f 0.000187897 accepted 1  lowest_f 2.89516e-05
[ 2.35605381  0.64562511  2.35632011 -0.30669636 -0.42025703  2.47179606
  2.88328533  0.8987055   0.53201246 -0.26849429  0.21493307  0.04018403
 -0.44429164  0.60719519  0.34813351  0.30089093  0.11722897 -0.93047913
 -1.24502217  1.12831713  2.1534729   2.19479869 -0.88804324  2.72757211
  0.07899154 -1.21152436  4.80095327  1.65668159  2.14971165  2.0825146 ] 0.00018789733691426886 True
warning: basinhopping: local minimization failure
basinhopping step 12: f 7.39669e-05 trial_f 7.39669e-05 accepted 1  lowest_f 2.89516e-05
[ 1.86673192 -0.32728024  1.57241815 -0.31790063 -0.00971358  2.19048399
  2.88213931  0.90663139  0.66427628  0.4358731  -0.17342198  0.25227195
 -0.02385192  0.5046625   0.53745439  0.48321605  1.10967855 -0.0348311
 -0.46536155  1.21109199  2.89952212  2.85138218 -0.45145414  2.14086041
  0.18179024 -0.20650506  5.60378048  1.71492404  2.05916043  2.06354398] 7.396694650610624e-05 True
warning: basinhopping: local minimization failure
basinhopping step 13: f 4.35848e-05 trial_f 4.35848e-05 accepted 1  lowest_f 2.89516e-05
[ 1.25685288  0.19356656  0.26899186 -0.22733785 -0.23961909  2.54630264
  2.25518113  0.79661482 -0.76413554 -0.5849796  -0.07559054 -0.25394208
 -0.87109805 -0.12516464 -0.83792796 -0.41431682  0.47802737 -0.10392902
 -0.33262875  1.74247768  1.82599311  2.18427831 -0.42025269  1.82134008
 -1.69603287 -0.87546399  5.27368986  1.00402196  1.20014995  0.52610125] 4.358481965979499e-05 True
warning: basinhopping: local minimization failure
basinhopping step 14: f 3.9619e-05 trial_f 3.9619e-05 accepted 1  lowest_f 2.89516e-05
[ 0.99621911 -0.15569826  0.95740671  0.15456196 -0.1211111   2.49460916
  2.00689216  0.34978886 -0.67338203 -0.2896759   0.36984705 -0.31555417
 -1.1347403  -0.38004237 -0.51574647 -0.2296763   0.04634048 -0.07644116
 -0.41814446  1.83741638  2.88863673  1.41769267 -0.5150817   1.95466828
 -1.11605662 -0.69835387  5.39305481  1.17282409  1.24778896  0.90324691] 3.961900527286118e-05 True
warning: basinhopping: local minimization failure
basinhopping step 15: f 0.000222711 trial_f 0.000222711 accepted 1  lowest_f 2.89516e-05
[ 1.29159324e+00  6.52574374e-01  1.43500707e+00  9.24007443e-01
  4.19073297e-01  2.91688842e+00  3.62932359e-01  7.66167962e-02
 -1.11153352e-03  7.11192992e-02  1.18353116e+00  1.03010570e-01
  1.16060305e+00  3.83736338e-02 -6.89997598e-01 -6.81913192e-01
 -8.65939384e-01 -3.54878580e-01 -5.84849574e-01  2.34724291e+00
  2.83912541e+00  1.43515470e+00 -1.05841933e-01  6.91158657e-01
  2.24447913e-01 -2.22963282e+00  2.98592358e+00 -1.44369631e+00
 -2.29797234e-01  5.42445291e-01] 0.00022271136514591375 True
warning: basinhopping: local minimization failure
basinhopping step 16: f 3.90857e-05 trial_f 3.90857e-05 accepted 1  lowest_f 2.89516e-05
[ 1.24772806  1.19538485  1.4842308   0.73766061 -0.01719603  2.96506428
  0.69334428  0.27248489  0.03379846  0.36411801  1.3603056   0.30731001
  0.08468913 -0.42599905 -0.7034291  -0.38353148 -0.5346743  -0.61651105
 -0.06387061  1.94163085  2.88406081  1.65075274 -0.0495743   0.01425222
  0.6831993  -0.80929161  3.25429334 -0.27384587  0.74759179  1.11547557] 3.90856548939767e-05 True
warning: basinhopping: local minimization failure
basinhopping step 17: f 0.000133074 trial_f 0.000133074 accepted 1  lowest_f 2.89516e-05
[ 1.44186682  1.98544332  0.9402227   0.33870302  0.59618066  2.76668339
  0.476629   -0.30961808  0.79262315 -0.13975252  0.8463811  -0.08891428
 -1.22109751 -0.61915005 -0.37437538 -0.48544424 -0.2986916  -0.4482282
 -0.90509932  1.43776266  2.03677705 -0.5053281  -0.57512208  0.34982076
 -0.90993916 -0.93937986  2.7674415  -0.45237425  1.54748868  1.81474626] 0.00013307403907489632 True
warning: basinhopping: local minimization failure
basinhopping step 18: f 0.000122622 trial_f 0.000122622 accepted 1  lowest_f 2.89516e-05
[ 2.14606002  1.85088964  0.73348137  0.7668762   0.40333563  1.67239121
  0.98182153 -0.14059094  0.29712499  0.33777591 -0.10622015 -0.20607783
 -1.12649104 -0.34217455  0.06897727 -0.39243175 -0.41170001 -0.22709277
 -0.67809759  1.44094881  1.57708654 -1.22122942 -0.06105221 -0.58703402
 -1.03139951 -0.44379155  2.7934091  -0.57899438  1.60758041  2.17968246] 0.00012262217375504176 True
warning: basinhopping: local minimization failure
basinhopping step 19: f 2.39272e-05 trial_f 2.39272e-05 accepted 1  lowest_f 2.39272e-05
found new global minimum on step 19 with function value 2.39272e-05
[ 2.52176655  2.05706024  0.96712417  1.19794611  0.27911841  1.53233746
  1.70935243  0.54608668  0.25510584  0.54310641  0.1252285   0.39132463
 -0.4926846  -0.23069803 -0.10898143 -0.35988071 -0.52226093 -0.08124182
 -0.09332603  1.68657137  1.93323257 -0.63126351 -0.78496803 -0.40643108
 -0.74806804 -0.6972191   2.83938548 -0.27085698  1.59441128  1.79022674] 2.39271586427744e-05 True
warning: basinhopping: local minimization failure
basinhopping step 20: f 7.3841e-05 trial_f 7.3841e-05 accepted 1  lowest_f 2.39272e-05
[ 2.45710327  1.7819527   1.45408892  1.05456348  0.07692487  0.94820964
  1.25837616  0.64530639 -0.00958305  0.28813016  0.93046147  0.43308312
 -0.2551203   0.1411186  -0.51217721 -0.09568654 -0.24030133  0.89325269
 -0.68829805  0.7605204   2.72249589 -0.27099509  0.19359421  0.022198
 -0.00720102 -0.72521758  3.01476525 -0.08607951  1.6698787   1.68370654] 7.384097640537991e-05 True
warning: basinhopping: local minimization failure
basinhopping step 21: f 4.00306e-05 trial_f 4.00306e-05 accepted 1  lowest_f 2.39272e-05
[ 1.60564529  1.94892197  2.10941233  1.34817403  0.0511251   0.67375991
  0.636052    0.61619076  0.28357903  0.25838703  0.53694645  0.46436744
 -0.63181063 -0.27041543 -0.70558107 -0.43614495 -0.01144673  0.28905444
 -0.41694527 -0.3981864   2.18335394 -0.93996289 -0.32107033 -0.63612647
  0.02354767 -0.6789174   2.66587397 -0.08596234  1.46793357  1.41510403] 4.003059860502001e-05 True
warning: basinhopping: local minimization failure
basinhopping step 22: f 3.22256e-05 trial_f 3.22256e-05 accepted 1  lowest_f 2.39272e-05
[ 1.89405003  1.6614888   1.94249658  1.67976148  0.18296699  0.55009068
  0.37891647  0.78222844 -0.09349663  1.00533236  0.49663558  0.81853951
 -0.17300765 -0.07883571 -0.70974051 -0.11427221 -0.03405351 -0.2377513
 -0.08983362 -0.53263047  1.9018501  -0.65852061 -0.23660476 -0.9642982
 -0.28793881 -0.38101882  2.46059177 -0.25483857  1.25455998  2.12062763] 3.222560512208781e-05 True
warning: basinhopping: local minimization failure
basinhopping step 23: f 2.01235e-05 trial_f 2.01235e-05 accepted 1  lowest_f 2.01235e-05
found new global minimum on step 23 with function value 2.01235e-05
[ 1.48728256  2.02823731  1.22496872  1.18725905  0.13979944  0.20571115
  0.27528943  1.14291876  0.09517505  0.26916401  0.46954871 -0.27317747
 -0.90151652 -0.02869335 -0.09071106 -0.00694274 -0.18531843  0.08161808
 -0.6131393  -0.86289502  1.44555985 -0.66333801 -0.8246128  -0.86935969
 -0.12060849  0.5597289   2.8619356  -0.19907721  1.1669974   2.47862827] 2.01234504469161e-05 True
warning: basinhopping: local minimization failure
basinhopping step 24: f 0.000249537 trial_f 0.000249537 accepted 1  lowest_f 2.01235e-05
[ 1.3569125   1.789879    0.83553763 -0.00940505  0.33717582  0.29023964
 -0.47820636  0.61866813 -0.38522518  0.36518068 -0.76758242 -0.87359225
 -0.16307905 -0.65372359 -1.17502455 -0.92101564 -1.07348324  0.2448617
 -0.15662612 -0.36703359  1.64392807 -0.44108926 -1.5141127  -1.44684833
 -0.82284815 -1.03022264  1.89487509 -0.52684623  0.36183607  1.80985859] 0.0002495369077339171 True
warning: basinhopping: local minimization failure
basinhopping step 25: f 8.51723e-05 trial_f 8.51723e-05 accepted 1  lowest_f 2.01235e-05
[ 1.84125435  2.2696867   1.10831187  0.59103955  1.24936744  0.47184468
  0.34599961  1.03155291  0.42733093  0.47316646 -0.77558183 -0.42915541
  0.09904419  0.09198415 -0.15133322 -0.44818707 -0.26064017  0.0735933
 -0.19843474  0.05100744  0.89652693  0.01961424 -0.44433188 -0.72541744
 -1.48648789 -0.75228861  1.21952569 -0.38015961  0.4911226   2.24254464] 8.517227024532604e-05 True
warning: basinhopping: local minimization failure
basinhopping step 26: f 8.13356e-05 trial_f 8.13356e-05 accepted 1  lowest_f 2.01235e-05
[ 1.10150792  1.63784912  0.65286472  1.21703053  1.8045842   0.76341035
  0.20612453  1.28830337  0.01928264  0.42645346 -0.84202398 -0.1965884
  0.34234253 -0.62304313 -0.65035939  0.12431694  0.3874774   0.60393044
  0.28641684 -0.12282438  0.99072588  0.73381721 -0.03910084 -0.81983542
 -0.9919653  -0.29105032  0.12734475 -0.35906637  0.11839763  2.39807951] 8.133562892043895e-05 True
warning: basinhopping: local minimization failure
basinhopping step 27: f 0.000113933 trial_f 0.000113933 accepted 1  lowest_f 2.01235e-05
[-0.23219451  1.00720833 -0.10700501  1.38208295  0.92203036  1.62490112
  0.82978551  1.84592984  1.23204458  0.96004068  0.4446417  -0.14619178
  0.07411417 -0.56698117 -0.00762062  0.38997244 -0.59671012 -0.80566871
  0.03570714  0.30668686  1.28515265  0.56019733  0.20423936 -0.13479517
  0.16545243 -0.2973717   0.02291998 -0.47195697 -0.36625112  1.65161134] 0.00011393271452777773 True
warning: basinhopping: local minimization failure
basinhopping step 28: f 0.000106275 trial_f 0.000106275 accepted 1  lowest_f 2.01235e-05
[ 0.28011881  1.27047359  0.39886004  1.66772416  1.16693139  0.6567995
  0.37698966  1.60818682  0.33585162 -0.27682959 -0.63123621 -0.28912611
 -0.58905744 -0.2777559  -0.00512394  0.44303795 -0.37213073 -0.4069162
  0.17567956 -1.22343826 -0.83377579 -1.17839924 -0.02767195  0.04926835
  0.07418943 -0.50725674 -0.27525515 -1.11085429 -0.95715432  1.32217822] 0.00010627547907531031 True
warning: basinhopping: local minimization failure
basinhopping step 29: f 0.000110852 trial_f 0.000110852 accepted 1  lowest_f 2.01235e-05
[ 1.96929517e+00  2.50338269e+00  1.27301870e+00  3.83438541e+00
  4.10243754e-01  1.29622846e+00  9.36529234e-01  8.87576389e-01
 -2.72280881e-01 -4.26023940e-01 -1.22016138e-01  5.91393741e-01
  5.19649194e-01 -6.09862652e-01 -3.72024234e-01  1.70458084e-03
 -6.09321355e-01 -5.78039968e-01  1.09499117e-01 -8.83990585e-01
 -8.94670288e-01 -1.80080579e+00 -5.52032034e-01 -5.85361624e-01
 -5.43676119e-01 -6.60749609e-01 -3.12142051e-01 -8.98393437e-01
 -8.35315140e-01  1.32343400e+00] 0.0001108521671464895 True
warning: basinhopping: local minimization failure
basinhopping step 30: f 0.000117351 trial_f 0.000117351 accepted 1  lowest_f 2.01235e-05
[ 1.55055572  2.15705824  1.44852435  3.92295775  0.77398759  0.41253656
  0.79006452 -0.02411351 -0.25510883 -0.39727613  0.42565684  1.08002447
  0.9535045  -0.73811321  0.42112203  0.55649768 -0.13236712  0.4327497
  0.1245044  -0.90393195 -0.66191785 -1.63241759 -0.14824171 -0.55814696
 -0.09798671 -0.03396842  0.38572999 -0.86642092 -0.50678517  0.25900613] 0.00011735133544771494 True
warning: basinhopping: local minimization failure
basinhopping step 31: f 9.20204e-05 trial_f 9.20204e-05 accepted 1  lowest_f 2.01235e-05
[ 1.40098338  2.33930603  1.69781667  4.32496527  1.65215822  0.35072056
  0.81550473  0.15979216  0.2906969  -0.21659558  0.18077522  1.40141519
  0.93797625  0.32746804  0.67769865  0.75434916 -0.38074325  0.47503823
  0.65773938 -0.43782169 -0.35590677 -1.71118222 -0.90810759 -0.52717644
  0.15077794  0.01782454  0.0818851  -0.3593491  -0.26256827  0.33699922] 9.202039831400864e-05 True
warning: basinhopping: local minimization failure
basinhopping step 32: f 0.000108637 trial_f 0.000108637 accepted 1  lowest_f 2.01235e-05
[ 1.78523533  2.10994086  2.28587951  3.96644846  1.12733103 -0.6157908
  1.42995778  0.16026127  1.10790673  0.09868881  0.21790147  1.38446667
  0.96078701  0.19941479  0.56073802  0.74025022 -0.06438499 -0.26045433
  0.13754506 -0.19159149  0.48836262 -0.46705506 -0.59273669 -0.70957906
 -0.04641732  0.47498754  0.21844928 -0.24629637 -0.60694058 -0.65388217] 0.00010863660887187694 True
warning: basinhopping: local minimization failure
basinhopping step 33: f 0.000110129 trial_f 0.000110129 accepted 1  lowest_f 2.01235e-05
[ 1.67062792  2.29909514  2.2327466   4.00964562  2.01083353  0.52441774
  1.8161489   0.72298155  0.4741775   0.34373607  0.55830309  1.62935003
  0.80086566  0.59180028  0.57318503 -0.20409969 -0.11007587 -0.18512831
 -0.19479519  0.38211854  0.74208221 -0.07428844  0.25081467 -0.86859931
 -0.51261861 -0.84072075 -0.11619078  0.72872505 -0.29555835 -0.20318839] 0.00011012873294668089 True
warning: basinhopping: local minimization failure
basinhopping step 34: f 6.65995e-05 trial_f 6.65995e-05 accepted 1  lowest_f 2.01235e-05
[ 1.69204726  1.24244461  1.90036373  3.21698997  2.17648363  1.04145322
  1.93098609  0.00610325 -0.59433627 -0.12219116  0.22132559  1.29371582
 -0.26326885 -0.51864373 -0.32833635 -0.53908738  0.12530576  0.48575138
  0.09082342  0.55563264  1.22765443  0.69733066  0.4077254  -0.62542292
  0.20713926  0.2159415   0.39832506  0.9277791   0.73452531  0.50870665] 6.659952110776334e-05 True
warning: basinhopping: local minimization failure
basinhopping step 35: f 3.79599e-05 trial_f 3.79599e-05 accepted 1  lowest_f 2.01235e-05
[-0.08628237  1.0185055   1.24797368  3.25789342  1.35481504  0.35589478
  2.27365453  0.0393666  -0.24514706 -0.49214468 -0.62620043  0.22099535
 -0.5941535  -0.91219366 -0.8074173  -0.34122831  0.20972005 -0.46961156
 -0.37513676  0.44247756  0.72731331  0.74060007  0.15643104 -0.52078258
  0.39492863  0.24379869  0.52304597  1.33339967  1.60559014  1.04877321] 3.79599163036955e-05 True
warning: basinhopping: local minimization failure
basinhopping step 36: f 0.000323162 trial_f 0.000323162 accepted 1  lowest_f 2.01235e-05
[ 0.71508521  0.70897407  0.34058026  2.43135782  2.33719183  0.32637608
  2.3195376   1.16577905 -0.26031275 -0.37282069 -0.63806662  0.28633562
 -0.41524309 -0.55425281 -0.47393854 -0.56293513 -0.31674962 -0.87492552
 -0.57493198  0.95438788  0.32926504  1.03928484  0.7585879   0.26957592
  0.45169206  0.50696062 -0.2299798   0.86801241  1.41953402  0.97054815] 0.00032316150262072307 True
warning: basinhopping: local minimization failure
basinhopping step 37: f 5.13568e-05 trial_f 5.13568e-05 accepted 1  lowest_f 2.01235e-05
[ 0.7107684   0.81177048  0.12461841  2.0726878   2.74386652  0.05874105
  2.19838274  0.26626648 -0.65555248 -0.6248859  -0.49324356  0.46846647
 -1.13004862 -1.27862123 -1.03651951 -0.42268156 -0.20147698 -0.54820322
 -1.10369991  0.04985189 -0.01722314  0.59946532 -0.06657503  0.39620572
  0.21622756 -0.17761083  0.25556256  1.31888281  0.91252178  1.37185616] 5.135682151666287e-05 True
warning: basinhopping: local minimization failure
basinhopping step 38: f 0.000125283 trial_f 0.000125283 accepted 1  lowest_f 2.01235e-05
[ 1.02670451  0.61435944  0.35236004  2.29285807  2.99838834  0.279715
  2.00557797 -0.14886188 -0.64206786  0.0268394  -0.45000749 -0.33722671
 -1.82002997 -0.95532802 -1.10316516  0.15123466 -0.23954518  0.12231957
 -0.5346266   0.07566537 -0.35948097  0.08385936  0.62514631  1.19493458
  1.26469499  0.75723866  0.69611649  2.42905042  0.44119766  1.00923135] 0.00012528297123859822 True
warning: basinhopping: local minimization failure
basinhopping step 39: f 5.73626e-05 trial_f 5.73626e-05 accepted 1  lowest_f 2.01235e-05
[ 1.67067537  1.47865924  0.3303519   1.48850317  2.56762304 -0.50454843
  2.15997884 -0.55814747 -0.86416058 -0.66037962 -1.11508588 -0.91839306
 -1.07757051 -0.57870553 -0.54750018 -0.05650371 -0.2202098  -0.53080155
 -0.40555987 -0.31485544 -1.23244482 -1.03827395  0.00907756 -0.157386
  1.15851674  0.94179358  1.04122623  3.35535509  0.60221799  0.93048216] 5.736260248630864e-05 True
warning: basinhopping: local minimization failure
basinhopping step 40: f 0.000102817 trial_f 0.000102817 accepted 1  lowest_f 2.01235e-05
[ 1.48539439  1.47035859  0.29247712  1.04295773  2.22029791 -0.5223533
  1.87122475 -0.65585248 -1.04109383 -1.14383282 -0.84993508 -1.16243186
 -1.65667592 -0.87586771 -0.96130707 -0.72500663 -0.37812011 -0.63357359
  0.33489013 -0.13982211 -1.13791919 -0.82949163 -0.88094876 -0.33545213
  0.23668821  1.22569728  0.83126887  3.53298194 -0.03696854  1.11358239] 0.0001028172599538893 True
warning: basinhopping: local minimization failure
basinhopping step 41: f 3.15264e-05 trial_f 3.15264e-05 accepted 1  lowest_f 2.01235e-05
[ 1.65982992  2.29271307  1.15584867  1.37095534  1.82212084 -0.36915525
  1.76306067 -0.22182657 -0.08489836 -0.75928013 -0.52096694 -0.64305299
 -1.47380937 -1.25745822 -0.88924179 -0.54917591 -1.27279502 -0.51715608
 -0.54680841  0.46711401 -0.31892438 -0.61159181 -1.22339201 -0.6100271
 -0.2905579   0.81457325  0.27204247  3.91833602  0.11185564  1.06179577] 3.152640303037487e-05 True
warning: basinhopping: local minimization failure
basinhopping step 42: f 5.4012e-05 trial_f 5.4012e-05 accepted 1  lowest_f 2.01235e-05
[ 1.80218726  1.13391957  1.29161667  1.61037158  2.62660455 -0.41222023
  1.94142588  1.10471473 -0.53032051 -0.50478516 -0.49206738 -1.11639328
 -1.09930108 -1.34791605 -0.8821668  -0.27873366 -1.27120528 -0.84285514
 -0.92334314 -0.66485199 -0.20163287  0.58793744 -0.48742636  0.0495767
 -0.50113434 -0.2418141   0.94673815  3.99094326  0.39679722  1.58450156] 5.401196516050329e-05 True
warning: basinhopping: local minimization failure
basinhopping step 43: f 6.0501e-05 trial_f 6.0501e-05 accepted 1  lowest_f 2.01235e-05
[ 0.9129661   0.78718156  0.34977404  1.71682117  1.39378076 -0.65818902
  2.63775784  1.28189434 -0.83335117 -1.23274745 -1.07046974 -0.7392481
 -0.45133675 -1.38720853 -0.69927256  0.24218527 -0.189505   -0.10956561
 -0.6395355  -0.12567175 -0.17841475  0.55253258 -0.29929429 -0.74577995
 -0.88716268 -0.47448142  0.42042758  3.55487383  0.58762812  2.71410186] 6.050098651369732e-05 True
warning: basinhopping: local minimization failure
basinhopping step 44: f 7.97588e-05 trial_f 7.97588e-05 accepted 1  lowest_f 2.01235e-05
[ 1.53874923  0.5792278   1.23444044  1.87344348  1.89321149 -0.4116149
  2.86645412  1.04090454 -0.27690626 -0.70228887 -1.02147343 -0.81483159
 -0.14088692 -1.15407061 -0.57662594  0.36254169  0.33617638  0.24426977
 -0.34959585 -0.45935697  0.25474266  0.77444147 -0.09870893  0.17417609
 -0.18413634 -0.17966763  0.15953985  2.99259948  1.27140329  3.92474625] 7.975875253412969e-05 True
warning: basinhopping: local minimization failure
basinhopping step 45: f 0.000168744 trial_f 0.000168744 accepted 1  lowest_f 2.01235e-05
[ 2.27007591  1.20594261  1.5233449   1.42622903  3.02913506  0.91328309
  3.66141433  0.93972321 -0.11258379 -0.15458393  0.26027526  0.54819792
  0.74516578 -0.46953526 -0.24476575  0.23348603 -0.22405271 -0.13678998
 -0.6772773  -0.62564824 -1.09823845 -0.11363491  0.07555609 -0.88993938
 -0.77971485 -0.72313002  0.53494395  3.50817556  1.29053953  3.05513289] 0.00016874367984173391 True
warning: basinhopping: local minimization failure
basinhopping step 46: f 7.32315e-05 trial_f 7.32315e-05 accepted 1  lowest_f 2.01235e-05
[ 3.27748115  2.07479366  1.89420816  1.59971776  3.50311267  1.3370719
  3.96910734  0.79824949  0.2120995  -0.18581267  0.24731919  0.77035799
 -0.06432487 -0.71399382 -0.35990358  0.18321461 -0.88135461 -0.20981024
 -0.5010435  -0.61781234 -0.92459591 -0.64411658 -0.06776385 -0.90916983
 -1.11082072 -0.85752532 -0.33511747  1.54649001  0.56125435  2.50936093] 7.323148667771238e-05 True
warning: basinhopping: local minimization failure
basinhopping step 47: f 2.05348e-05 trial_f 2.05348e-05 accepted 1  lowest_f 2.01235e-05
[ 1.89818376  1.45965932  1.35003549  0.83538914  2.9488385   0.26852968
  3.82491777  0.44496578 -0.28575324  0.18462896  0.41884702  0.88923633
  0.33725006 -0.65080576 -0.83268691  0.23866675 -0.72237612 -0.86471857
 -0.5187748  -0.24852977  0.05343797 -0.18706831 -0.34733758 -0.95851985
 -0.82574181 -0.76102474 -0.64075344  0.46061943 -0.10574623  1.50197275] 2.0534761637046187e-05 True
warning: basinhopping: local minimization failure
basinhopping step 48: f 4.63326e-05 trial_f 4.63326e-05 accepted 1  lowest_f 2.01235e-05
[ 1.86182952  0.97119676  0.7154075   0.62756861  2.63735571  0.86559125
  3.04158738  0.46167141  0.0204621   0.26825483  1.20273926  0.78865781
  0.12485571 -0.17810771 -1.14736864 -0.62367408 -0.57548171 -0.16150708
 -0.71828067 -1.2862613  -0.33259323 -0.34550383 -0.61377906 -0.88977153
 -0.22861586 -0.21723983 -0.06258992  0.47471809  0.57041319  1.61736796] 4.633258444775739e-05 True
warning: basinhopping: local minimization failure
basinhopping step 49: f 0.000199667 trial_f 0.000199667 accepted 1  lowest_f 2.01235e-05
[ 1.29843435  0.20284798  0.4196391   0.33027457  3.63393863  1.06692326
  3.24658615  0.55577058  0.44105972  1.38044406  1.70188937  0.76951871
 -0.04549208 -0.21966181 -0.96856763 -0.64673217 -0.46697339  0.05039296
 -1.02831599 -1.2510389  -0.45226192 -0.37560991 -0.408781   -0.69859742
 -0.17576074 -0.85159204  0.10225551  1.09927156  0.4258488   2.91285908] 0.00019966740298723825 True
adaptive stepsize: acceptance rate 0.980000 target 0.500000 new stepsize 0.555556 old stepsize 0.5
warning: basinhopping: local minimization failure
basinhopping step 50: f 9.45136e-05 trial_f 9.45136e-05 accepted 1  lowest_f 2.01235e-05
[-0.07573977 -1.25573423 -1.10747609 -0.72364883  3.26504627  1.42979667
  3.58896623 -0.34380408 -0.32765554 -0.25057475 -0.30149069 -1.10935491
 -1.87934724 -1.13923348 -1.03289072 -1.34499433 -2.46582201 -1.44058189
 -1.63765942 -2.15178087 -1.50178772 -1.25326733 -1.7443351  -1.81030684
 -1.7988049  -1.79274843 -0.81021232 -0.6510569   0.00735913  2.10462785] 9.451361316282286e-05 True
warning: basinhopping: local minimization failure
basinhopping step 51: f 7.62118e-05 trial_f 7.62118e-05 accepted 1  lowest_f 2.01235e-05
[ 0.27554325 -0.62959118 -0.50822962 -0.20321953  3.52542249  2.08139314
  3.58881973 -0.16435891  0.61352325  0.72910963 -0.15231563 -0.70574939
 -1.33807699 -0.43829348 -0.52584492 -1.07491819 -2.3879314  -1.54773305
 -1.29376743 -1.05229498 -1.29332169 -0.47647783 -1.23251652 -2.0943871
 -1.31878946 -1.6164257  -0.9988094  -0.38088655 -0.44224892  2.38523337] 7.62118422791441e-05 True
warning: basinhopping: local minimization failure
basinhopping step 52: f 1.65998e-05 trial_f 1.65998e-05 accepted 1  lowest_f 1.65998e-05
found new global minimum on step 52 with function value 1.65998e-05
[ 0.81081295 -0.07032485 -0.13307939  1.07614214  3.33271564  2.88273299
  3.17723015  0.9498214   1.06154439  0.49027933  1.17642755  0.25435681
  0.0195809  -0.83319336 -0.40496943 -0.58725305 -0.97991467 -1.72219993
 -0.97344286 -0.08902095 -0.77066182 -0.35562593 -0.52377788 -1.32622366
 -0.85912444 -1.1051968  -0.28210458 -0.19814983 -0.28425921  3.50884492] 1.6599780023935293e-05 True
warning: basinhopping: local minimization failure
basinhopping step 53: f 5.06476e-05 trial_f 5.06476e-05 accepted 1  lowest_f 1.65998e-05
[ 1.59360277  0.79997424  0.4396502   1.50020893  3.43989131  2.98590885
  2.91618013  0.63094616  1.59204794  0.35019487  1.12045122 -0.11000461
  0.10658086 -0.3158522  -0.02764394 -0.23392157 -0.7683511  -1.63562946
 -0.44294716 -0.58500438 -0.93026046 -0.91633432 -0.18673495 -0.51842615
 -0.37226419 -0.557812   -0.03561856  0.43115568  0.48377369  4.63755752] 5.064755078982455e-05 True
warning: basinhopping: local minimization failure
basinhopping step 54: f 1.27618e-05 trial_f 1.27618e-05 accepted 1  lowest_f 1.27618e-05
found new global minimum on step 54 with function value 1.27618e-05
[ 1.57417474  1.00803568  0.8164769   0.85042667  3.23376673  3.61346642
  2.29695666 -0.18375899  2.64064174  0.75267841  0.62136576  0.43368563
  0.57662926 -0.53447067 -0.02450824  0.10554743 -0.87196681 -1.1110451
 -0.38669519 -0.24998081 -0.98513632 -0.64306653 -0.52990719 -0.24703697
 -0.40733616  0.16742742  0.02744787  0.79836164  0.61838627  5.03156743] 1.2761777775978688e-05 True
warning: basinhopping: local minimization failure
basinhopping step 55: f 9.89108e-05 trial_f 9.89108e-05 accepted 1  lowest_f 1.27618e-05
[ 1.77004097  1.28066382  1.00024221  1.00602416  2.8244458   3.79000933
  2.46312804  0.74858951  2.82388657  0.7849116   0.9061276   0.59279452
  0.33381965 -0.33097059  0.26811104  0.15084847 -0.5573519  -1.04678756
 -0.11147814 -0.24021398 -0.71210465 -0.02073148 -0.29811885  0.33890122
 -0.12967964  0.67438841  0.46645901  1.76448084  0.51761522  5.0213037 ] 9.89107960382995e-05 True
warning: basinhopping: local minimization failure
basinhopping step 56: f 6.24455e-05 trial_f 6.24455e-05 accepted 1  lowest_f 1.27618e-05
[ 2.7577698   2.27107374  1.15969234  1.36254724  2.91216077  4.59490414
  1.7270315   0.78962668  3.61990603  1.20111671  0.45335707  0.33449239
  0.34168819  0.31244254  0.63592104 -0.34353776 -0.84113675 -0.87258949
  0.34810413 -0.03728855  0.14476355  0.04657749  0.24967385 -0.71187275
 -0.50139416 -0.92177194 -0.62595141  0.53715815 -0.21789151  5.98428276] 6.244545557670871e-05 True
warning: basinhopping: local minimization failure
basinhopping step 57: f 8.47542e-05 trial_f 8.47542e-05 accepted 1  lowest_f 1.27618e-05
[ 2.60761098  2.17954533  0.89838012  1.26129891  3.00983066  4.43669167
  1.8559759   0.85002022  3.54073495  0.77832965 -0.02662255  0.15424285
  0.04939921 -0.50535987 -0.02329143 -0.59115081 -0.67584221 -0.70520619
  0.41453402 -0.68566898 -1.03317992 -0.25332066 -1.31769768 -0.83490007
 -1.0213641  -0.35934357 -0.87009692 -0.69024106 -0.91530345  4.27794166] 8.475418784571744e-05 True
warning: basinhopping: local minimization failure
basinhopping step 58: f 3.86404e-06 trial_f 3.86404e-06 accepted 1  lowest_f 3.86404e-06
found new global minimum on step 58 with function value 3.86404e-06
[ 2.99834559  2.41902154  1.79747946  1.07490094  4.03946474  4.75093189
  2.28501133  1.41353643  3.83857813  0.62876845  0.43668283  0.23702123
  0.75756103 -0.04289218 -0.009543    0.24824653 -0.48835672 -0.34081772
 -0.03415353 -0.22205025 -0.68905256 -0.12430679 -0.95073897 -0.59201683
 -0.47719183 -0.43462473 -0.23095464 -0.65779753 -0.56071576  4.56319882] 3.864035664027924e-06 True
warning: basinhopping: local minimization failure
basinhopping step 59: f 8.74313e-05 trial_f 8.74313e-05 accepted 1  lowest_f 3.86404e-06
[ 4.20289683  2.44190168  1.82501321  1.39734509  3.88225377  5.04683662
  1.84151058  1.14741708  3.29868502 -0.31091738  0.02790709  0.53014583
  1.24099876  0.24767785  0.59800958  0.39449905 -0.2442321   0.02996402
  0.37217766 -0.20066065 -0.45496996 -0.01133193 -0.69566381 -0.35114612
 -0.24392925 -0.20357469 -0.08328744 -0.50309507 -0.49444043  4.62372281] 8.743127614254199e-05 True
warning: basinhopping: local minimization failure
basinhopping step 60: f 0.000342722 trial_f 0.000342722 accepted 1  lowest_f 3.86404e-06
[ 4.94440397  2.03314932  1.17604357 -0.21928569  4.61702012  3.97280925
  1.59280126  0.16134197  3.18881202 -0.19992514  1.12987405  0.50945468
  1.35877562 -0.09723347  1.22629348  0.45092849  0.41163206  0.09513699
 -0.69957984 -0.05319258  0.42950771  0.10859178 -0.60078069 -0.52380511
  0.18432858 -0.03600314  0.21653388 -0.33039333 -0.17571576  5.09858522] 0.00034272210467956173 True
warning: basinhopping: local minimization failure
basinhopping step 61: f 9.85835e-05 trial_f 9.85835e-05 accepted 1  lowest_f 3.86404e-06
[ 4.64505615e+00  1.56994466e+00  7.89951377e-01  1.58365797e+00
  6.68160758e+00  3.72600552e+00  1.10658168e+00 -5.73321287e-03
  3.54329126e+00  4.88718575e-01  1.57003118e+00  7.64154527e-01
  1.83297896e-01 -1.39388975e-01  2.68038032e-01  2.87922159e-01
 -2.71441160e-01 -1.41205190e+00 -8.76224877e-01 -1.68898935e+00
 -1.13632553e+00 -4.22858621e-01  2.75081937e-03 -8.41346189e-02
 -7.83426177e-01  2.11547786e-01  5.51192720e-01  1.79897815e-01
  5.52891945e-01  3.68531749e+00] 9.858345636954845e-05 True
warning: basinhopping: local minimization failure
basinhopping step 62: f 3.31452e-05 trial_f 3.31452e-05 accepted 1  lowest_f 3.86404e-06
[ 3.92878554  1.42982559  1.71187615  1.11350106  7.06844938  4.91452793
  1.00125479  0.60186488  3.79109807  0.87440476  1.09594006  0.50281042
 -0.48653231 -0.97261113 -0.18090694 -0.08814569 -0.78283891 -1.87433184
 -0.44281986 -0.26944321  0.00886533  0.30990013  0.89512934  0.41556267
 -0.28271734  0.39390622  0.90060137 -0.45879892  0.35809508  3.93181867] 3.3145153286204e-05 True
warning: basinhopping: local minimization failure
basinhopping step 63: f 3.52259e-05 trial_f 3.52259e-05 accepted 1  lowest_f 3.86404e-06
[ 2.5215243   0.41511707  0.76566995  0.97206795  6.63622099  4.65908593
  1.58441251  0.76621797  4.30091122  1.21654902  0.65478747  0.53949863
 -0.06117638 -0.37832083 -0.35093948 -0.14006608 -0.47960686 -1.30231953
 -0.01003933  0.15442661  0.42309268 -0.18658692  1.98387214  0.07873865
 -0.61995187 -0.34211413  0.79185565  0.31439432  0.28542631  4.34960028] 3.5225925592259436e-05 True
warning: basinhopping: local minimization failure
basinhopping step 64: f 0.000131741 trial_f 0.000131741 accepted 1  lowest_f 3.86404e-06
[ 4.05845917  0.824737    0.06090578  1.09567969  5.87556482  4.15570034
  1.74829634  0.54118629  4.89625605  0.78120618  0.47788887 -0.24936701
 -0.72378017 -0.36879991  0.5373866  -0.55506727 -0.36119583 -0.4576943
 -0.30925838 -0.06901175  0.31147356  0.79132514  2.45669316  0.42398416
 -0.22528778 -0.87694212 -0.44205745 -0.61998046 -0.22809016  4.86798587] 0.00013174081747066728 True
warning: basinhopping: local minimization failure
basinhopping step 65: f 0.000160811 trial_f 0.000160811 accepted 1  lowest_f 3.86404e-06
[ 4.12845766  0.90384451  0.7375382   0.71075599  3.71463695  3.14385907
  0.95468474 -0.38930432  2.57058671 -1.87596111 -1.15716602 -0.40626485
 -0.83655513 -0.08096179  2.86725603  0.16825905 -0.18671003 -0.31720216
 -0.48116212  0.66952547 -0.8773681   0.41521217  2.44315878  0.13706791
 -0.54023732  0.0157267  -0.84075419 -0.64827233 -1.05546933  4.24677297] 0.00016081125883469046 True
warning: basinhopping: local minimization failure
basinhopping step 66: f 2.80945e-05 trial_f 2.80945e-05 accepted 1  lowest_f 3.86404e-06
[ 4.16863017  1.73636031  1.97030559  1.16318006  3.68806233  3.90948127
  0.53976535  0.05206948  1.98892788 -0.42576201  0.0487393   0.30897769
  0.11622016  0.53211435  2.26111022  0.67215241  0.73935256 -0.46184545
  0.04831009  0.35116043 -0.20147492 -0.82183624  1.91690696 -0.84036026
 -0.25960893  0.02062271 -0.20829856 -0.5124647  -0.72066345  3.31869848] 2.80944540796433e-05 True
warning: basinhopping: local minimization failure
basinhopping step 67: f 4.62121e-05 trial_f 4.62121e-05 accepted 1  lowest_f 3.86404e-06
[ 3.55109531  1.7083339   0.69791757  0.5584525   2.6510237   2.4728752
  0.2569654   0.73365906  2.63358213  0.06098082 -0.03488539 -0.16547335
 -0.02594353 -0.30578617  2.40960471  1.6110364   1.12626315  0.26820213
 -1.22558057 -1.06206375 -1.30334981 -1.35904119  1.42549766 -0.70220896
 -0.29393737 -0.72163056 -0.18082532 -0.65182107 -0.83556763  2.65769751] 4.621211987476052e-05 True
warning: basinhopping: local minimization failure
basinhopping step 68: f 7.90651e-05 trial_f 7.90651e-05 accepted 1  lowest_f 3.86404e-06
[ 4.29691138  0.93275573 -0.41778122  0.44391884  2.96579251  3.20806073
  0.40409866  1.08162854  2.82370931 -0.13954277  0.00459779 -0.00603706
  0.11505563  0.3304313   2.07725332  1.66438751 -0.22353455 -1.31367377
 -1.25576566 -1.6034727  -0.69634397 -1.020665    1.32816903 -1.00450789
 -0.20823392 -0.39930688 -0.17314712 -0.63373978 -0.24505444  2.48058632] 7.906514215408899e-05 True
warning: basinhopping: local minimization failure
basinhopping step 69: f 8.52027e-05 trial_f 8.52027e-05 accepted 1  lowest_f 3.86404e-06
[ 4.15457288  0.89127413  0.52852497  0.5027881   2.36071443  2.76535009
  0.45841117  0.4065406   3.23828077 -0.48117851 -0.611735   -1.51077481
 -0.53862713  0.21802004  3.15487973  2.46054889  0.41385442 -0.17407881
 -1.11853451 -1.34005095 -0.96990543 -1.07220239  1.12691334 -1.1352986
 -0.32948901 -0.44995299 -0.06786714 -0.28547877 -0.30591721  0.67106803] 8.520271363799062e-05 True
warning: basinhopping: local minimization failure
basinhopping step 70: f 6.39573e-05 trial_f 6.39573e-05 accepted 1  lowest_f 3.86404e-06
[ 3.99920276  1.99240719  1.311123    1.07251124  3.28321954  3.09023833
  0.19474348  0.65490666  3.62288734  0.28482786 -0.34658381 -0.94547753
 -0.30358669  0.59193218  2.90104107  2.32875942  0.42599299 -0.45230532
 -0.69958176 -1.06713495 -0.93850321 -0.84593532  1.39398495 -0.12813366
 -0.20048234 -0.61964211  0.03358221 -0.04627135  0.17783555  1.17515233] 6.395733623886109e-05 True
warning: basinhopping: local minimization failure
basinhopping step 71: f 0.000129039 trial_f 0.000129039 accepted 1  lowest_f 3.86404e-06
[ 2.87242474  3.22274594  1.49263195  0.78074481  3.7733338   3.29012177
  0.21006389  1.311189    4.477783    0.44670383  0.12039163  0.33354066
 -0.1633555   0.78101744  2.91242831  2.41636259  1.41558224 -1.02803707
 -1.20451488 -1.15742868 -0.16136904 -0.06621689 -0.0335403  -0.97591884
 -0.81338421 -0.45525404 -0.6561647  -0.55229696  0.0742679   0.12954699] 0.0001290390622445576 True
warning: basinhopping: local minimization failure
basinhopping step 72: f 0.000236611 trial_f 0.000236611 accepted 1  lowest_f 3.86404e-06
[ 3.02378976  4.91474476  3.26657775  0.08559458  2.37380196  3.26378023
  0.21558703  2.96230147  5.68382508  0.10159087  1.13093244  0.66556951
 -0.13116598  0.60654038  2.35351566 -0.64910056 -1.90093724 -1.19040898
 -1.0448677  -1.11298556 -1.31756387 -1.07291944 -1.18315071 -1.98012588
 -1.10766148 -0.97164626 -1.1965216  -0.16503715 -0.34130713 -0.94325485] 0.00023661063163663026 True
warning: basinhopping: local minimization failure
basinhopping step 73: f 7.00407e-05 trial_f 7.00407e-05 accepted 1  lowest_f 3.86404e-06
[ 3.36461359  3.31581598  1.98754612 -0.39758465  2.58574474  2.47267274
  0.39561696  4.55426553  6.83175861  0.27812789  0.87820022  0.29494479
 -0.08010258 -0.27178685  1.03475696 -0.25625235 -1.0423174  -0.79888962
 -0.97208358 -0.76321437 -1.04646672 -1.6953247  -1.83935829 -1.47851029
 -0.56327044 -0.66044018 -0.69529155 -0.73345029 -0.04277938 -0.74895346] 7.004074902170321e-05 True
warning: basinhopping: local minimization failure
basinhopping step 74: f 6.81033e-05 trial_f 6.81033e-05 accepted 1  lowest_f 3.86404e-06
[ 3.22747797  3.08727959  3.30711138  0.61924627  2.63910912  2.62805059
 -0.26818693  4.1131271   7.19189351  1.34603254  0.72226588  1.05207862
 -0.19877859 -0.24128796  0.15916923 -0.71476571 -0.93743024 -0.52754602
 -0.41503137 -1.30038726 -1.89427411 -1.05835365 -1.28904953 -0.36262904
 -1.29965529 -0.5539713  -0.86068938 -0.50533944  0.14775847 -0.46888917] 6.810333114780667e-05 True
warning: basinhopping: local minimization failure
basinhopping step 75: f 8.55762e-05 trial_f 8.55762e-05 accepted 1  lowest_f 3.86404e-06
[ 1.40487535  1.77768668  2.05145283 -1.30615865  1.09657201  2.20676861
  0.20105707  5.0078739   5.57998078  1.79542966  1.99536142  3.13540091
  0.48626081 -0.5162092  -0.44689383 -1.21807863 -1.13045681 -1.06899511
 -1.8694174  -1.88053031 -2.01915353 -0.67782936 -0.79799514 -0.470007
 -0.81007747 -0.7803479   0.04176265  0.38510032 -0.08411858  0.38301567] 8.557618973284822e-05 True
warning: basinhopping: local minimization failure
basinhopping step 76: f 6.80714e-05 trial_f 6.80714e-05 accepted 1  lowest_f 3.86404e-06
[ 9.42533832e-01  1.89637804e+00  1.02265196e+00 -9.46696023e-01
  9.59982489e-01  1.53115055e+00 -5.54442571e-01  4.44837339e+00
  5.22576726e+00  8.67694012e-01  1.27097163e+00  2.04995981e+00
 -2.57972822e-01 -3.55158461e-01 -1.65345372e-01 -4.06696087e-01
 -6.96301567e-01 -8.28893415e-01 -8.39886874e-01 -9.50561168e-01
 -1.33104536e+00 -1.27252107e-03  2.72760924e-02 -5.41142099e-01
 -1.14036122e+00 -9.19844937e-01 -8.75936137e-01  1.04351894e-01
 -1.71570268e-01  2.03012064e-01] 6.807143001272982e-05 True
warning: basinhopping: local minimization failure
basinhopping step 77: f 3.56028e-05 trial_f 3.56028e-05 accepted 1  lowest_f 3.86404e-06
[ 0.6097214   0.607153    0.56052947 -0.01859474  1.93861136  2.72598374
 -0.49892389  5.08424587  5.74218681 -0.5532133   0.16306117  1.29245671
  0.13711635 -0.0947633  -0.60345192 -1.02575416 -0.38271697 -0.79113483
 -0.27329116 -0.54621198  0.26841776  0.49208056  0.16827054  1.07084657
  0.87808545 -0.21366774  0.09303684  0.57596523  1.07773865  1.3035361 ] 3.560277958002617e-05 True
warning: basinhopping: local minimization failure
basinhopping step 78: f 0.000269216 trial_f 0.000269216 accepted 1  lowest_f 3.86404e-06
[ 0.9932845   0.0840984   0.18743507  0.59079082  2.68586076  2.50142865
 -0.3978429   5.50235328  5.58261623  0.01499999  0.08986113  0.52753738
 -0.46380098 -0.74695899 -0.14778499 -2.46352758 -2.12133002 -1.01248912
  0.60190071 -0.71390372  0.5433233  -0.08219277  0.57764953  1.33580508
  0.30943036  0.62939878  0.08490202  0.94684152  1.71199269  1.60447588] 0.00026921586671949116 True
warning: basinhopping: local minimization failure
basinhopping step 79: f 7.95546e-05 trial_f 7.95546e-05 accepted 1  lowest_f 3.86404e-06
[ 1.54958392 -1.06992467 -1.11122113  1.88995201  3.03889608  2.13010403
 -0.17202605  6.1248276   5.37627062 -0.99550439 -0.13987973 -1.18186432
 -1.23473273 -0.48384288 -0.1233318  -1.24799143 -1.34659601 -0.96644618
 -0.76675003 -0.84799123 -1.88053514 -0.72795692  0.330465    0.62593533
  0.66399707 -0.27732608  0.18075061  0.55797965  0.25876273  0.21731514] 7.955463707071146e-05 True
warning: basinhopping: local minimization failure
basinhopping step 80: f 5.3892e-05 trial_f 5.3892e-05 accepted 1  lowest_f 3.86404e-06
[ 1.16600651e+00 -9.04759835e-01 -3.44792216e-01  1.05896094e+00
  2.37475683e+00  1.94363049e+00 -3.09079664e-01  6.13079491e+00
  5.40774927e+00 -2.90460158e-01 -1.26928807e-01 -5.42929414e-02
 -2.06590235e-03 -6.89371731e-01 -1.05019500e-01 -5.51255424e-01
 -1.19411046e+00 -7.57620506e-01 -4.48505655e-01 -3.74880134e-02
  6.28951525e-02  8.55964840e-01  4.29016048e-01  1.89331203e+00
  2.19589477e-01  1.09892129e+00  1.62963737e+00  9.61963878e-01
  2.76989157e-01  3.14176853e-01] 5.3891953694553196e-05 True
warning: basinhopping: local minimization failure
basinhopping step 81: f 5.43581e-05 trial_f 5.43581e-05 accepted 1  lowest_f 3.86404e-06
[ 0.05143999 -0.83520532 -0.67692249  1.12409933  2.75928799  1.85614734
 -0.09696541  6.37278297  5.69519682  0.18440804  0.65920291  0.96171285
 -0.01679075 -0.18477902  0.03037353  0.20252239 -0.40972426 -0.36575155
 -0.46677238  0.07912047  0.54678164  0.52966895  0.36910469  1.2327858
 -0.64842089  1.50184715  1.55396627  1.36580915  0.59380884  0.83708473] 5.435807822397225e-05 True
warning: basinhopping: local minimization failure
basinhopping step 82: f 5.08009e-05 trial_f 5.08009e-05 accepted 1  lowest_f 3.86404e-06
[-4.34457777e-02 -5.97951695e-01 -6.71112265e-01  8.71786765e-01
  2.84568496e+00  2.57879744e+00  1.00700738e+00  5.63901211e+00
  5.60234771e+00 -2.07504627e-03  6.44433202e-01  8.59139047e-01
 -1.55404040e-01  4.26511200e-01  4.05401374e-01 -1.52558912e-01
  8.18330715e-03 -4.67686704e-01 -5.15108887e-01 -1.89950495e-02
  5.18872660e-01  2.46172051e-01  8.40335565e-01  1.28806974e+00
 -7.64749635e-01  5.90379146e-01  1.80797077e+00  1.50457313e+00
  7.40085030e-01  1.01148042e+00] 5.080087339197117e-05 True
warning: basinhopping: local minimization failure
basinhopping step 83: f 0.000107351 trial_f 0.000107351 accepted 1  lowest_f 3.86404e-06
[-1.6632147  -1.20360697 -0.64742386  0.19441122  2.53152632  2.31795196
  2.56981688  7.27712265  4.71935302 -0.30547789 -0.12936198 -0.22115841
 -0.29699327 -0.91784448  0.03455412 -0.18388843 -0.82668668 -0.55508068
 -0.77335098 -0.49212756 -0.17299989 -0.1975524   1.09374373  1.14041786
  0.44858235  1.21427338  2.656527    0.70159649  0.79948854  0.37004468] 0.0001073512316578531 True
warning: basinhopping: local minimization failure
basinhopping step 84: f 3.76037e-05 trial_f 3.76037e-05 accepted 1  lowest_f 3.86404e-06
[-1.89767405 -1.24488179 -0.84921218 -0.78873113  1.65713241  2.04192075
  2.72498718  6.97107609  5.96196171  0.51055608  0.64586278 -0.23529503
 -0.48056643 -0.19243135 -0.06558114 -0.38115733  0.0207763   0.57115868
  0.05415249 -0.89810934 -0.05316632  0.39889669  1.20950933  1.26916767
  0.45169428  0.90828128  3.30920073  0.21880305 -0.22276726  0.50500232] 3.7603705306579944e-05 True
warning: basinhopping: local minimization failure
basinhopping step 85: f 5.96295e-05 trial_f 5.96295e-05 accepted 1  lowest_f 3.86404e-06
[-1.32479528e+00 -1.27410666e+00 -3.06328439e-01 -4.15952169e-01
  1.47812248e+00  1.87925306e+00  2.14872341e+00  6.57460971e+00
  6.46333316e+00  4.75641243e-01  6.39343167e-03  3.11667685e-01
 -4.07758113e-01 -9.79507136e-03 -1.99255552e-02  3.39205239e-01
  8.04363168e-01  1.38437005e+00  1.05786215e+00 -1.98249526e-01
  5.27690104e-01  7.82193385e-01  7.28122228e-01  5.13521486e-01
 -1.89805879e-01  6.28695505e-01  4.15339002e+00  8.34802413e-01
 -1.16853876e+00  6.48579514e-01] 5.962951614069597e-05 True
warning: basinhopping: local minimization failure
basinhopping step 86: f 9.36467e-05 trial_f 9.36467e-05 accepted 1  lowest_f 3.86404e-06
[-1.50343968e+00 -1.92964576e+00 -3.68817247e-01 -1.32799118e+00
 -1.54235973e-01  1.85729237e+00  2.30381432e+00  6.31552022e+00
  5.69953060e+00  3.98852616e-01  4.17130213e-01 -5.71316853e-01
 -3.73043570e-01 -2.02674382e-03  1.97603490e-01  9.02632858e-01
  8.28242382e-01  3.64725514e-01 -1.77704770e-01  5.51247621e-02
  4.43656670e-01 -4.27419953e-01  7.72132779e-01 -1.44556928e-01
 -6.24901365e-01  2.50258082e-01  4.17063174e+00  1.22287260e+00
  4.17677151e-01  1.15338385e+00] 9.364670017973882e-05 True
warning: basinhopping: local minimization failure
basinhopping step 87: f 2.38919e-05 trial_f 2.38919e-05 accepted 1  lowest_f 3.86404e-06
[-1.03993454e+00 -1.85476195e+00 -8.21479607e-01 -8.05410133e-01
 -8.00392686e-01  2.33294382e+00  2.16457091e+00  5.77263998e+00
  4.78304942e+00 -2.91153684e-01  7.82752133e-01  4.27043814e-01
  7.42218057e-01  2.71993924e-01  1.62978282e-01  2.31459735e-01
  8.32532665e-01 -1.72425452e-01 -6.47933243e-01 -1.72744005e-01
  2.25562149e-01 -4.12086622e-01  6.04508369e-02  4.82825552e-01
 -1.85158839e-03 -2.07505858e-01  2.83782878e+00  7.49284796e-01
  1.08971517e+00  8.15683073e-01] 2.3891862065085937e-05 True
warning: basinhopping: local minimization failure
basinhopping step 88: f 9.40775e-05 trial_f 9.40775e-05 accepted 1  lowest_f 3.86404e-06
[-0.55519417 -1.29299796  0.24206547 -1.06812133 -1.88466895  1.10369451
  1.43254117  5.48310435  5.15347442 -0.12823064  0.61109844 -0.15431131
 -0.32764252 -0.76015965 -0.40057423  0.37344195  0.13249135  0.11938075
  0.05167111  0.57153361  0.49687543  0.41000328  1.19522676  0.63607708
 -0.31163225 -0.19893922  3.43010545  0.40245916  1.1905124   0.72005242] 9.407751008705223e-05 True
warning: basinhopping: local minimization failure
basinhopping step 89: f 7.6122e-05 trial_f 7.6122e-05 accepted 1  lowest_f 3.86404e-06
[-1.34202374 -1.97622852 -0.55854252 -0.70610509 -0.47481756  1.72382865
  1.09296479  5.65009109  5.22555577 -0.28482749  0.36575471  0.39984341
  0.04989404 -0.24442665  0.39916589  0.62126825 -0.49129091 -0.10747522
  0.32813075  0.43648086  0.00597329 -0.41863032 -0.13019768  0.97196885
  0.40438662  0.21443278  3.77514487  0.38996627  1.68404891  1.60537573] 7.612203294014754e-05 True
warning: basinhopping: local minimization failure
basinhopping step 90: f 5.97942e-05 trial_f 5.97942e-05 accepted 1  lowest_f 3.86404e-06
[ 3.34935937e-01 -1.35356878e+00  7.89865808e-02 -2.15586981e-01
 -3.39108176e-01  2.07322765e+00 -4.20889722e-01  4.71952924e+00
  5.05074119e+00 -6.49835836e-01 -1.64990345e-01  6.06882705e-01
 -3.21377751e-01 -7.45756141e-01 -4.16277765e-01 -2.96433782e-01
 -3.44231387e-01  1.35234424e-01  9.30256724e-01  6.47424344e-02
 -1.87049286e-02  2.86189145e-04 -2.23849897e-01  7.45906934e-01
  7.38823526e-01  7.74490786e-01  4.54296222e+00  3.80106753e-01
  1.78095588e+00  1.98809935e+00] 5.9794234511354065e-05 True
warning: basinhopping: local minimization failure
basinhopping step 91: f 7.83551e-05 trial_f 7.83551e-05 accepted 1  lowest_f 3.86404e-06
[ 0.97274524  0.1581548   0.35670649  0.01945407 -0.17229736  1.77435228
 -0.497214    4.42409758  5.23639834 -0.22638451 -0.163796   -0.00962928
 -0.51709995 -1.10824127 -0.6048573  -0.12554597 -0.36210692 -0.11430772
  0.72501141  0.22309565  0.34012067  0.66406726  0.1447735   0.41703805
  1.27592765  0.77404682  4.52460616  0.59716932  2.34587086  2.0080879 ] 7.835505074335784e-05 True
warning: basinhopping: local minimization failure
basinhopping step 92: f 5.3178e-05 trial_f 5.3178e-05 accepted 1  lowest_f 3.86404e-06
[ 1.49518251e+00  3.73969031e-01  9.91672722e-01  2.32912290e-01
  8.12258784e-01  1.03169321e+00  6.51230347e-01  5.01130570e+00
  4.57260382e+00  7.31648074e-01 -1.16233770e-03  3.59748617e-01
  1.90203633e-01 -2.29316677e-01 -8.84853609e-01 -1.24600929e+00
 -1.06588187e-01 -6.26427107e-01 -6.61387187e-01  3.77949247e-02
  3.21810532e-01  1.32995212e-01 -2.40340616e-01  8.09552726e-02
  1.27904723e+00  3.60297097e-01  4.30361087e+00  6.24251042e-02
  2.76687406e+00  2.54971689e+00] 5.317797552443978e-05 True
warning: basinhopping: local minimization failure
basinhopping step 93: f 0.000113284 trial_f 0.000113284 accepted 1  lowest_f 3.86404e-06
[ 1.55042587  1.03907148  1.23605512  0.6717915   0.62860724  1.02318871
  0.75111044  5.16467047  4.55796869  1.76521191  0.39399124  0.3221834
  0.34340302 -0.12306228 -0.56644203 -0.43317657  0.06904119 -1.18637412
 -0.20065325  0.30828114  0.34548608  0.7880132  -0.38338259  0.45511822
  1.28317699  0.09662737  4.41518779  0.0698322   3.68361982  2.60228412] 0.0001132836113862988 True
warning: basinhopping: local minimization failure
basinhopping step 94: f 9.68051e-05 trial_f 9.68051e-05 accepted 1  lowest_f 3.86404e-06
[ 1.12699018e+00  6.54115090e-01  1.21251530e+00  9.81991647e-01
  3.44678780e-01  4.09700696e-02  4.61073763e-01  4.71793113e+00
  3.79577187e+00  1.59832411e+00  1.90627788e-01  1.19135943e+00
  3.16221079e-01  1.39881982e-01 -9.55970477e-01 -6.69268687e-01
 -2.81142567e-01 -7.44252471e-01 -4.48436892e-01 -6.59333887e-01
  7.47104644e-02  5.72342359e-01 -1.53800393e-01 -4.54272845e-03
  9.74979958e-01 -2.92667491e-01  4.31866346e+00  2.40536269e-01
  3.30199528e+00  2.45324941e+00] 9.680505276867842e-05 True
warning: basinhopping: local minimization failure
basinhopping step 95: f 0.000106575 trial_f 0.000106575 accepted 1  lowest_f 3.86404e-06
[ 0.80759808  0.95646889  1.75668293  1.65347152  0.51800151  0.7710125
  0.60525036  4.50079543  4.27267572  1.45698504  0.13700864  1.35234691
 -0.10085044  0.14165053 -0.38597916 -0.1071802  -0.37388073 -0.63898979
 -0.37186115 -1.6267176  -0.23350194  0.67823325  0.34767309 -0.12967959
  0.58544076  0.27461847  4.11119832  0.67009541  2.86129441  2.85961732] 0.00010657547471506629 True
warning: basinhopping: local minimization failure
basinhopping step 96: f 6.61658e-05 trial_f 6.61658e-05 accepted 1  lowest_f 3.86404e-06
[ 0.85478512  1.14964962  1.9019094   1.26663144  1.13604116  1.5725095
  0.66287144  4.69418181  3.73733304  0.94305339 -1.34411024  0.50545893
 -0.22616345 -0.21855905 -0.37420684  0.31669983 -0.32761675 -0.03705132
 -0.19034168 -1.04493305  0.56408435  0.54373626  1.05280754  0.60703075
  0.29134542  0.71784739  4.09406861  0.50872074  2.46845485  2.90478209] 6.616582108810117e-05 True
warning: basinhopping: local minimization failure
basinhopping step 97: f 7.40859e-05 trial_f 7.40859e-05 accepted 1  lowest_f 3.86404e-06
[ 0.78726132  1.49470569  1.62960301  0.90906596  1.12163209  1.30871662
  1.15032063  4.888218    3.78983237  1.15480975 -0.41639085  0.99649366
 -0.21221653 -0.23775239 -0.21699441  0.70439743 -0.09774623 -0.48642335
  0.26522396 -0.35604137  0.05676496  0.29081161  1.43063466  0.75706974
  0.56924153  0.58829866  3.99367718 -0.04246296  2.19212495  3.35687509] 7.408587353288213e-05 True
warning: basinhopping: local minimization failure
basinhopping step 98: f 7.28019e-05 trial_f 7.28019e-05 accepted 1  lowest_f 3.86404e-06
[ 6.92643644e-01  1.62319741e+00  1.61373379e+00  1.14845394e+00
  1.59542370e+00  9.43412409e-01  1.29296041e+00  4.82251650e+00
  4.05515605e+00  1.23031567e+00 -1.78632559e-01  1.13230395e+00
 -2.51437879e-01 -8.37731243e-02 -2.69643679e-01  6.39656618e-01
 -9.37402579e-02 -2.20863645e-01  4.23776266e-01 -5.29142883e-02
 -4.95311933e-02  8.21524946e-01  1.33127539e+00  6.60905485e-01
  1.08834600e+00  1.91588518e-01  3.94959065e+00 -4.76251458e-03
  1.99370203e+00  3.39291390e+00] 7.280191203522345e-05 True
warning: basinhopping: local minimization failure
basinhopping step 99: f 7.99438e-05 trial_f 7.99438e-05 accepted 1  lowest_f 3.86404e-06
[-0.31429994  0.75618842  0.60549731  1.56656241  1.39690853  0.95103117
  1.54952153  5.25804951  4.25247103  1.54313191  0.59882847  1.44602955
  0.58846078  1.08459112 -0.22342373  0.20631772 -0.17939216 -0.05325725
  0.45724034 -0.35552055 -0.27352985 -0.24464782  0.65157915  1.19267291
  0.13267811  0.38592077  4.48185119  0.13302666  1.36781397  3.39230366] 7.994381113865795e-05 True
adaptive stepsize: acceptance rate 0.990000 target 0.500000 new stepsize 0.617284 old stepsize 0.555556
warning: basinhopping: local minimization failure
basinhopping step 100: f 9.46112e-05 trial_f 9.46112e-05 accepted 1  lowest_f 3.86404e-06
[ 0.6510953   1.53721151  1.16059538  1.58846045  0.90355605  0.23553466
  1.2355625   4.40566256  4.71845181  0.79877846  0.18644454  0.24371405
 -0.76476478 -0.00762529 -0.26451092 -0.8128554   0.48258951 -0.00882575
  0.79917588 -0.59233962 -0.21048606 -0.05920125  0.87617509  0.9515445
  2.01603422  0.59397091  3.71845603  0.18727677  0.51660143  2.75435915] 9.461118884419943e-05 True
                        fun: 3.864035664027924e-06
 lowest_optimization_result:       fun: 3.864035664027924e-06
 hess_inv: array([[ 3.69964277e+02,  3.02653869e+02,  2.31313094e+02,
         2.24566229e+02,  2.45095348e+02,  1.86944937e+02,
         2.61126815e+02,  3.15157890e+02,  1.96081692e+02,
         6.54560460e+01,  4.53368249e+01,  7.81687791e+01,
         1.22352906e+02,  2.91404878e+01, -1.21874107e+01,
        -4.02848070e+01, -5.09024368e+01, -5.55948895e+01,
        -7.75191824e+01, -6.49615836e+01, -9.79103386e+01,
        -1.67592562e+02, -1.58256161e+02, -1.16521700e+02,
        -1.32832773e+02, -1.73557740e+02, -1.54892900e+02,
        -1.39089919e+02, -9.00807039e+01, -6.12278065e+01],
       [ 3.02653869e+02,  2.55659784e+02,  2.00625505e+02,
         1.92617781e+02,  1.98183367e+02,  1.50996182e+02,
         2.08095661e+02,  2.54396715e+02,  1.64746176e+02,
         6.04947047e+01,  3.58630820e+01,  6.95362356e+01,
         9.54061026e+01,  2.30454484e+01, -8.50024911e+00,
        -3.20661736e+01, -4.24230361e+01, -5.02121200e+01,
        -6.45677031e+01, -5.34502292e+01, -8.18569421e+01,
        -1.37994969e+02, -1.26371212e+02, -9.67544625e+01,
        -1.17721249e+02, -1.44657652e+02, -1.31317636e+02,
        -1.15962982e+02, -7.65401166e+01, -5.59930663e+01],
       [ 2.31313094e+02,  2.00625505e+02,  1.63965423e+02,
         1.57719939e+02,  1.53595800e+02,  1.10175688e+02,
         1.50286323e+02,  1.85068641e+02,  1.21133175e+02,
         4.70536704e+01,  2.79105177e+01,  5.40295129e+01,
         6.86819011e+01,  1.63925288e+01, -5.63541821e+00,
        -2.62967201e+01, -3.51403659e+01, -4.33701286e+01,
        -5.38406578e+01, -4.42911211e+01, -6.43366325e+01,
        -1.03319140e+02, -9.43997406e+01, -8.00286026e+01,
        -1.00692822e+02, -1.18448242e+02, -1.05398631e+02,
        -9.02143317e+01, -5.97303311e+01, -4.59503886e+01],
       [ 2.24566229e+02,  1.92617781e+02,  1.57719939e+02,
         1.54063248e+02,  1.53344104e+02,  1.02622824e+02,
         1.41686991e+02,  1.74974283e+02,  1.08481617e+02,
         3.89436070e+01,  2.72679072e+01,  4.82901121e+01,
         6.67681611e+01,  1.62463385e+01, -6.26583218e+00,
        -2.93882954e+01, -3.65813334e+01, -4.22995831e+01,
        -5.45798280e+01, -4.49405338e+01, -6.31475871e+01,
        -9.73075116e+01, -9.18479262e+01, -8.20032663e+01,
        -9.96778980e+01, -1.20256648e+02, -1.03345113e+02,
        -8.56925113e+01, -5.39073205e+01, -3.86749873e+01],
       [ 2.45095348e+02,  1.98183367e+02,  1.53595800e+02,
         1.53344104e+02,  1.75705214e+02,  1.15225268e+02,
         1.61513992e+02,  1.96165502e+02,  1.05966372e+02,
         2.91019814e+01,  3.46734862e+01,  4.12950232e+01,
         8.07978307e+01,  1.95760577e+01, -1.13542170e+01,
        -3.61294528e+01, -4.12846873e+01, -3.69337114e+01,
        -5.85351854e+01, -5.08792088e+01, -7.09913539e+01,
        -1.04046507e+02, -1.09444791e+02, -9.15170487e+01,
        -9.17345687e+01, -1.29712854e+02, -1.06689054e+02,
        -9.26730612e+01, -5.52624415e+01, -3.23333153e+01],
       [ 1.86944937e+02,  1.50996182e+02,  1.10175688e+02,
         1.02622824e+02,  1.15225268e+02,  1.12350303e+02,
         1.49808873e+02,  1.72340944e+02,  1.19699939e+02,
         4.74135207e+01,  2.52035383e+01,  4.56937355e+01,
         6.35901805e+01,  1.27413796e+01, -5.32324652e+00,
        -9.24532181e+00, -1.87067679e+01, -2.47657654e+01,
        -3.34663426e+01, -2.93795441e+01, -4.63969566e+01,
        -9.12585390e+01, -8.31071220e+01, -4.76619153e+01,
        -5.56136193e+01, -7.15002979e+01, -7.19921267e+01,
        -7.53493898e+01, -5.70980528e+01, -4.55692570e+01],
       [ 2.61126815e+02,  2.08095661e+02,  1.50286323e+02,
         1.41686991e+02,  1.61513992e+02,  1.49808873e+02,
         2.08473962e+02,  2.45102032e+02,  1.64980114e+02,
         5.91237620e+01,  3.25260917e+01,  6.20764859e+01,
         9.42224829e+01,  2.14220932e+01, -7.11407457e+00,
        -1.62490381e+01, -2.56321737e+01, -3.17185166e+01,
        -4.46263646e+01, -3.77812805e+01, -6.27039655e+01,
        -1.27780684e+02, -1.14967124e+02, -6.46408703e+01,
        -7.51468409e+01, -1.00960955e+02, -9.94497502e+01,
        -1.00091578e+02, -7.14956861e+01, -5.22889622e+01],
       [ 3.15157890e+02,  2.54396715e+02,  1.85068641e+02,
         1.74974283e+02,  1.96165502e+02,  1.72340944e+02,
         2.45102032e+02,  2.96615201e+02,  1.96162887e+02,
         6.75651273e+01,  3.65251137e+01,  7.55743713e+01,
         1.14892705e+02,  2.88502929e+01, -8.52744090e+00,
        -2.40474436e+01, -3.27562627e+01, -3.83224416e+01,
        -5.30551747e+01, -4.37521134e+01, -7.74692769e+01,
        -1.54125421e+02, -1.36992458e+02, -7.94850377e+01,
        -9.36877848e+01, -1.26248470e+02, -1.22838212e+02,
        -1.18050207e+02, -7.99102294e+01, -5.51224289e+01],
       [ 1.96081692e+02,  1.64746176e+02,  1.21133175e+02,
         1.08481617e+02,  1.05966372e+02,  1.19699939e+02,
         1.64980114e+02,  1.96162887e+02,  1.52991575e+02,
         6.45254325e+01,  1.89731274e+01,  6.22660615e+01,
         6.89994390e+01,  1.61170646e+01, -4.89440952e-01,
        -1.73214434e+00, -1.16954231e+01, -2.67761163e+01,
        -2.65556823e+01, -2.00453125e+01, -4.20118786e+01,
        -1.04575021e+02, -7.97447758e+01, -3.46809383e+01,
        -5.93728531e+01, -6.30937973e+01, -7.43308518e+01,
        -7.62707545e+01, -5.99275641e+01, -5.13192599e+01],
       [ 6.54560460e+01,  6.04947047e+01,  4.70536704e+01,
         3.89436070e+01,  2.91019815e+01,  4.74135207e+01,
         5.91237620e+01,  6.75651273e+01,  6.45254325e+01,
         3.46641277e+01,  6.58270637e+00,  2.84034390e+01,
         1.93499328e+01,  3.18200971e+00,  1.75964182e+00,
         6.06612508e+00, -1.02232810e+00, -1.19335986e+01,
        -7.69325588e+00, -5.77261401e+00, -1.33708433e+01,
        -3.84315729e+01, -2.51158161e+01, -7.54659116e+00,
        -2.28479364e+01, -1.56421559e+01, -2.56078663e+01,
        -2.98215395e+01, -2.86323654e+01, -3.02357457e+01],
       [ 4.53368249e+01,  3.58630820e+01,  2.79105177e+01,
         2.72679072e+01,  3.46734862e+01,  2.52035383e+01,
         3.25260917e+01,  3.65251137e+01,  1.89731274e+01,
         6.58270636e+00,  1.06572424e+01,  6.27892638e+00,
         1.62368035e+01,  2.95451105e+00, -2.98005581e+00,
        -5.31416699e+00, -7.55924123e+00, -5.30086438e+00,
        -1.18179877e+01, -1.18463930e+01, -1.48400902e+01,
        -1.96371265e+01, -2.42878213e+01, -1.85962145e+01,
        -1.34688783e+01, -2.36188873e+01, -1.89673343e+01,
        -2.10627944e+01, -1.53535261e+01, -1.14326674e+01],
       [ 7.81687791e+01,  6.95362356e+01,  5.40295129e+01,
         4.82901121e+01,  4.12950232e+01,  4.56937355e+01,
         6.20764859e+01,  7.55743713e+01,  6.22660615e+01,
         2.84034390e+01,  6.27892638e+00,  2.75919802e+01,
         2.48570992e+01,  6.20430396e+00,  8.39564762e-01,
        -8.12546957e-01, -5.35101423e+00, -1.36076775e+01,
        -1.14236790e+01, -8.04696396e+00, -1.72296169e+01,
        -4.16056122e+01, -2.94278350e+01, -1.49774264e+01,
        -2.98498263e+01, -2.75742669e+01, -3.25203242e+01,
        -3.05011242e+01, -2.38679973e+01, -2.16735816e+01],
       [ 1.22352906e+02,  9.54061026e+01,  6.86819011e+01,
         6.67681611e+01,  8.07978307e+01,  6.35901805e+01,
         9.42224829e+01,  1.14892705e+02,  6.89994390e+01,
         1.93499328e+01,  1.62368035e+01,  2.48570992e+01,
         4.87329941e+01,  1.28630103e+01, -4.30246672e+00,
        -1.23444199e+01, -1.38793585e+01, -1.22222151e+01,
        -2.16767535e+01, -1.83323071e+01, -3.08232230e+01,
        -5.85849027e+01, -5.59740586e+01, -3.38328224e+01,
        -3.33506476e+01, -5.26488894e+01, -4.71265694e+01,
        -4.52513595e+01, -2.82692097e+01, -1.62177941e+01],
       [ 2.91404878e+01,  2.30454484e+01,  1.63925288e+01,
         1.62463385e+01,  1.95760577e+01,  1.27413796e+01,
         2.14220932e+01,  2.88502929e+01,  1.61170646e+01,
         3.18200971e+00,  2.95451105e+00,  6.20430396e+00,
         1.28630103e+01,  4.49816804e+00, -8.40728959e-01,
        -4.22368433e+00, -3.51412775e+00, -2.37550927e+00,
        -4.39543749e+00, -3.28456589e+00, -7.48219436e+00,
        -1.41925503e+01, -1.29498904e+01, -7.96212656e+00,
        -8.24907529e+00, -1.35473496e+01, -1.18554054e+01,
        -9.42696758e+00, -4.05654286e+00, -2.25573524e-01],
       [-1.21874107e+01, -8.50024910e+00, -5.63541821e+00,
        -6.26583217e+00, -1.13542170e+01, -5.32324652e+00,
        -7.11407457e+00, -8.52744090e+00, -4.89440949e-01,
         1.75964182e+00, -2.98005581e+00,  8.39564762e-01,
        -4.30246672e+00, -8.40728959e-01,  1.94188594e+00,
         3.53008031e+00,  3.41189432e+00,  7.33218311e-01,
         3.71240716e+00,  3.97117921e+00,  5.12275664e+00,
         3.98137298e+00,  7.34602437e+00,  6.64782248e+00,
         2.37348384e+00,  7.63205463e+00,  4.89840488e+00,
         5.03492833e+00,  2.45145539e+00,  3.04992630e-01],
       [-4.02848070e+01, -3.20661736e+01, -2.62967201e+01,
        -2.93882954e+01, -3.61294528e+01, -9.24532181e+00,
        -1.62490381e+01, -2.40474436e+01, -1.73214433e+00,
         6.06612508e+00, -5.31416698e+00, -8.12546956e-01,
        -1.23444199e+01, -4.22368433e+00,  3.53008031e+00,
         1.38145658e+01,  1.20689085e+01,  7.11795243e+00,
         1.34489823e+01,  1.15175416e+01,  1.47821472e+01,
         1.23019812e+01,  1.79712176e+01,  2.33256399e+01,
         2.00339543e+01,  3.16019256e+01,  2.09716671e+01,
         1.24132814e+01,  1.72706781e+00, -5.02354108e+00],
       [-5.09024368e+01, -4.24230361e+01, -3.51403659e+01,
        -3.65813334e+01, -4.12846873e+01, -1.87067679e+01,
        -2.56321737e+01, -3.27562627e+01, -1.16954231e+01,
        -1.02232809e+00, -7.55924123e+00, -5.35101423e+00,
        -1.38793585e+01, -3.51412775e+00,  3.41189432e+00,
         1.20689085e+01,  1.26465573e+01,  1.00213373e+01,
         1.59005470e+01,  1.39890459e+01,  1.76271660e+01,
         1.80601109e+01,  2.25923528e+01,  2.58495720e+01,
         2.48340352e+01,  3.45697331e+01,  2.55704641e+01,
         1.89250120e+01,  8.94522113e+00,  3.33490795e+00],
       [-5.55948895e+01, -5.02121200e+01, -4.33701286e+01,
        -4.22995831e+01, -3.69337114e+01, -2.47657654e+01,
        -3.17185166e+01, -3.83224416e+01, -2.67761163e+01,
        -1.19335986e+01, -5.30086438e+00, -1.36076775e+01,
        -1.22222151e+01, -2.37550927e+00,  7.33218311e-01,
         7.11795243e+00,  1.00213373e+01,  1.43465503e+01,
         1.53560990e+01,  1.21215959e+01,  1.54308360e+01,
         2.30006834e+01,  1.99506882e+01,  2.18913056e+01,
         3.15510650e+01,  3.20266277e+01,  2.79896187e+01,
         2.11118030e+01,  1.37678676e+01,  1.15401322e+01],
       [-7.75191824e+01, -6.45677031e+01, -5.38406578e+01,
        -5.45798280e+01, -5.85351853e+01, -3.34663426e+01,
        -4.46263646e+01, -5.30551747e+01, -2.65556823e+01,
        -7.69325588e+00, -1.18179877e+01, -1.14236790e+01,
        -2.16767535e+01, -4.39543749e+00,  3.71240716e+00,
         1.34489823e+01,  1.59005470e+01,  1.53560990e+01,
         2.28779542e+01,  1.99190447e+01,  2.39831617e+01,
         2.99815720e+01,  3.37001834e+01,  3.48322853e+01,
         3.62898354e+01,  4.74768384e+01,  3.69233439e+01,
         3.03992940e+01,  1.82031928e+01,  1.19123626e+01],
       [-6.49615836e+01, -5.34502292e+01, -4.42911211e+01,
        -4.49405338e+01, -5.08792088e+01, -2.93795441e+01,
        -3.77812805e+01, -4.37521134e+01, -2.00453125e+01,
        -5.77261401e+00, -1.18463930e+01, -8.04696396e+00,
        -1.83323071e+01, -3.28456589e+00,  3.97117921e+00,
         1.15175416e+01,  1.39890459e+01,  1.21215959e+01,
         1.99190447e+01,  1.82442225e+01,  2.14684200e+01,
         2.46770342e+01,  3.03637725e+01,  3.08035765e+01,
         2.87622422e+01,  4.02549485e+01,  3.07550944e+01,
         2.70206860e+01,  1.69808300e+01,  1.14208766e+01],
       [-9.79103386e+01, -8.18569421e+01, -6.43366325e+01,
        -6.31475871e+01, -7.09913539e+01, -4.63969566e+01,
        -6.27039655e+01, -7.74692769e+01, -4.20118786e+01,
        -1.33708433e+01, -1.48400902e+01, -1.72296169e+01,
        -3.08232230e+01, -7.48219436e+00,  5.12275664e+00,
         1.47821472e+01,  1.76271660e+01,  1.54308360e+01,
         2.39831617e+01,  2.14684200e+01,  3.09750839e+01,
         4.17799247e+01,  4.48076692e+01,  3.84291564e+01,
         3.76916371e+01,  5.29809712e+01,  4.42051014e+01,
         3.92599767e+01,  2.42657391e+01,  1.57137235e+01],
       [-1.67592562e+02, -1.37994969e+02, -1.03319140e+02,
        -9.73075116e+01, -1.04046507e+02, -9.12585390e+01,
        -1.27780684e+02, -1.54125421e+02, -1.04575021e+02,
        -3.84315729e+01, -1.96371265e+01, -4.16056122e+01,
        -5.85849027e+01, -1.41925503e+01,  3.98137298e+00,
         1.23019812e+01,  1.80601109e+01,  2.30006834e+01,
         2.99815720e+01,  2.46770342e+01,  4.17799247e+01,
         8.17206885e+01,  7.18497640e+01,  4.40826418e+01,
         5.45390072e+01,  6.92825162e+01,  6.73680360e+01,
         6.43202641e+01,  4.47253127e+01,  3.31304171e+01],
       [-1.58256161e+02, -1.26371212e+02, -9.43997406e+01,
        -9.18479262e+01, -1.09444791e+02, -8.31071220e+01,
        -1.14967124e+02, -1.36992458e+02, -7.97447758e+01,
        -2.51158161e+01, -2.42878213e+01, -2.94278350e+01,
        -5.59740586e+01, -1.29498904e+01,  7.34602437e+00,
         1.79712176e+01,  2.25923528e+01,  1.99506882e+01,
         3.37001834e+01,  3.03637725e+01,  4.48076692e+01,
         7.18497640e+01,  7.41310354e+01,  5.25264409e+01,
         4.97971432e+01,  7.46307232e+01,  6.48854475e+01,
         6.28006900e+01,  4.14189855e+01,  2.72307396e+01],
       [-1.16521700e+02, -9.67544625e+01, -8.00286026e+01,
        -8.20032663e+01, -9.15170487e+01, -4.76619153e+01,
        -6.46408703e+01, -7.94850377e+01, -3.46809383e+01,
        -7.54659116e+00, -1.85962145e+01, -1.49774264e+01,
        -3.38328224e+01, -7.96212656e+00,  6.64782248e+00,
         2.33256399e+01,  2.58495720e+01,  2.18913056e+01,
         3.48322853e+01,  3.08035765e+01,  3.84291564e+01,
         4.40826418e+01,  5.25264409e+01,  5.54178075e+01,
         5.39965044e+01,  7.47168831e+01,  5.67257160e+01,
         4.53649900e+01,  2.47870819e+01,  1.33620345e+01],
       [-1.32832773e+02, -1.17721249e+02, -1.00692822e+02,
        -9.96778980e+01, -9.17345687e+01, -5.56136193e+01,
        -7.51468409e+01, -9.36877848e+01, -5.93728531e+01,
        -2.28479364e+01, -1.34688783e+01, -2.98498263e+01,
        -3.33506476e+01, -8.24907529e+00,  2.37348384e+00,
         2.00339543e+01,  2.48340352e+01,  3.15510650e+01,
         3.62898354e+01,  2.87622422e+01,  3.76916371e+01,
         5.45390072e+01,  4.97971432e+01,  5.39965044e+01,
         7.29606642e+01,  7.93550270e+01,  6.70162135e+01,
         4.88680871e+01,  2.87082622e+01,  2.04986768e+01],
       [-1.73557740e+02, -1.44657652e+02, -1.18448242e+02,
        -1.20256648e+02, -1.29712854e+02, -7.15002979e+01,
        -1.00960955e+02, -1.26248470e+02, -6.30937973e+01,
        -1.56421559e+01, -2.36188873e+01, -2.75742669e+01,
        -5.26488894e+01, -1.35473496e+01,  7.63205463e+00,
         3.16019256e+01,  3.45697331e+01,  3.20266277e+01,
         4.74768384e+01,  4.02549485e+01,  5.29809712e+01,
         6.92825162e+01,  7.46307232e+01,  7.47168831e+01,
         7.93550270e+01,  1.05335524e+02,  8.27911251e+01,
         6.45890774e+01,  3.46886496e+01,  1.82934606e+01],
       [-1.54892900e+02, -1.31317636e+02, -1.05398631e+02,
        -1.03345113e+02, -1.06689054e+02, -7.19921267e+01,
        -9.94497502e+01, -1.22838212e+02, -7.43308518e+01,
        -2.56078663e+01, -1.89673343e+01, -3.25203242e+01,
        -4.71265694e+01, -1.18554054e+01,  4.89840488e+00,
         2.09716671e+01,  2.55704641e+01,  2.79896187e+01,
         3.69233439e+01,  3.07550944e+01,  4.42051015e+01,
         6.73680360e+01,  6.48854475e+01,  5.67257160e+01,
         6.70162135e+01,  8.27911251e+01,  7.12207156e+01,
         5.86989380e+01,  3.59044592e+01,  2.39351331e+01],
       [-1.39089919e+02, -1.15962982e+02, -9.02143317e+01,
        -8.56925113e+01, -9.26730612e+01, -7.53493898e+01,
        -1.00091578e+02, -1.18050207e+02, -7.62707545e+01,
        -2.98215395e+01, -2.10627944e+01, -3.05011242e+01,
        -4.52513595e+01, -9.42696758e+00,  5.03492833e+00,
         1.24132814e+01,  1.89250120e+01,  2.11118030e+01,
         3.03992940e+01,  2.70206860e+01,  3.92599767e+01,
         6.43202641e+01,  6.28006900e+01,  4.53649900e+01,
         4.88680871e+01,  6.45890774e+01,  5.86989380e+01,
         5.81189800e+01,  4.18112511e+01,  3.30613954e+01],
       [-9.00807039e+01, -7.65401166e+01, -5.97303311e+01,
        -5.39073205e+01, -5.52624415e+01, -5.70980528e+01,
        -7.14956861e+01, -7.99102294e+01, -5.99275641e+01,
        -2.86323654e+01, -1.53535261e+01, -2.38679973e+01,
        -2.82692097e+01, -4.05654286e+00,  2.45145539e+00,
         1.72706781e+00,  8.94522114e+00,  1.37678676e+01,
         1.82031928e+01,  1.69808300e+01,  2.42657391e+01,
         4.47253127e+01,  4.14189855e+01,  2.47870819e+01,
         2.87082622e+01,  3.46886496e+01,  3.59044592e+01,
         4.18112511e+01,  3.56999890e+01,  3.33001862e+01],
       [-6.12278065e+01, -5.59930663e+01, -4.59503886e+01,
        -3.86749873e+01, -3.23333153e+01, -4.55692570e+01,
        -5.22889622e+01, -5.51224289e+01, -5.13192599e+01,
        -3.02357457e+01, -1.14326674e+01, -2.16735816e+01,
        -1.62177941e+01, -2.25573524e-01,  3.04992631e-01,
        -5.02354108e+00,  3.33490795e+00,  1.15401322e+01,
         1.19123626e+01,  1.14208766e+01,  1.57137235e+01,
         3.31304171e+01,  2.72307396e+01,  1.33620345e+01,
         2.04986768e+01,  1.82934606e+01,  2.39351331e+01,
         3.30613954e+01,  3.33001862e+01,  3.61853557e+01]])
      jac: array([ 1.59170642e-04, -2.51650708e-05,  1.87946340e-05, -2.09571969e-04,
        7.97848800e-05, -2.60780910e-04,  8.78648167e-05,  8.44803421e-05,
       -2.43772319e-04,  4.45882295e-04,  1.67521979e-04, -3.04030661e-04,
        1.89218459e-04, -3.53495348e-04,  1.09303019e-04,  1.46495540e-04,
       -1.99242086e-04,  4.94888309e-06,  3.46478882e-04, -1.17100800e-04,
       -1.10064506e-04, -2.19141397e-04,  2.49372083e-04,  8.78530849e-05,
       -8.70490571e-05, -8.72903457e-05, -1.03695075e-04,  1.57263029e-04,
        2.23873369e-04, -1.94715332e-04])
  message: 'Desired error not necessarily achieved due to precision loss.'
     nfev: 8134
      nit: 209
     njev: 262
   status: 2
  success: False
        x: array([ 2.99834559,  2.41902154,  1.79747946,  1.07490094,  4.03946474,
        4.75093189,  2.28501133,  1.41353643,  3.83857813,  0.62876845,
        0.43668283,  0.23702123,  0.75756103, -0.04289218, -0.009543  ,
        0.24824653, -0.48835672, -0.34081772, -0.03415353, -0.22205025,
       -0.68905256, -0.12430679, -0.95073897, -0.59201683, -0.47719183,
       -0.43462473, -0.23095464, -0.65779753, -0.56071576,  4.56319882])
                    message: ['requested number of basinhopping iterations completed successfully']
      minimization_failures: 101
                       nfev: 1770042
                        nit: 100
                       njev: 57060
                          x: array([ 2.99834559,  2.41902154,  1.79747946,  1.07490094,  4.03946474,
        4.75093189,  2.28501133,  1.41353643,  3.83857813,  0.62876845,
        0.43668283,  0.23702123,  0.75756103, -0.04289218, -0.009543  ,
        0.24824653, -0.48835672, -0.34081772, -0.03415353, -0.22205025,
       -0.68905256, -0.12430679, -0.95073897, -0.59201683, -0.47719183,
       -0.43462473, -0.23095464, -0.65779753, -0.56071576,  4.56319882])

Process finished with exit code 0
