/home/alex/Desktop/Projects/SimsV3/venv/bin/python /home/alex/Desktop/Projects/SimsV3/Simple_ManyWP_reproducability_test1.py
warning: basinhopping: local minimization failure
basinhopping step 0: f 6.04306e-05
[ 3.76441193  6.3093376   4.72154381  0.09398638  4.46847121  0.71987001
  2.46848443  3.2798668   5.4290039   2.50590535  3.2510389   3.88743383
  0.04184218  0.90687392  2.69342505  0.37456551  3.60374777  1.51088794
  4.10994371  4.62057901  3.73982195  3.84906849  6.25748788  2.18702035
  6.39745569  3.68288313  5.26203147  3.88799032  0.97397065 -0.19409185
  3.76446338  6.58531122  2.71660922  3.70368139  7.53122777  1.33295113
  1.99409508  1.42919809  1.61110924  1.81670181] 6.043061856064524e-05 True
warning: basinhopping: local minimization failure
basinhopping step 1: f 1.96811e-05 trial_f 1.96811e-05 accepted 1  lowest_f 1.96811e-05
found new global minimum on step 1 with function value 1.96811e-05
[ 4.96709158  6.46138378  4.50975066  1.57476585  5.2953873   0.90505744
  4.17186144  3.86545832  5.96470243  2.82211712  3.0771193   3.99531457
  0.53838274  0.53895059  2.85577373  0.54872923  2.37198862  2.27716664
  3.20905774  4.07404338  3.32752305  3.15930899  6.07031065  1.84945078
  5.76486015  2.14786596  4.41767295  2.70900134 -0.10662801 -0.52883143
  2.8607409   5.90774929  2.21416037  3.13082628  6.32197917  0.2357297
  2.12249808  1.5608493   2.4708014   2.0689449 ] 1.968111426041263e-05 True
warning: basinhopping: local minimization failure
basinhopping step 2: f 4.28318e-05 trial_f 4.28318e-05 accepted 1  lowest_f 1.96811e-05
[ 5.73978277  5.26462191  3.31663456  0.76160984  5.94323221  0.28943246
  3.29199368  2.73151142  5.20203121  3.00827421  3.66415333  5.38185494
  1.66065889 -0.43509221  1.95342829  1.39344346  2.13440256  2.71197347
  3.083905    3.45121681  2.50461747  2.36638448  5.61955462  1.96332911
  6.62670781  2.83138207  5.30458144  3.29467708  0.06128812 -0.11729988
  4.24246038  6.06835402  1.79270751  1.85419042  4.73128003 -1.01059541
  1.11808529  1.21383399  1.64995862  1.38902231] 4.2831821841778784e-05 True
warning: basinhopping: local minimization failure
basinhopping step 3: f 5.25756e-05 trial_f 5.25756e-05 accepted 1  lowest_f 1.96811e-05
[ 6.04706686e+00  5.10331485e+00  3.32615641e+00  2.47864294e-01
  6.31834217e+00  5.10413835e-01  2.68914938e+00  2.85470724e+00
  4.24798187e+00  2.90253636e+00  4.05164029e+00  5.62397251e+00
  4.06749241e-01 -3.94266603e-01  2.19794885e+00  2.45478765e+00
  3.18387787e+00  2.91839356e+00  3.27570654e+00  3.55935148e+00
  2.17237588e+00  2.07634938e+00  5.34725814e+00  1.85921321e+00
  6.26931088e+00  2.14871611e+00  5.95990644e+00  2.90636184e+00
 -1.89512731e-03  2.80742013e-01  5.46016732e+00  6.10820704e+00
  1.43824443e+00  1.44577658e+00  4.69500000e+00 -1.21258713e+00
  8.18100847e-01  1.30562753e+00  1.85215316e+00  1.19341622e+00] 5.257559197663496e-05 True
warning: basinhopping: local minimization failure
basinhopping step 4: f 3.12102e-05 trial_f 3.12102e-05 accepted 1  lowest_f 1.96811e-05
[ 6.02633873  5.23498015  2.67955533  0.24171776  6.01939473 -0.23925746
  1.40736009  2.47859357  3.36080939  2.41905016  3.01395956  5.12529085
 -0.59365964 -0.92562698  1.54565014  3.63629975  4.99057363  2.42525101
  2.92798881  3.14588874  2.41488837  2.30942556  5.11299205  1.4118438
  5.52819113  1.3878089   4.91237288  0.71086823 -1.08690589  0.91974485
  5.09240992  5.95523335  1.5402084   0.96965786  4.59821062  0.2692785
 -0.0511141   0.36476923  2.62130895  1.20545908] 3.121017747761694e-05 True
warning: basinhopping: local minimization failure
basinhopping step 5: f 2.79335e-05 trial_f 2.79335e-05 accepted 1  lowest_f 1.96811e-05
[ 5.8445174   5.55885233  2.23376039  0.23311836  5.6900553  -0.79033214
  0.0729231   0.62687735  3.26018489  3.09597203  3.41528111  5.54613517
 -0.1740395  -2.27567604 -0.96489715  3.51319758  6.11959867  3.31303498
  3.83830315  4.2557413   2.99082848  2.43900679  5.41552837  1.61493055
  5.18063672  2.38868997  6.62835093  1.37576617  1.49866601  2.23715253
  5.35336113  5.29465054  2.27938736  0.82612173  4.20320952 -0.62296653
 -1.07152287 -0.51467618  1.7373106   1.16130137] 2.793345706331248e-05 True
warning: basinhopping: local minimization failure
basinhopping step 6: f 2.56262e-05 trial_f 2.56262e-05 accepted 1  lowest_f 1.96811e-05
[ 5.98457895  5.39886304  2.89140598  0.18249938  6.08574674 -0.09596522
  0.31503245  1.04231822  3.93224497  3.28875292  3.35173876  6.09552125
 -0.21846405 -0.91058995 -0.26258532  3.92565256  6.08102391  3.72817321
  3.47151342  4.88091151  2.86665309  3.23688694  4.98764615  1.80602457
  5.14874984  1.96650582  5.88714868  1.27077405  1.28397398  1.77293211
  5.2303582   5.71696858  2.49399243  0.35590409  3.87664974 -0.67050532
 -0.85335237 -1.03805633  1.69550675  0.41176759] 2.562618736515799e-05 True
warning: basinhopping: local minimization failure
basinhopping step 7: f 3.37408e-05 trial_f 3.37408e-05 accepted 1  lowest_f 1.96811e-05
[ 6.0980953   5.42564269  3.2754308   0.57039488  5.83539875 -0.20002733
 -0.10880954  0.0871355   3.22931355  2.45355565  2.17160339  5.10272045
 -0.49353367 -0.52008499 -0.41206639  3.8400381   6.60272593  3.67971562
  3.55147114  5.64290909  2.36599051  4.06225189  5.44957333  2.53622357
  5.28899631  1.32387902  4.89972449  0.92213083  1.14542603  1.30048711
  4.63978792  4.20439038  0.82886385 -0.89350949  2.32352122 -0.82899663
 -0.37513412 -0.45044208  2.5944799   1.6864122 ] 3.3740765009475525e-05 True
warning: basinhopping: local minimization failure
basinhopping step 8: f 7.82956e-05 trial_f 7.82956e-05 accepted 1  lowest_f 1.96811e-05
[ 5.33792692  5.67254119  4.07768307 -1.038451    5.18685874 -0.03448009
 -0.54191318 -0.2550392   3.16564125  2.41630824  2.55290772  4.47759018
 -0.7737396  -0.57725348 -0.21661511  4.32171761  6.6502996   3.58939663
  3.55532857  5.6401796   3.81849382  5.42286912  5.70289264  2.98436627
  5.9965344   1.55046148  5.01336013  0.93353461  1.49949361  2.21362345
  4.41775356  3.96650425 -0.82789234 -0.94586936  1.45995742 -1.16535547
 -0.43544249 -1.3285734   1.35578109  1.14264762] 7.829560514375857e-05 True
warning: basinhopping: local minimization failure
basinhopping step 9: f 0.000168453 trial_f 0.000168453 accepted 1  lowest_f 1.96811e-05
[ 5.168982    6.23771996  5.03535502 -0.4236751   5.35199325  0.26977297
 -0.12834282 -0.18518096  2.61511894  1.72809851  1.9224667   4.80010103
 -0.93018842 -2.3265893  -1.91942162  2.34322561  5.23499718  3.36541381
  2.77790534  5.17864061  3.02251484  5.03542217  5.11111915  3.11414809
  5.4594285   0.1958722   3.87467806 -0.17697714  0.35994007  1.05162251
  3.68752568  3.19634913 -0.37299565  0.23761256  1.33655859 -0.13935291
  0.42184268  1.8059834   2.92844531  1.72509427] 0.00016845293601778057 True
warning: basinhopping: local minimization failure
basinhopping step 10: f 5.95757e-05 trial_f 5.95757e-05 accepted 1  lowest_f 1.96811e-05
[ 5.2576715   5.25116958  2.88916099 -0.6887575   5.75034598  0.40353618
 -0.17911301 -1.15170621  2.89431236  2.30328579  1.61663896  4.38850194
 -0.69967895 -0.45174586 -0.12080442  2.41378259  5.88330437  3.41248092
  2.60953525  4.83691343  1.93923112  4.16370741  4.84714516  2.10097691
  5.17898278 -0.25441077  3.42882257  0.27447667  0.41268017  1.36633341
  4.15283169  3.4015904  -0.65039941 -0.01575145  0.90744777 -0.0825655
  0.41235136  2.58924297  3.95976451  0.65381837] 5.957570402083808e-05 True
warning: basinhopping: local minimization failure
basinhopping step 11: f 1.61044e-05 trial_f 1.61044e-05 accepted 1  lowest_f 1.61044e-05
found new global minimum on step 11 with function value 1.61044e-05
[ 4.70850448e+00  5.93342187e+00  2.99968340e+00 -1.80794799e-01
  6.02882742e+00  7.96499314e-01  4.49454889e-03 -8.40253821e-01
  2.88978894e+00  2.40180992e+00  2.30847129e+00  4.56501271e+00
 -1.61826208e-01 -7.26769987e-01 -1.06553868e-01  1.74830345e+00
  5.46199655e+00  3.27971946e+00  2.68284951e+00  4.52281111e+00
  1.81119133e+00  3.99450247e+00  4.76702491e+00  2.02696744e+00
  5.53323608e+00  1.70979963e-01  3.28299407e+00 -2.06609446e-01
  3.50858745e-01  1.33060794e+00  4.08398882e+00  2.86163136e+00
  1.01001883e-01  1.56756418e-01  8.40587908e-01  3.15359964e-01
  2.69783305e-01  2.82461765e+00  4.11595361e+00  1.08411983e+00] 1.6104367284868464e-05 True
warning: basinhopping: local minimization failure
basinhopping step 12: f 1.70129e-05 trial_f 1.70129e-05 accepted 1  lowest_f 1.61044e-05
[ 5.60714978  6.25349474  3.2197544  -0.32749577  5.39295534  0.44646505
  0.2086943  -0.19280974  2.01977653  1.84818267  3.24858181  5.08003008
 -0.08331122  0.08755647  0.40478851  0.92613102  5.27968458  3.79498149
  3.46291513  4.402151    1.82974891  4.00259509  4.2507575   1.91191676
  4.82143026  0.47558335  3.42979842  0.42241778  1.27178572  0.99166055
  4.12638007  2.66636083 -0.16287233  0.29379603  0.85341153 -0.02101823
  0.02115316  3.50976788  4.56529876  1.1057473 ] 1.7012923326077392e-05 True
warning: basinhopping: local minimization failure
basinhopping step 13: f 8.45681e-06 trial_f 8.45681e-06 accepted 1  lowest_f 8.45681e-06
found new global minimum on step 13 with function value 8.45681e-06
[ 5.4826324   5.47652821  3.44839161  0.30248643  5.97560618 -0.08083757
 -0.30391854  0.14470797  2.560629    1.45618987  2.72710136  4.94442616
 -0.43557442  0.12496369  0.59223723  0.44702336  4.67900355  4.00684599
  3.53102457  4.29861825  1.32447019  3.87408904  4.4308232   2.00422659
  5.02059773  0.78121382  3.3627644   0.65798512  0.49881254  1.45449636
  3.79853376  2.36051779 -0.37294503 -0.13775917  0.44659654  0.4622567
  0.16123094  3.0909227   4.27315156  1.17862394] 8.456814428838722e-06 True
warning: basinhopping: local minimization failure
basinhopping step 14: f 5.65575e-05 trial_f 5.65575e-05 accepted 1  lowest_f 8.45681e-06
[ 5.13087334  5.75767183  2.36489811 -0.06163178  6.02429432  0.73496494
  0.15034449  0.07862403  2.43912341  1.146938    3.18331902  5.15676652
 -0.56662762 -0.21105998  0.69763701  0.17187517  4.75940425  3.77225243
  3.57871814  4.58542123  1.21884917  3.8510496   4.73370222  2.21514269
  4.69120309  0.65375071  3.71377538  0.41864325 -0.25996792  0.78801662
  2.90608684  2.33985723 -0.03100427  0.5220203   0.1927949   1.04750325
  0.93057892  2.84165979  4.1331277   0.83098209] 5.655748077775133e-05 True
warning: basinhopping: local minimization failure
basinhopping step 15: f 1.75468e-05 trial_f 1.75468e-05 accepted 1  lowest_f 8.45681e-06
[ 4.74894355  5.39344889  2.03551995  0.03711325  5.59122142  0.14057298
 -0.17255124  0.70539746  1.99602107  0.99106567  3.81513177  6.09598749
 -0.1557852   0.10724317  0.55110859  0.43938843  4.53600578  2.89562229
  3.07892114  4.18150368  0.86831228  3.5540269   4.54960112  2.19784523
  4.80653893  0.91109672  4.18765848  0.30724459  0.54018122  0.38279326
  1.82375473  2.49314302  0.84894141  1.09505126  0.60064187  1.93376638
  0.77255961  3.74555186  4.61351028  1.26193847] 1.7546835987971913e-05 True
warning: basinhopping: local minimization failure
basinhopping step 16: f 2.2607e-05 trial_f 2.2607e-05 accepted 1  lowest_f 8.45681e-06
[ 5.05477844  4.94351556  1.20080123 -0.689969    5.39062377  0.13730843
 -0.12627516  0.70434705  2.45072749  0.32357253  3.1020516   5.83384347
  0.34084234 -0.17049223 -0.12296388  0.41426875  4.29152903  3.62866074
  2.40872636  4.00241151  0.57470537  4.5385765   4.29949673  1.64445914
  4.67208623  0.16154768  3.65301236 -0.33209118  0.33779662  0.01723646
  1.06982319  3.00394674  0.43658202  0.96985638  0.13153422  1.49625723
  1.25920109  3.53647148  5.38477989  0.88709972] 2.260696481266008e-05 True
warning: basinhopping: local minimization failure
basinhopping step 17: f 2.58763e-05 trial_f 2.58763e-05 accepted 1  lowest_f 8.45681e-06
[ 4.14652261  5.23220104  0.73482035 -0.97619765  5.20027985 -0.45283305
 -0.54220827  0.34516902  0.96243418  0.05359687  2.18845796  5.00793765
  0.08064769 -0.05481062 -0.01190907  0.98503301  3.72735955  3.09975194
  2.42288175  3.17295515  0.51408176  4.22015817  3.97674896  1.82607119
  4.73592312  0.57832482  3.78907559  0.14989281  0.64948862  0.97607909
  1.33654155  3.98942744  0.23073091  1.48533096  0.81330403  1.873281
  1.1294923   3.80942992  5.15757842  0.63981695] 2.587630714161388e-05 True
warning: basinhopping: local minimization failure
basinhopping step 18: f 2.03643e-05 trial_f 2.03643e-05 accepted 1  lowest_f 8.45681e-06
[ 4.60544924  5.34222774 -0.51106466 -0.64802426  3.72109031 -0.97782789
 -0.77053281  0.01323588  1.05139438  0.60639695  1.88753083  6.02434641
  0.05348865  0.67954906  0.28161127  1.5674769   3.73738043  3.16709713
  2.85448611  3.11107599  0.17109544  3.48371296  3.67572511  1.64219469
  4.1615912   1.07339438  4.18131838  0.20842365  0.90145699  1.74511175
  0.62962357  3.11348483  0.01586404  2.70952474  0.93776721  1.58548392
  0.70144505  3.08917293  4.53030909  1.15539247] 2.0364265105474096e-05 True
warning: basinhopping: local minimization failure
basinhopping step 19: f 3.52745e-05 trial_f 3.52745e-05 accepted 1  lowest_f 8.45681e-06
[ 4.30304077e+00  4.69912470e+00 -8.49310937e-01 -4.67272813e-01
  2.89838442e+00 -5.98901103e-01 -7.59451107e-01 -1.26799964e+00
  3.60361748e-03  2.53335852e-01  1.24905134e+00  6.24603828e+00
  2.89251684e-01  3.49219572e-01  8.06112982e-02  1.42686652e+00
  3.83361996e+00  3.10640266e+00  3.30303248e+00  3.13798704e+00
  2.49477737e-01  3.06962327e+00  3.80724536e+00  1.90308385e+00
  4.19059460e+00  1.55037738e+00  4.58563646e+00  3.41631441e-01
  1.23373535e+00  2.65240268e+00  9.04076856e-01  3.38329821e+00
  1.19541772e+00  2.90370584e+00  6.41518889e-01  1.65565494e+00
  1.42217210e+00  3.44539174e+00  3.90443991e+00  2.33059254e-01] 3.527451067878109e-05 True
warning: basinhopping: local minimization failure
basinhopping step 20: f 3.55382e-05 trial_f 3.55382e-05 accepted 1  lowest_f 8.45681e-06
[ 3.19392519  3.56834761 -0.51916195 -0.94226261  1.94499948 -0.17013267
  0.55671578 -0.22396228  0.58599653  0.24101549  0.73719251  6.20547151
  0.40845419  1.07109845  0.63369082  0.69499223  3.33270587  2.18051766
  2.97430855  2.42207583  0.25511246  2.96172522  3.13481862  1.1034557
  3.14741141  1.43918421  4.16822948 -0.03405984  1.0910824   2.32844388
  1.30262439  3.6143576   0.66167531  1.79967902  1.17277723  2.04788287
  1.14374931  2.55884865  3.89387293  1.88947217] 3.5538197766638926e-05 True
warning: basinhopping: local minimization failure
basinhopping step 21: f 3.2741e-05 trial_f 3.2741e-05 accepted 1  lowest_f 8.45681e-06
[ 2.48636082  3.09991475  0.49795892 -0.20866463  0.65316213  0.44098138
 -0.19569466  0.12356214  0.35943597  0.30351574  0.20629994  5.54729488
 -0.186264    0.51709706  1.00003589  1.38307722  3.96392825  2.14135049
  3.57549005  2.28831839  0.77283176  2.90302605  3.68562727  1.26658045
  3.42315239  2.21793534  4.40775685  0.49485672  1.63441621  3.56575246
  1.5901132   3.68932918  0.11763023  1.17940256  1.35515099  2.32525617
  2.02751489  1.82460657  3.4556653   2.24285363] 3.2740995038686485e-05 True
warning: basinhopping: local minimization failure
basinhopping step 22: f 9.07615e-06 trial_f 9.07615e-06 accepted 1  lowest_f 8.45681e-06
[ 2.07105124  2.37386757  0.08778912  0.07583891  0.59723759  0.68911325
 -0.25699783 -0.05058533  0.45507083  1.5869264   0.78911831  4.7433721
  0.48901873  0.76044327  1.62764339  1.26946567  3.98269691  1.62664162
  4.1960916   1.86098809  1.24625508  3.18387685  3.88171508  1.277791
  3.65729601  2.06852419  4.157292    1.16520865  1.77684235  3.59933986
  1.96557739  3.72466446  0.30982305  0.74274028  1.62424009  2.26693654
  2.40936115  1.50232024  2.46680271  1.64532603] 9.076150589790653e-06 True
warning: basinhopping: local minimization failure
basinhopping step 23: f 6.82477e-06 trial_f 6.82477e-06 accepted 1  lowest_f 6.82477e-06
found new global minimum on step 23 with function value 6.82477e-06
[ 1.66722016  2.46818048 -0.17826872 -0.08948418  0.09977357  0.45623119
 -0.62190135 -0.25265937  0.51815728  0.97331534  0.10177986  4.04440675
 -0.03571465  0.27072522  1.33765397  0.99931663  4.25616998  1.28971051
  4.68642901  1.62753193  1.50485902  3.34181811  3.54518489  0.95857131
  3.29702329  1.30589273  3.63596548  1.63592959  1.69920986  3.99185777
  3.15193448  3.95434238  0.51975251  0.43610567  1.36422376  2.94569131
  2.41865105  0.7819271   2.54500798  2.44752352] 6.824773589073869e-06 True
warning: basinhopping: local minimization failure
basinhopping step 24: f 1.67377e-05 trial_f 1.67377e-05 accepted 1  lowest_f 6.82477e-06
[ 1.32647425  1.66245349  0.60237287  0.32468485  0.32050459  1.04271125
  0.33059175  0.0125214  -0.12058605  0.46808596 -0.28810704  3.3531985
 -0.30465945 -0.47160818  0.49360835  0.49687664  4.15734886  2.04747654
  5.2886924   0.94248457  1.43673164  3.85243761  4.19724879  1.30792373
  3.29631373  1.41961216  3.60240988  1.10535364  1.17356992  4.58795112
  3.17885364  3.80423712  0.19323623  1.18862769  2.01834696  1.83335225
  2.23278063  0.14492574  1.83601372  1.89350565] 1.6737692422695376e-05 True
warning: basinhopping: local minimization failure
basinhopping step 25: f 3.24353e-05 trial_f 3.24353e-05 accepted 1  lowest_f 6.82477e-06
[ 1.48564761e+00  1.76772089e+00  1.49466854e-01  5.17631130e-01
  6.58391287e-01  1.45303926e+00  2.22055994e-01 -3.77896598e-02
  1.10773491e-01  3.05941694e-01 -3.88129536e-03  3.35069183e+00
 -4.58514083e-01 -1.70152091e-01  9.84224451e-01  4.61094586e-01
  4.23631987e+00  1.88333339e+00  5.36864400e+00  1.41326522e+00
  8.71855971e-01  3.59525017e+00  4.32714569e+00  1.57776394e+00
  3.62853388e+00  1.09414062e+00  3.11770002e+00  8.95161708e-01
  1.21844185e+00  3.85370530e+00  3.85074763e+00  4.64321026e+00
  7.06556594e-01  1.29223047e+00  2.24267461e+00  2.06229244e+00
  2.78113211e+00 -4.66498164e-01  1.40003726e+00  2.00681184e+00] 3.2435271271171776e-05 True
warning: basinhopping: local minimization failure
basinhopping step 26: f 2.54656e-05 trial_f 2.54656e-05 accepted 1  lowest_f 6.82477e-06
[ 0.91525557  2.08837494  0.7956723   0.79357271  0.37697224  1.48500822
  0.88918129 -0.16851583 -0.21356277  0.04476944 -0.67930188  2.64989358
  0.39931697  0.41739868  1.11344076  0.83705642  3.34410373  0.60124824
  4.86207696  0.82256089  1.00580988  4.36666055  4.97435762  2.51519922
  4.27680869  1.25943585  3.15639933  0.49720178  0.68867335  3.35905143
  3.8944669   4.34536342  0.60255375  1.45135324  2.34091136  2.00248928
  2.1628899  -0.48314903  1.41870077  1.88032627] 2.54656283447783e-05 True
warning: basinhopping: local minimization failure
basinhopping step 27: f 5.42697e-05 trial_f 5.42697e-05 accepted 1  lowest_f 6.82477e-06
[ 1.12207497  2.73682539  1.32510101 -0.50269051 -0.18321764  0.72110802
  1.26801583  0.04016929 -0.12217012 -0.027613   -0.63823754  3.39791169
 -0.17150905  0.63971493  1.64337956  1.18089591  4.08982884  1.1928053
  4.83320621  1.15238016  0.50928132  4.73624476  4.52033334  2.000764
  4.50344961  1.12373853  2.88242405  0.29988792  0.64332674  3.86018007
  4.47602377  4.21774087  0.14820529  1.17960188  2.0776057   1.90688346
  1.93655762  0.43644213  1.83322441  1.48157923] 5.4269696611226045e-05 True
warning: basinhopping: local minimization failure
basinhopping step 28: f 1.28078e-05 trial_f 1.28078e-05 accepted 1  lowest_f 6.82477e-06
[ 0.40797907  2.45625494  1.2725574  -0.03445504 -0.03280031 -0.44077314
  0.76505764 -0.09368146 -0.04753112  0.46822832  0.08349966  2.79732489
  0.16654452  1.10156555  2.02716067  1.17977791  4.54849611  2.03976846
  4.84656672  1.10303078  0.67193134  4.64973967  4.13897617  1.63830431
  4.66399416  0.7106669   2.99362278  0.64702416  0.59503459  3.40714857
  4.45418202  4.73112558  1.05255295  1.61705336  1.63640541  2.53465692
  1.82998011  1.10742788  0.9767367   1.02734439] 1.2807842870282172e-05 True
warning: basinhopping: local minimization failure
basinhopping step 29: f 2.11045e-05 trial_f 2.11045e-05 accepted 1  lowest_f 6.82477e-06
[-0.0072558   1.48137454  0.38180861 -0.73983439 -0.22714554 -0.49606224
  1.04845796 -0.55402028  0.07320971 -0.07568827  0.00871072  3.15017435
  1.22333769  1.23395389  2.42833707  1.91260671  4.03777883  1.55657675
  4.2979558   0.55073586  0.73618314  4.31350694  3.90640655  1.11646331
  4.48075374  0.45308914  1.90905069  0.67310554  1.43559412  3.72170897
  4.98972678  5.17107863  1.230073    1.19328335  1.47414934  2.23126381
  2.47595689  1.3945013   1.2571605   0.94345634] 2.110447053039438e-05 True
warning: basinhopping: local minimization failure
basinhopping step 30: f 3.05127e-05 trial_f 3.05127e-05 accepted 1  lowest_f 6.82477e-06
[-0.74238381  0.00778451 -0.46187291 -1.26327461  0.27640533 -0.16310287
  2.66289403  0.69359857  0.20164737  0.55309743  0.08263014  3.86001883
  1.86392706  1.9419798   1.35156255  1.66358522  3.79320382  1.0231217
  3.85192659 -0.11123929  0.85546641  4.02098992  3.34383243  0.39985199
  4.51306955  0.69536742  1.91267846  0.82375623  1.175075    3.63142945
  5.38333554  6.36748842  0.84655717  0.67117259  1.4488005   1.7705251
  1.74020533  0.88391843  2.18967622  0.00831255] 3.0512674782124493e-05 True
warning: basinhopping: local minimization failure
basinhopping step 31: f 4.96196e-05 trial_f 4.96196e-05 accepted 1  lowest_f 6.82477e-06
[-0.84461584 -0.32150869 -0.51096737 -0.83434071 -0.17638537  0.63278379
  2.88051306  0.56256724  1.09088391  0.12542841  0.12171467  3.94979601
  1.76679913  2.01480161  1.86747257  1.05893603  4.14584351  0.80041199
  3.46531239 -0.19546911  0.81712593  2.80654688  2.23838194 -0.06245119
  4.1630735   0.27554205  1.24711411  0.45432333  0.83065556  3.96541135
  5.52137198  6.38986049  1.47179785  0.69661062  0.97104432  1.51688787
  1.16744     0.90157668  2.83015207  0.94760481] 4.961958770190784e-05 True
warning: basinhopping: local minimization failure
basinhopping step 32: f 5.95105e-05 trial_f 5.95105e-05 accepted 1  lowest_f 6.82477e-06
[-8.09090830e-01 -4.52210754e-01 -1.33881704e-01 -5.77902425e-01
 -4.56786431e-01  1.46959651e-01  2.86696959e+00  8.72090505e-01
  7.21927723e-01 -1.43228488e-01 -1.69546075e-01  3.62884267e+00
  1.56595628e+00  1.93462290e+00  1.50951076e+00  1.40838694e+00
  4.44120190e+00  9.90410480e-01  3.82192936e+00  1.07135858e-03
  4.21548609e-01  2.55499981e+00  2.85789964e+00  4.98431041e-01
  4.88586006e+00  8.13514032e-01  1.05685567e+00 -1.56670471e-02
  9.50231026e-01  4.19146634e+00  6.30158149e+00  6.15658533e+00
  1.21603598e+00  3.03742467e-01  7.00576579e-01  1.45393942e+00
  1.32188706e+00  1.51618896e+00  3.43468539e+00  7.11760298e-01] 5.951048754718026e-05 True
warning: basinhopping: local minimization failure
basinhopping step 33: f 4.29363e-05 trial_f 4.29363e-05 accepted 1  lowest_f 6.82477e-06
[-0.22102715 -0.19564234  0.03197872 -0.31471306 -0.36278051  0.8530395
  2.90261752  0.64125469  0.44717824 -0.07840235 -0.10218904  3.30139037
  1.51584548  1.10371057  1.63875843  1.71803176  4.33086504  1.71143963
  4.15682394  0.34551336  1.15233658  2.88527506  2.45070273  0.77636295
  4.4511067   0.96476614  0.79487795  0.38920368  0.5745668   4.72917672
  6.22880166  5.7856946   1.14329972 -0.24097366  0.37836914  1.26912806
  1.38956632  1.52479716  2.77055587  0.27701944] 4.2936255268293405e-05 True
warning: basinhopping: local minimization failure
basinhopping step 34: f 1.814e-05 trial_f 1.814e-05 accepted 1  lowest_f 6.82477e-06
[-1.12206628 -0.66079094 -0.22577916 -0.13393459  0.14785526  1.43071663
  3.64235862  0.28123998  0.16231155 -0.04750059 -0.16266576  3.25367685
  1.1351773   0.48210333  1.72246268  1.13374179  3.70243925  1.53570598
  4.71972767  0.89449089  1.99240567  3.48169806  3.51036241  0.54799072
  4.52866922  1.31010641  1.1307993   1.40888244  0.82032819  4.06842312
  5.9810548   5.77736583  0.37635552  0.11118828 -0.43006184  0.980308
  1.6760937   1.40011801  2.842377    0.16588765] 1.8140024962878704e-05 True
warning: basinhopping: local minimization failure
basinhopping step 35: f 1.77093e-05 trial_f 1.77093e-05 accepted 1  lowest_f 6.82477e-06
[-0.92153339 -1.11381271 -0.17237881 -0.19044498  0.35966957  0.85294794
  2.72979836  0.17487558  0.92383336 -0.02106928  0.00759566  1.26583777
 -0.97811829 -0.20172057  1.10901762  0.60219154  2.35682259  1.16498655
  4.14443245  0.56551081  1.76891656  3.41136529  3.74181172  0.81656905
  4.35397776  2.31214766  1.72419547  1.14019187  0.69248106  3.78441776
  6.10150146  6.74330792  1.02639709  0.5235933   0.75655475  1.3755294
  2.05366357  1.61248195  1.87608942  0.69267074] 1.770926796346411e-05 True
warning: basinhopping: local minimization failure
basinhopping step 36: f 3.21853e-05 trial_f 3.21853e-05 accepted 1  lowest_f 6.82477e-06
[-1.21514419 -0.31326646 -0.37948796  0.29934099  0.43915154  1.07308928
  3.39680951 -0.20033691  0.4096119   0.09721222  1.01714344  1.37521709
  0.65536394 -0.31818852  0.04151102 -1.59433345  0.7107699   0.51112918
  4.41702451 -0.07789488  2.72255727  3.20350123  3.38842443  0.82303097
  4.14518666  1.40234656  1.26554252  1.20239028  0.04200885  2.74707802
  3.75114908  4.93233765  0.24663524  1.07756263  0.60526737  1.75388567
  2.08491043  2.20587814  1.28655395 -0.76073175] 3.2185287888971896e-05 True
warning: basinhopping: local minimization failure
basinhopping step 37: f 7.52788e-06 trial_f 7.52788e-06 accepted 1  lowest_f 6.82477e-06
[-1.46120883 -0.36259009 -0.52066     0.01068982  0.02770643  0.30757046
  3.19806183 -0.14706985 -0.43457831 -0.38035882  0.37503119  0.71887123
 -0.4931911  -0.40299906  0.51432626 -0.91727344  0.37854878  0.54162111
  4.03261887  0.0127166   2.91083156  3.65875823  4.1476766   0.69115423
  3.61642137  1.86650903  1.52578422  1.65305136  0.87238949  3.06729299
  3.85318149  5.02058957  0.07033693  1.22342314  1.25478105  2.10050565
  2.59847284  2.40579762  1.55121997  0.15511917] 7.527878019257008e-06 True
warning: basinhopping: local minimization failure
basinhopping step 38: f 5.80218e-06 trial_f 5.80218e-06 accepted 1  lowest_f 5.80218e-06
found new global minimum on step 38 with function value 5.80218e-06
[-1.46336868 -0.4540312  -0.72805732 -0.08017685  0.31370092  0.85612477
  3.27058143 -0.73146991 -0.49664     0.21206918  0.17813093 -0.05619829
  0.48296846 -0.24270629 -0.23022265 -1.5908618  -0.31437538 -0.16484564
  3.72028273  0.21051812  3.41064305  3.75443918  3.82918322  1.11597463
  3.47961007  1.57712394  0.98379187  2.12537266  0.90006971  3.28811543
  3.66604482  5.36281826  0.21066656  1.31552144  0.53164734  1.68270271
  2.14541907  2.09424488  1.59633739 -0.43135833] 5.802184246790397e-06 True
warning: basinhopping: local minimization failure
basinhopping step 39: f 6.37641e-06 trial_f 6.37641e-06 accepted 1  lowest_f 5.80218e-06
[-0.64018065 -0.56131658 -0.13717499 -0.05003981  0.63391752  1.30546198
  3.6959012  -0.57914809  0.03662265 -0.19098558 -0.6222702  -0.05942361
 -0.29813451  0.15057942  0.6170148  -0.76315609  0.49169045  0.03576327
  3.38671546  0.67307316  2.94471824  4.04738916  3.91903022  0.42542607
  3.89236118  1.59611802  1.77215981  2.6332808   1.65134752  3.66618015
  4.25802485  4.82700213  0.35852995  0.82186047  1.21320148  2.19418699
  2.88062611  2.11539167  2.03555985  0.06934614] 6.376406194059361e-06 True
warning: basinhopping: local minimization failure
basinhopping step 40: f 1.02271e-05 trial_f 1.02271e-05 accepted 1  lowest_f 5.80218e-06
[-0.66315108 -0.63024737 -0.32605136 -0.62850723  0.66000312  0.67738697
  3.50185859 -0.36047575 -0.05621186 -0.29732948 -0.62337095  0.14345801
 -0.33463802  0.22690215  0.51874787 -0.1759805   0.0816472   0.47446232
  4.10624589  0.65436643  3.27490338  3.93112248  4.86881744  0.70809503
  4.42730768  1.56939462  1.79610641  3.20376731  2.30844012  3.30461343
  4.45826534  5.0877909   1.06560652  0.50697011  1.95484308  1.92880162
  3.68961548  2.541356    2.49212298  0.21777793] 1.0227092175924885e-05 True
warning: basinhopping: local minimization failure
basinhopping step 41: f 6.43978e-06 trial_f 6.43978e-06 accepted 1  lowest_f 5.80218e-06
[-0.91450797 -0.44980759 -0.09252439 -0.24886208  0.89025704  0.46521183
  2.98075899 -0.42528586 -0.022072    0.09597743 -0.35647587 -0.156608
 -0.08377007  0.71477158  0.32894143  0.14492478  0.24235426  0.82706759
  4.10664526  0.82635115  3.12244183  3.88662417  5.03878442  1.05049394
  4.72290273  1.39761031  2.10815646  3.10411478  2.81797459  3.32934047
  4.79211813  4.73181053  1.50773136  0.11300691  1.39514956  1.63715824
  3.28072978  2.29507656  2.59575428  0.42239179] 6.439777461317224e-06 True
warning: basinhopping: local minimization failure
basinhopping step 42: f 2.00594e-05 trial_f 2.00594e-05 accepted 1  lowest_f 5.80218e-06
[-0.1966983   0.16849913  0.33666996 -0.08132023  0.96213987  0.42906142
  2.66728025 -0.01722654  0.28010402  0.27997271  0.29802395  1.15909805
  0.39914006  1.35175792  0.88443194 -0.06732567 -0.10086715  0.36061171
  4.05218205  0.58712608  2.89419695  4.16651885  5.92281069  0.66668845
  4.12846195  0.91511873  2.07169913  2.95940978  1.98314238  2.41344764
  5.05965961  5.38818655  1.52848897  0.11596349  1.00771907  0.96190168
  2.16065569  1.18597584  1.9480315   1.51353386] 2.0059402421426757e-05 True
warning: basinhopping: local minimization failure
basinhopping step 43: f 9.83472e-06 trial_f 9.83472e-06 accepted 1  lowest_f 5.80218e-06
[-1.00695996  0.00983847 -0.16257828 -0.1374729   0.7428733  -0.44511323
  2.27550041 -0.36748913 -0.29980556 -0.88789459 -0.1469699   0.47652801
  0.39552475  1.06887681  1.15394901  1.15068727  0.99731672  0.50913605
  4.21293336  0.97851742  3.55263166  5.02704256  5.93003652  0.77309745
  4.71340133  1.35962263  3.36372495  2.82072989  3.10392522  2.87644591
  5.74788082  4.17992557  1.97428732  0.13412202  0.55695099 -0.01038858
  1.23517378  0.21529677  1.1758966   0.6647583 ] 9.834724060114304e-06 True
warning: basinhopping: local minimization failure
basinhopping step 44: f 2.15014e-05 trial_f 2.15014e-05 accepted 1  lowest_f 5.80218e-06
[-1.53426597 -0.57151551 -0.84553244 -0.35823126  0.21789571 -0.55098441
  2.07500509  0.19259978  0.21194798 -0.25800044  0.84159143  0.40743004
  0.29040615  1.53132455  1.89079615  1.11077467  0.98297476  0.36581033
  2.83823494  1.11716313  2.89464148  4.05650989  6.36365741  0.99232786
  5.83451853  0.95609989  2.73205518  3.1469291   3.50316303  2.71028555
  6.03783498  4.26145531  2.18425619  0.51369027  1.2239533   0.41786581
  1.29006458  1.07055769  0.76019813  0.84175128] 2.1501358491841633e-05 True
warning: basinhopping: local minimization failure
basinhopping step 45: f 1.15484e-05 trial_f 1.15484e-05 accepted 1  lowest_f 5.80218e-06
[-1.13561489 -0.31351409 -0.32715312 -0.73609015  0.22443186 -0.49406195
  0.21799723 -0.60135077 -0.92382568 -0.65781165  0.28396748  0.38257313
  0.00856337  0.5696869   1.58885112  1.03740106  1.49165022  1.57017655
  3.67489494  1.09814594  3.38104345  5.47666491  6.33178775  0.64387593
  4.47767796  0.38642926  2.41374845  3.54518131  3.8638467   2.2518204
  5.29801718  3.96279732  2.7709181   0.72087471  1.00839688  0.19255655
  0.48248606  0.14157771  0.55202776 -0.66959539] 1.1548434391561001e-05 True
warning: basinhopping: local minimization failure
basinhopping step 46: f 1.29502e-05 trial_f 1.29502e-05 accepted 1  lowest_f 5.80218e-06
[-2.11639498 -0.99750154 -0.7412197  -0.41000599 -0.14586007 -0.47859205
  0.26382532  0.03733234 -0.32972927  0.22301737  0.43284915  0.7551025
  0.28680125 -0.21416398  1.12160316  1.3446889   1.77395983  1.70375351
  3.54326944  1.4797541   4.0874971   6.23987801  6.85025653  0.56372741
  3.97403725  1.06546029  2.23032636  3.91738736  3.64609082  2.11300722
  5.24508007  3.93203145  3.31929525  0.50536633  1.19660142  0.06333875
  0.33305348 -0.41924528 -0.31782259 -1.35013295] 1.2950227492540811e-05 True
warning: basinhopping: local minimization failure
basinhopping step 47: f 3.55976e-05 trial_f 3.55976e-05 accepted 1  lowest_f 5.80218e-06
[-9.13232514e-01 -1.38002701e+00 -5.50675422e-01  2.37401016e-01
 -1.49518048e-01 -1.85970449e-01  9.38871091e-01 -4.03195033e-02
 -1.75658806e-03  2.33509619e-02  5.60199069e-01  5.36038861e-01
  6.67553289e-01  7.24479486e-03  1.57297386e+00  7.98503972e-01
  2.01803542e+00  2.13261509e+00  3.57893567e+00  1.26898474e+00
  3.76747738e+00  5.25778115e+00  6.84916470e+00  6.49267576e-01
  4.87723724e+00  1.31333901e+00  1.76106324e+00  3.81125134e+00
  3.43800067e+00  2.04011907e+00  5.98108796e+00  4.43149561e+00
  3.38987076e+00  6.60122452e-01  9.34883295e-01  5.95976851e-01
  1.23812238e+00  2.81745065e-01 -4.18549883e-01 -3.68648191e-01] 3.559764544604062e-05 True
warning: basinhopping: local minimization failure
basinhopping step 48: f 2.28432e-05 trial_f 2.28432e-05 accepted 1  lowest_f 5.80218e-06
[-0.67657506 -0.32897566 -0.58018612 -0.43684943 -0.37603085  0.08094021
  1.40125873  1.03123737  0.58998955  0.32470239  0.52497661  0.19829198
  0.40264761 -0.26373403  0.53710317 -1.15783533  0.37220509  1.67653414
  3.90061227  1.15841551  3.53351658  4.42541924  5.7504096   0.79620812
  4.9177997   1.55180432  2.32951605  4.63232585  4.15779672  2.57689689
  5.53333436  4.08618781  3.60290348  0.80840262  0.67003388  0.41491094
  1.32131886  0.59264136  0.17032536 -0.23867206] 2.284318310793818e-05 True
warning: basinhopping: local minimization failure
basinhopping step 49: f 4.2681e-06 trial_f 4.2681e-06 accepted 1  lowest_f 4.2681e-06
found new global minimum on step 49 with function value 4.2681e-06
[-1.23024    -0.65321824 -0.75464328 -0.22633439 -0.32845511  0.15440764
  1.34229022  0.39185118  0.96690874  0.3555896   1.07867858  0.35652583
  1.01041898 -0.28390563 -0.20284058 -0.9270875   0.18942191  0.90833267
  3.13276512  0.36148208  3.47927877  4.39411537  6.24447431  1.01711132
  5.31637427  1.56075971  2.48018761  4.57486085  3.75023598  1.65330613
  6.60698637  4.51527515  3.56956398  1.02304781  0.94227944  1.25544828
  1.83235087  1.03660371  0.74469585  0.66369837] 4.2680974358223605e-06 True
adaptive stepsize: acceptance rate 0.980000 target 0.500000 new stepsize 0.555556 old stepsize 0.5
warning: basinhopping: local minimization failure
basinhopping step 50: f 2.07169e-05 trial_f 2.07169e-05 accepted 1  lowest_f 4.2681e-06
[-1.37708342 -0.58556264 -0.32563011  0.01944264 -0.17346563  0.16896587
  0.88625429  0.77216119  1.56570912  0.57429428  1.53832122  0.47488725
  1.20795622 -0.21351541  0.18481414 -0.53693307  0.64238382  0.99707393
  3.5458854   0.93959439  3.18597045  4.35336119  5.99151045  1.47157565
  4.28859483  2.03055389  2.48406048  4.45602142  4.29816703  1.6880775
  6.65543032  4.64570187  3.45945004  1.39613171  1.11631839  1.53966758
  2.46277935  1.50270725  0.8966253   0.54684136] 2.071688354895387e-05 True
warning: basinhopping: local minimization failure
basinhopping step 51: f 1.83037e-05 trial_f 1.83037e-05 accepted 1  lowest_f 4.2681e-06
[-1.1358439  -0.32144149 -0.3257296   0.18770986  0.01783257  0.67145934
  1.00570155  0.85050087  1.31326297  1.09585728  1.72611318  0.35815054
  1.38923974 -0.07241891  0.00706635  0.0347251   0.76872987  1.06596828
  4.00988774  1.2180923   3.2360241   4.56319531  5.44255137  1.7216307
  4.58647656  1.52784686  2.91229297  4.61239414  4.37768543  1.37054268
  6.52402348  4.27567916  2.71566909  1.66817004  0.73056125  1.84356882
  2.20985142  1.46292334  0.83657506  0.10440663] 1.830367616486922e-05 True
warning: basinhopping: local minimization failure
basinhopping step 52: f 1.51564e-05 trial_f 1.51564e-05 accepted 1  lowest_f 4.2681e-06
[-0.52120727  0.55036079  0.430309    0.22193268  0.2899967   0.71576705
 -0.18438095  1.12767356  1.70376267  1.19924203  1.45067469  0.32364186
  0.98538348  0.62582298  0.51901516  0.47150482  0.4152891   0.82803238
  4.93105112  0.84939409  2.91637837  3.82711496  5.96019847  0.52724705
  3.11218887  1.37395049  1.36385638  5.09512762  4.72910415  0.99550475
  5.39105026  3.00289797  1.89960843  2.01666701  1.44434863  1.91912787
  2.48879771  1.8171048   0.63967743  0.72188819] 1.5156431726568116e-05 True
warning: basinhopping: local minimization failure
basinhopping step 53: f 2.70488e-05 trial_f 2.70488e-05 accepted 1  lowest_f 4.2681e-06
[-0.72948643  0.06515043 -0.54881283  0.92350066  0.55078945  0.4537803
  0.25218341  1.51693444  1.57611314  0.8758671   0.66905041  0.30779896
  1.01628734  1.44689308  0.96589301  1.15871174  0.61782213  1.19099261
  3.54906047  2.00353715  3.21935604  4.1890116   5.92075056  0.92121136
  2.81670512  0.79599014  1.35091675  4.24010765  5.11119588  1.34301108
  5.1519683   3.10637034  2.04406918  1.25177479  1.2206624   1.04108372
  2.15220631  2.10344891 -0.14810364 -0.4556989 ] 2.704878485268425e-05 True
warning: basinhopping: local minimization failure
basinhopping step 54: f 0.000116945 trial_f 0.000116945 accepted 1  lowest_f 4.2681e-06
[-0.23016604  0.35534054 -0.20517184 -0.22378759  0.21278293  1.03962137
 -0.16894616  1.71160432  0.87794105  0.41595248  0.72229529  0.1214901
  1.13236005  2.15337641  1.47800465  1.88628111  1.17552066  0.81794438
  4.29332209  3.31429146  3.63577206  4.58365954  6.28579363  1.20817789
  2.24036846  1.21325929  1.87147008  4.54754076  5.406249    0.98669011
  5.01508466  2.74091541  1.42221616  0.93064776  0.5852357   1.07543658
  3.14317661  1.60552252  0.0550529   0.47264458] 0.00011694495426458815 True
warning: basinhopping: local minimization failure
basinhopping step 55: f 6.54506e-05 trial_f 6.54506e-05 accepted 1  lowest_f 4.2681e-06
[ 0.1137874   0.41975752 -0.21156976  0.11657682  1.06093804  2.76626804
 -0.26652731  1.97834582 -0.28117787 -0.43467097 -0.56279468 -0.64003053
  0.62295898  0.92932875  0.90532784  1.68817366  0.88133778  0.99379441
  4.15983208  4.36359357  3.98287169  6.03386075  6.69870442  1.06573512
  1.46300424  0.97704659  1.66352044  4.07005968  4.71341644  0.57242007
  4.55233646  2.05271235  1.05700509  0.76629125 -0.04476232  0.75690413
  2.48046685  1.92658805  0.04252725  0.95225662] 6.545063500620783e-05 True
warning: basinhopping: local minimization failure
basinhopping step 56: f 0.00010403 trial_f 0.00010403 accepted 1  lowest_f 4.2681e-06
[ 0.80102552  0.59167051 -0.56871149 -0.55643089 -0.36109609  2.5806486
 -1.24827013  2.53056353  0.14502553 -0.67010057 -0.19866178 -1.12316287
 -0.51253167  1.20524673  2.25118749  3.03065192 -0.94729274  0.11955109
  4.24537762  4.11245914  4.28376211  6.49704245  6.86460255  1.03750946
  1.27668952  0.07436229  0.77342386  3.41927108  3.25863468 -1.86448765
  3.73403508  0.80889867  0.23806322  0.46458198  0.4772802   2.6887526
  4.10273372  0.91428643  0.7962627   1.95578102] 0.00010403032084594435 True
warning: basinhopping: local minimization failure
basinhopping step 57: f 5.19349e-05 trial_f 5.19349e-05 accepted 1  lowest_f 4.2681e-06
[ 0.13451365  0.58901571 -0.44227086 -0.40968104 -0.01232927  2.96962712
 -0.8368929   2.07195191 -0.25022281 -0.95182077 -0.67233819 -0.76468585
 -0.06740787  1.99710779  2.75236758  2.047221   -0.22317021  0.58762374
  4.47755676  4.58246596  4.15901706  5.94060815  6.46027217  0.41372152
  0.93835721  0.80241051  2.06841255  3.96976362  3.15428944 -0.61497649
  3.53493753  0.95428527  0.25930948  0.24342133  0.11609088  2.99621765
  4.44784097  1.05373233  0.51993749  1.74651184] 5.193491317498617e-05 True
warning: basinhopping: local minimization failure
basinhopping step 58: f 7.52178e-05 trial_f 7.52178e-05 accepted 1  lowest_f 4.2681e-06
[ 0.31488384  0.10356916 -0.57677728 -0.71607607  0.39948384  3.43180895
  0.52167778  3.39040061  1.17646976  0.43374347 -0.16560443 -0.5228575
 -0.55704855  1.30161003  2.17128952  2.66760912 -0.43085066 -0.86857186
  2.71056019  4.22318638  2.69047208  3.62061478  5.93291793  1.0360011
  0.64005311  1.16580615  1.13577416  3.81110284  2.63062764  0.13711788
  2.59004288  0.8891464   0.53170317  0.73938968  1.26324169  3.72144086
  5.78926289  1.22830671  1.0838504   1.79841748] 7.521780527520778e-05 True
warning: basinhopping: local minimization failure
basinhopping step 59: f 2.01802e-05 trial_f 2.01802e-05 accepted 1  lowest_f 4.2681e-06
[-4.68514339e-01 -9.06477903e-01 -1.33453373e+00 -1.46544230e+00
 -5.23896670e-01  3.33585499e+00 -2.26359236e-01  2.73939660e+00
  5.60965786e-01  6.43888740e-01  3.49567882e-02 -4.14018155e-01
 -8.54994911e-02  2.22345217e+00  2.74572196e+00  2.65385106e+00
 -8.74384657e-02  8.23278950e-02  3.24774225e+00  4.09263688e+00
  2.86356358e+00  4.17218170e+00  5.35655970e+00  1.24672800e+00
  4.11058858e-01  1.90025394e+00  4.66475735e-01  3.27387317e+00
  2.09315461e+00  7.09905762e-02  2.76805908e+00  2.20062672e+00
  4.63845740e-01 -3.67915088e-03  9.67418630e-01  3.55060575e+00
  4.73878030e+00  9.20329499e-01  1.12248720e+00  1.77495031e+00] 2.0180239984007964e-05 True
warning: basinhopping: local minimization failure
basinhopping step 60: f 7.77075e-05 trial_f 7.77075e-05 accepted 1  lowest_f 4.2681e-06
[-8.01613415e-01 -9.38778697e-01 -1.26791683e+00 -1.13221494e+00
 -6.78065473e-01  2.17578182e+00 -6.53471332e-01  1.38678768e+00
 -3.42071782e-01  5.39809203e-01  3.11927686e-01  5.93893970e-01
 -3.83373469e-01  3.18843494e+00  2.38201468e+00  2.43345027e+00
 -1.15712284e+00  2.98439977e-01  2.29769553e+00  2.72122775e+00
  1.53358685e+00  2.04321332e+00  2.76713997e+00 -2.77914851e-01
  1.77792537e+00  3.28500306e+00  3.18286547e-01  3.26575942e+00
  1.06583954e+00 -5.35903217e-01  1.46986752e+00  2.80708822e-03
  8.61627527e-03 -3.94712183e-01  6.04336202e-02  1.53604419e+00
  3.82484633e+00  9.91939667e-01  6.11837096e-01  1.74527181e+00] 7.77075380377266e-05 True
warning: basinhopping: local minimization failure
basinhopping step 61: f 1.68486e-05 trial_f 1.68486e-05 accepted 1  lowest_f 4.2681e-06
[ 0.5645969  -0.26833874  0.24883359  0.01535192 -0.47838788  2.58731677
 -0.21573438  1.52920863 -0.11255773  0.98219589  0.34532973 -0.13836303
 -0.13558006  2.4655322   1.88337498  1.85640669 -0.57819589  0.19825227
  2.27558319  2.78428326  0.78726414  1.56303108  2.80664106  0.28970763
  1.97579261  3.31186327  0.78789311  3.57674114  1.35831072 -0.48493531
  1.35806299  0.93036164  0.27906253 -0.05305466  0.63744609  1.86338604
  3.79117371  0.6165712   0.86113852  1.14876747] 1.6848631439122732e-05 True
warning: basinhopping: local minimization failure
basinhopping step 62: f 3.01271e-05 trial_f 3.01271e-05 accepted 1  lowest_f 4.2681e-06
[ 1.50618054  0.65665787  0.79438648 -0.34298564  0.60298241  3.28753613
 -0.46156254  2.57351346  0.71434935  0.17502433  0.78138547  0.05793307
 -0.59839858  1.83188222  2.75696916  1.6778501   0.11839515 -0.5358986
  1.35838151  2.35378127  0.33566636  0.03841926  2.91715099  0.13018784
  1.41791669  3.56628506  0.87577752  3.95706607  1.05186464 -0.52148112
  0.83930225 -0.19219138  0.2640871  -0.06647512  0.66784073  1.58143101
  4.22848356  0.97638983  1.53120804  1.7051162 ] 3.0127140916484944e-05 True
warning: basinhopping: local minimization failure
basinhopping step 63: f 8.41779e-06 trial_f 8.41779e-06 accepted 1  lowest_f 4.2681e-06
[ 1.18092785  0.01819636 -0.02714914  0.54895785  1.05252269  2.9141491
 -0.24996842  2.38899281  0.31964474  0.72730617  1.13589641  0.56381309
 -0.29464424  2.0060954   2.93728804  1.7342394   0.5698185  -0.41927837
  2.47844119  1.99336603  0.7272075  -1.07702908  2.59001449 -0.3664549
 -0.33398225  3.2117168   0.67621371  3.35647038  0.79918996 -0.20740013
  1.02764193  0.23388535  0.10354304  0.74270599  0.64883576  1.67572497
  3.95130222  0.68106144  1.64985069  1.84751551] 8.41778796767426e-06 True
warning: basinhopping: local minimization failure
basinhopping step 64: f 3.37823e-05 trial_f 3.37823e-05 accepted 1  lowest_f 4.2681e-06
[ 0.05900315 -0.63755792  0.37389617  0.41867246  1.70390386  3.61106335
  0.36250546  2.65685138 -0.08023484 -0.75492262  0.87334816 -0.09712393
 -0.74354512  1.88187236  2.61788756  2.03126339  0.12782728  0.18876968
  2.07928332  0.18585171 -0.26748118  0.43446201  2.31728371 -0.88223438
  0.47025733  3.12512488  0.96961123  2.6607575   1.36907688  0.56354431
  1.41130339  0.29282209  0.96969313  1.39100534  0.89302035  1.01903753
  4.10832283  0.27190822  0.4206004   2.43758218] 3.37822516340874e-05 True
warning: basinhopping: local minimization failure
basinhopping step 65: f 2.03683e-05 trial_f 2.03683e-05 accepted 1  lowest_f 4.2681e-06
[-0.49046706 -1.02241048 -0.80509291 -0.63478399  0.82122443  2.60080274
  0.59652329  2.36773034 -0.33800909  0.22737575  0.96687051  0.24535392
 -0.00822464  2.6369387   3.08076009  2.61930527  0.19017252 -0.30315051
  1.9194087  -0.35637276 -0.36212769 -0.17542758  1.92325846 -0.23082834
  0.98762094  2.92210556  0.31746959  1.44792949  1.15278011  0.70442522
  0.72929034  1.0382774   0.55387265  2.08516317  0.98559762  2.07711818
  4.3029992   0.35354943  0.48049807  2.5745802 ] 2.036828015937316e-05 True
warning: basinhopping: local minimization failure
basinhopping step 66: f 1.94592e-05 trial_f 1.94592e-05 accepted 1  lowest_f 4.2681e-06
[ 0.54990721  0.01745529 -0.00367542 -0.0756277   1.08118869  0.84379199
 -0.77536939  2.17587535  0.78042887  0.5319271   0.1168989  -0.60180184
 -0.28941446  2.74332396  2.32554123  2.20844911 -0.27674901  0.3815396
  0.9581746  -0.35205111  0.29559544  0.66813467  2.29514046  0.34595003
  0.54040616  2.42516105  0.15608119  1.03095174  1.62125618  0.91946159
  1.36867861  1.11123114 -0.48669831  1.35689527  1.1062816   1.10562752
  3.22400346  0.38620763  0.30229695  1.88464192] 1.9459213533339744e-05 True
warning: basinhopping: local minimization failure
basinhopping step 67: f 2.30632e-05 trial_f 2.30632e-05 accepted 1  lowest_f 4.2681e-06
[ 1.04150602  0.32265614  0.55642328  0.56098716  2.32524541  0.44396103
 -0.92356106  1.96451233  0.17013894 -0.1757524  -0.62863191 -0.87032148
 -0.05556906  1.75268145  1.69775671  2.17102392  0.15823316 -0.04079399
  0.66208682 -0.04226189 -0.30452359 -0.18730937  2.10415968 -0.27482379
 -0.35260251  1.9664049  -0.65904905  0.44180464  0.44998803  0.17230985
  0.86428409  0.17137916  0.51537823  1.30732201  0.74864108  0.68823752
  2.96440915  0.93506397 -0.97050991  1.43595338] 2.306324381578418e-05 True
warning: basinhopping: local minimization failure
basinhopping step 68: f 7.71412e-05 trial_f 7.71412e-05 accepted 1  lowest_f 4.2681e-06
[ 1.28125381  0.40662893  0.30098303 -0.13240009  2.30869982  0.1320619
 -0.62399269  2.37940953  0.34401713 -0.78707368 -0.69170717 -0.24362471
 -0.74262349  1.1454171   2.33465904  2.13370095  0.37155641 -0.66876248
  0.54348518  0.07111115 -0.37949787 -0.71820567  2.03243497  0.60503033
  0.31273454  2.5850373  -0.18944347  0.80335366  0.55394066 -1.31340094
  0.54747049  1.06134705  0.84427123  1.12510352 -0.37211744  0.83169157
  2.79509691  0.46926326 -1.03999612  0.81762633] 7.714124634220946e-05 True
warning: basinhopping: local minimization failure
basinhopping step 69: f 0.000133257 trial_f 0.000133257 accepted 1  lowest_f 4.2681e-06
[ 0.21198411 -0.70341817 -0.93489306 -0.12400092  2.52054864  1.85104258
  0.25086512  1.82008943 -0.57391632 -0.13364829  0.15416665 -0.60406529
 -0.19121572  0.21012322  2.32377409  1.93837712  0.56011275  0.25947385
  1.47794072 -0.5772909  -0.39839049  0.17710187  1.19383802  0.06996097
  0.06515701  2.82078812 -0.03350316 -0.47423371  0.23188836  0.62516725
  1.62980084  2.35488884  1.35122194  1.27857903  0.96858345  2.15992793
  3.61195678  0.78984983 -1.50659603  0.72910377] 0.00013325661962410108 True
warning: basinhopping: local minimization failure
basinhopping step 70: f 3.82667e-05 trial_f 3.82667e-05 accepted 1  lowest_f 4.2681e-06
[-0.0567741  -0.11126045 -1.09253113 -0.32085346  2.26750677  2.18659189
  0.97592219  1.82564876 -0.71365689 -0.4533435  -0.07199996 -0.63186925
  0.01074795 -0.1019007   2.22518618  1.56275831 -0.21015426  0.1074532
  1.96954214  0.13241314  0.21337956  0.2613261   1.82816027  0.37912814
 -0.0166545   2.69961105 -0.41981633 -0.44598594  0.3418671   1.37788547
  0.39124114  1.77036401  0.54588523  1.12585423  1.76290174  2.16001156
  4.05250426  1.06374848 -0.07432399  0.89367085] 3.826666885114521e-05 True
warning: basinhopping: local minimization failure
basinhopping step 71: f 5.53021e-05 trial_f 5.53021e-05 accepted 1  lowest_f 4.2681e-06
[-0.03560291 -0.03486855 -0.64040604  0.16709205  2.58619081  1.92833694
  0.90240795  2.09381859 -0.7513923  -0.56780586  0.32457182 -0.53713871
  0.17052426  0.16373682  2.83113682  1.07262137 -0.20731488  0.3420315
  2.42582548  0.29734874 -0.25050371  0.40032831  1.56602671  0.33377816
  0.12594826  2.35098282 -0.23947093 -0.02509604 -0.11424955  1.41628107
  0.65357887  1.71241785  1.01445399  1.03430164  2.55941758  2.11249605
  4.4004253   1.19125272  0.63883656  1.29444321] 5.5302068588698096e-05 True
warning: basinhopping: local minimization failure
basinhopping step 72: f 4.24193e-05 trial_f 4.24193e-05 accepted 1  lowest_f 4.2681e-06
[-0.18637431 -0.89710819 -0.6903132  -0.33469082  2.79509061  1.66467213
  0.14041925  0.92401533 -0.50677368 -0.92151704 -0.20028572 -0.22955686
 -0.54321943 -0.05483714  2.81069228  1.96247402  0.16445545  0.35004439
  1.93063865 -0.20049754  0.28394444  0.88948375  1.15299383  1.00982166
  0.51679847  2.23899466 -0.00581492 -0.20671932  0.02553465  1.95752997
  0.11085532  0.48820672  0.69045035  0.87856571  2.14862267  1.52687655
  3.85152142  0.93507151  1.94606085  2.29066732] 4.241933838792798e-05 True
warning: basinhopping: local minimization failure
basinhopping step 73: f 1.49817e-05 trial_f 1.49817e-05 accepted 1  lowest_f 4.2681e-06
[-0.27610062 -0.95355387 -1.26902804  0.31105279  2.28666753  0.28524614
  0.00680213  0.25573802 -0.11219657 -0.19321983 -0.41050441 -0.46221113
  0.0942114   0.35185688  1.2699588   0.2618136  -0.78433939 -0.10924959
  2.49375953  0.07608609  0.39844384  1.03552972  1.32444478  0.7275204
  0.08779544  2.26550661  0.92522613  0.16804569 -0.46044988  1.5669998
  0.72577621  0.04938119  0.77468197  0.19526256  1.62163087  1.38620379
  3.83173514  1.46818962  2.25718693  2.02449318] 1.4981712013034518e-05 True
warning: basinhopping: local minimization failure
basinhopping step 74: f 2.30367e-05 trial_f 2.30367e-05 accepted 1  lowest_f 4.2681e-06
[ 0.35617565 -0.66235376 -0.67933092  0.55537453  2.34184305 -0.1144231
  0.05480034  1.09041687  0.46496991  0.27910899  0.12849451 -0.470569
 -0.22177736 -0.0368083   0.91591557 -0.13162977 -0.18052884 -0.31776819
  2.40020481  0.6310777   0.4471346   1.33258676  1.65911542  0.90535653
  0.41373245  1.95117837  0.85961609  0.01274888  0.56550656  1.52839861
  0.69035513  0.50089916  0.69452974  1.07050501  1.75229873  1.20228279
  3.03183     1.66402951  2.24052378  2.43552949] 2.303666870163082e-05 True
warning: basinhopping: local minimization failure
basinhopping step 75: f 1.52396e-05 trial_f 1.52396e-05 accepted 1  lowest_f 4.2681e-06
[-0.65971741 -0.72262094 -0.35226333 -0.88467886  1.5219109  -0.76929775
 -0.28039782  1.21922764 -0.29445794 -0.33263381  0.6479583  -0.0628322
  0.338672    0.74801055  1.67397112  0.63529072  0.24962032  0.2766362
  2.70529497  0.29396766  0.15413799  0.92176527  1.82629207  0.94950643
  1.11954302  2.96076671  0.69618327  0.49238813 -0.0514919   1.09950344
  0.22479523  0.62304859  0.20547924  1.16042208  2.66771156  1.38580418
  2.70495065  2.14688137  2.53935421  2.53001453] 1.5239566314051273e-05 True
warning: basinhopping: local minimization failure
basinhopping step 76: f 2.95686e-05 trial_f 2.95686e-05 accepted 1  lowest_f 4.2681e-06
[-0.61578365 -0.35716548 -0.29852485 -0.50413957  1.4118331  -0.63535872
 -0.06873597  0.97514006 -0.03316867  0.25385601  0.14693501  0.86106045
  0.56141496  1.77485686  1.08823113  0.50789103 -0.23114446  0.71450952
  3.81599148  0.96062525  0.2386233   1.77701093  2.00749199  1.36123466
  0.78640733  3.88536991  0.52344497  0.38220783  0.25292763  1.17685889
 -0.0113321  -0.23653452 -0.22855581  0.6668319   2.23949077  1.16819648
  2.54059267  2.78494475  1.26159809  1.77785527] 2.9568562248111244e-05 True
warning: basinhopping: local minimization failure
basinhopping step 77: f 1.65533e-05 trial_f 1.65533e-05 accepted 1  lowest_f 4.2681e-06
[ 0.1511206  -0.83375138 -0.52911129 -0.45327617  1.72808785 -0.46146476
  0.22721338  0.36357794  0.5693624   0.86478695  0.06116423  0.40727569
 -0.13015421  1.28556599  0.8068984   0.82381072 -0.28417045  0.30887781
  3.92034286  1.70574579  1.12258498  1.98010148  1.80689463  0.94679443
  0.92726624  4.6583078   0.45424975  0.73389336 -0.01769319  0.77873396
  0.60177527 -0.11109615  0.46893266  1.26503736  2.28926239  1.09337049
  3.11024793  2.90844897  1.7095712   2.35456352] 1.6553294526385132e-05 True
warning: basinhopping: local minimization failure
basinhopping step 78: f 6.60064e-06 trial_f 6.60064e-06 accepted 1  lowest_f 4.2681e-06
[ 0.00480522 -0.69198913 -0.44000919 -0.65087978  1.6050071  -0.32403761
  0.2346132   0.26526958  0.69765422  1.0418961   0.34857326 -0.09993595
  0.5214689   1.30915858  0.51619685  0.57004068  0.19309188  1.25242078
  3.86556197  1.25156849  1.61731991  3.10840533  2.31303393  1.77483471
  1.35817075  4.55135309  0.98649144  0.73738742  0.06435127  0.84105187
  0.5135824   0.20159311  0.09743503  0.71495951  1.51523106  0.84246412
  2.42891967  3.10072972  2.24144194  1.98851666] 6.600643170906284e-06 True
warning: basinhopping: local minimization failure
basinhopping step 79: f 2.28478e-05 trial_f 2.28478e-05 accepted 1  lowest_f 4.2681e-06
[-0.52370856 -0.76268883 -0.58660691 -0.41444498  0.59832788 -0.23527704
  0.81289044  0.2746083   0.83102419  1.14677881 -0.12842197  0.10107347
  0.07531258  0.17065174 -0.95183007 -0.89807206  0.86022806  2.79716024
  3.61919871  1.26987968  0.87955867  1.3948196  -0.05094158  1.08653877
  0.91325279  4.99214336  1.35787011  0.98614143  0.52020988  1.69763262
  0.77304188  0.69372829 -0.29664904  0.0947393   1.22329376  0.72384636
  3.2457786   3.93091199  2.56239988  2.37208637] 2.2847830731555526e-05 True
warning: basinhopping: local minimization failure
basinhopping step 80: f 4.51604e-05 trial_f 4.51604e-05 accepted 1  lowest_f 4.2681e-06
[-3.13056260e-03  1.28928653e-01 -1.07041221e+00 -7.09727053e-01
 -3.82449447e-02  4.87432476e-02 -9.25752350e-02  8.01659247e-01
  1.73766536e-01  7.32311737e-01  4.05541883e-01  1.14924174e+00
  8.20482549e-01 -1.16373564e-02 -7.46413125e-01 -6.81047926e-01
  2.59096808e-01  2.72121808e+00  3.19105942e+00  3.11854935e-01
  1.18198418e-01  6.68088174e-01  3.61590841e-02  1.52826444e+00
  8.80178895e-01  5.25696028e+00  7.02633774e-01  1.89051967e+00
  9.79309949e-01  2.44171108e+00  1.93574072e+00  1.39366581e+00
 -9.93480637e-02  1.58880191e-01  1.60236645e+00  7.70623787e-01
  3.52485296e+00  4.43020245e+00  2.25719451e+00  1.34046537e+00] 4.516040625905447e-05 True
warning: basinhopping: local minimization failure
basinhopping step 81: f 2.59726e-05 trial_f 2.59726e-05 accepted 1  lowest_f 4.2681e-06
[-0.32272454 -0.18142723 -0.24130108 -0.09467897  0.45817984 -0.31998478
  0.63548739  1.1583972   0.33861321 -0.01383722  0.82624206  1.41452244
  0.89824497  0.32918019 -0.72286779 -0.29409138 -0.02075067  2.39875621
  3.2173971   0.33669872  0.18444212  0.56010623  0.07539346  1.51088694
  0.60154463  5.00209273  0.96514908  1.57895096  1.56087927  2.41345735
  1.5422648   1.59843652  0.12047003  0.50996866  1.377203    0.37776759
  2.92873519  4.25021245  2.68328304  1.71583273] 2.597259788365633e-05 True
warning: basinhopping: local minimization failure
basinhopping step 82: f 8.43789e-05 trial_f 8.43789e-05 accepted 1  lowest_f 4.2681e-06
[ 1.19385717e-03 -8.45874779e-01 -8.04680308e-01  3.89995700e-01
  1.72328086e-01  3.92324102e-01  6.95507815e-01  7.67651046e-01
  9.99872927e-02 -1.46776267e-01 -8.04339322e-02  1.01681186e+00
  7.31941903e-01  6.11525686e-01 -4.04916641e-02  1.01480752e+00
  4.63101454e-01  2.33413433e+00  3.35382427e+00 -7.75631121e-01
 -4.09503781e-01  4.77505313e-01  1.06407877e+00  3.18860193e+00
  2.29710148e+00  6.82423271e+00  1.17471642e+00  1.12885878e+00
 -2.87620117e-01  2.36500760e+00  8.37678683e-01  1.10691334e+00
 -6.52569691e-01  1.08172961e+00  1.75440508e+00  1.54599665e+00
  2.08629192e+00  4.05173127e+00  1.90609012e+00  7.19161574e-01] 8.437887850802269e-05 True
warning: basinhopping: local minimization failure
basinhopping step 83: f 1.19405e-05 trial_f 1.19405e-05 accepted 1  lowest_f 4.2681e-06
[-1.31380314 -0.91815882 -0.59187512 -0.09120108  0.48703966  1.79868904
  0.63253638  0.1201511  -0.37350276 -0.27940779  0.30288811 -1.04209885
  0.39483926  0.23132442  0.30695218  0.54825071  0.58146872  2.39773228
  3.06280684 -0.04570124 -0.16410702  0.56208931  1.17962809  3.43397095
  2.95333059  6.10958736  0.91672963  1.32308205 -0.17155535  2.49501864
  0.20088272  0.91644971  0.33441988  1.38140895  2.32770048  1.42015791
  2.00485638  4.04987834  1.41530627  1.24860598] 1.194054607571438e-05 True
warning: basinhopping: local minimization failure
basinhopping step 84: f 1.13416e-05 trial_f 1.13416e-05 accepted 1  lowest_f 4.2681e-06
[-0.62877843 -0.47733659 -0.09304653  0.11014453  0.35362352  1.51047657
  0.89132994  0.17260123  0.11781022 -0.69900808  0.6112225  -0.3242385
  0.68187081  0.57970903  0.29985384  0.93744802  0.47016765  3.1716242
  2.11838813 -0.35109265 -0.14310574  0.38219985  1.1382296   3.11234853
  3.17610813  6.27262052  0.98299279  1.95668127  0.21586867  1.62272178
  1.20823532  1.41059391  0.40298978  1.50983414  2.36986094  1.62047252
  1.08600237  2.42267586  1.33687256  0.77179551] 1.134157481725906e-05 True
warning: basinhopping: local minimization failure
basinhopping step 85: f 1.49626e-05 trial_f 1.49626e-05 accepted 1  lowest_f 4.2681e-06
[-1.20301779 -0.04557194 -0.05846115 -0.35547477 -0.34503388  0.77257782
  0.7494397  -0.05766295  0.81668018  0.01435575  0.86099552  0.06967877
  0.84319391  1.62683304 -0.0641071   1.07150163  0.08492475  3.08817721
  2.75821492  0.43150166  0.60177832  0.53842002  1.44220354  3.45630057
  2.47586032  5.84156158 -0.1102787   2.40961872  0.03938066  0.61180594
  1.54848933  1.21333604  1.13448776  0.43994311  1.94446616  0.96484205
  1.57771482  1.53637859  1.95805188  0.93841426] 1.4962605878752117e-05 True
warning: basinhopping: local minimization failure
basinhopping step 86: f 3.35421e-05 trial_f 3.35421e-05 accepted 1  lowest_f 4.2681e-06
[-0.83519    -0.79252711 -0.99014345 -1.94907077 -1.19865997 -0.36963333
  0.05758733  0.09221606  0.47948164 -0.12657924  0.01876089  0.43547533
  0.14136628  1.46321424  0.55128464  1.89165223  1.31997773  3.77541624
  3.45875167  0.52798903 -0.41556138  0.14251607  2.11030028  3.17793734
  1.677287    5.38559357  0.34920905  2.4532253   0.74912184 -0.14028187
  0.57613672  0.83968888  0.73376104  0.24875591  1.40451634  1.48459541
  1.35036543  0.50718737  3.07302014  0.656761  ] 3.354214525755366e-05 True
warning: basinhopping: local minimization failure
basinhopping step 87: f 7.61408e-06 trial_f 7.61408e-06 accepted 1  lowest_f 4.2681e-06
[-0.80285139  0.12703942 -0.42019832 -0.9599616  -1.04805481 -1.14060977
 -0.18422351  0.51062596 -0.38725529  0.31912974  0.61635218  0.61983797
  0.88323864  0.65074006  1.26352614  2.34551153  1.41795403  3.81992221
  2.97646906  0.83789907  0.27403682 -0.29579816  3.13919621  2.95464908
  1.09887945  5.619948    0.70088568  1.84761518  0.80403862  0.05863157
  0.23760227  1.22313456  0.19033103  0.09290132  1.21404619  1.55471061
  1.24239472  1.38994615  3.77315545  0.58420458] 7.614077287613319e-06 True
warning: basinhopping: local minimization failure
basinhopping step 88: f 5.09273e-05 trial_f 5.09273e-05 accepted 1  lowest_f 4.2681e-06
[-0.32210836  0.53543226 -0.11130766 -0.46757464 -0.90629195 -0.43591811
 -0.13637129  0.08718679  0.47545543  0.01920898  1.0412163   0.81263743
  1.22941853  1.68910042  1.09381522  2.4175632   1.56371645  3.773942
  2.69682757  1.36599933  0.89587822  0.15706062  2.30296941  3.3972612
  0.19139048  4.7072475   0.8522505   1.8152448   0.55884155  0.08467231
  0.23753448  0.97355099  0.50125669  0.15326172  1.78710053  1.19704227
  0.65057567  1.12595487  2.61012186 -0.31250696] 5.0927285448211274e-05 True
warning: basinhopping: local minimization failure
basinhopping step 89: f 2.83264e-05 trial_f 2.83264e-05 accepted 1  lowest_f 4.2681e-06
[-1.02730431e+00  3.33089256e-02 -3.45861492e-01  6.63873212e-01
 -2.06334468e-03 -3.48958534e-01  7.72429176e-01  1.85706742e-01
 -4.27680228e-01 -3.65907380e-02  7.45244502e-01  1.29225171e-01
  2.26144198e-01  1.90256583e+00  2.84468611e-01  1.09458789e+00
  1.11569122e+00  2.54585573e+00  1.35698097e+00  1.98533477e+00
  1.41717509e+00  1.43449867e+00  2.00818587e+00  3.71023092e+00
  1.15166882e+00  6.72665320e+00 -3.44043989e-02  1.06256371e+00
  1.21501099e+00  7.92779544e-01  1.28727695e+00  3.20210381e-01
 -4.32007845e-01 -7.72457266e-02  1.26630534e+00  1.58264009e+00
  7.86255387e-01  1.41952112e+00  3.04759447e+00  3.52186200e-01] 2.8326388366139645e-05 True
warning: basinhopping: local minimization failure
basinhopping step 90: f 2.65826e-05 trial_f 2.65826e-05 accepted 1  lowest_f 4.2681e-06
[-0.64324348 -0.36528948 -0.53710285  0.65321074  0.56033345 -0.1122183
 -0.10881306 -0.2355952  -0.02059666 -0.38453445  0.7767023   0.28339726
  0.38050996  2.72518523  1.03651822  1.37670277  1.72159415  2.1891704
  1.13720399  1.84991916  1.48152917  0.41257801  2.00452434  3.53520454
  1.17551126  5.94545196  0.29678843  1.03751059  1.5505211   0.57699289
  1.2243691   0.51324234  0.66720082  0.57702446  1.14420588  1.16441298
  0.04072192  0.88434461  2.5322364  -0.07102876] 2.658262006512286e-05 True
warning: basinhopping: local minimization failure
basinhopping step 91: f 4.65454e-05 trial_f 4.65454e-05 accepted 1  lowest_f 4.2681e-06
[-1.28883662 -0.41639648 -0.55379258  0.42315099 -0.36761497  0.0681147
  0.21845643  0.07020172 -0.28057193 -0.38307192  0.7628968   1.16425638
  0.33548483  2.72498466  1.25494072  1.39397755  1.61546409  1.55252021
  1.17713658  1.63946023  0.81279464  0.24347488  1.34545643  3.36901043
 -0.24854262  5.42540805  0.19473049  0.43789356  1.01100448  0.68784428
  0.9565634   0.36392215  0.05060919  1.16559217  1.39034726  1.41385294
 -0.22801953  0.76795868  1.63721351  0.79906908] 4.654542669052421e-05 True
warning: basinhopping: local minimization failure
basinhopping step 92: f 2.57029e-05 trial_f 2.57029e-05 accepted 1  lowest_f 4.2681e-06
[-1.2034598  -0.66785143 -0.0660927   0.43314812 -0.45757115 -0.23282946
  0.42176318  0.0297626   0.2518724   0.2216231   1.03476484  1.68286958
  0.57080389  2.6531927   0.92824265  1.89740862  1.66613607  1.88889828
  1.19523777  1.91079531  0.74699257  0.19841179  0.87065385  3.61419686
  0.29347466  5.26803034  0.21906756 -0.1392643   1.00462587  0.83944509
  1.53575611  0.82081584  0.48095371  1.16896057  0.91520447  1.83510531
  0.3135544   0.50727578  1.7050265   1.3516245 ] 2.5702946548878668e-05 True
warning: basinhopping: local minimization failure
basinhopping step 93: f 5.98605e-05 trial_f 5.98605e-05 accepted 1  lowest_f 4.2681e-06
[-0.494515    0.20311951 -0.46042332 -0.56652961 -0.24653476 -0.40132144
 -0.37260355 -1.79146482 -1.25618251 -0.26646215  0.01265406  0.77248063
 -0.16041342  3.51863296  1.32853757  1.84181814  0.67814948  1.83931926
  0.14948066  1.44848581  1.14763897  1.45408664  0.30319597  2.88836303
  0.58513463  3.70091136 -0.39913589 -0.06103237  0.75727281  1.72231125
  1.25243218  0.9064812  -0.00930092  0.87580645  0.79713736  1.30083656
  0.24045969  0.06702266  2.62690447  0.61691666] 5.986048626960613e-05 True
warning: basinhopping: local minimization failure
basinhopping step 94: f 2.56499e-05 trial_f 2.56499e-05 accepted 1  lowest_f 4.2681e-06
[-1.04027017 -0.05120881 -0.29827457 -0.42509925 -0.53340042 -0.81454888
 -0.269054   -1.19425588 -0.96289368 -0.26205957  0.51513048  0.39221374
 -0.55297588  3.56489355  1.21038314  2.11824553  0.36932201  1.63062472
  0.65753699  1.81260914  1.1842554   1.06447169 -0.2543867   2.26874962
  0.69808543  3.52694697 -0.04715505 -0.18957881  0.12160458  1.45302484
  1.04993351  0.93845402  0.2993564   0.30374508  0.79696916  0.82595267
  0.53668313 -0.02360616  2.55578485  0.21969951] 2.5649910083466383e-05 True
warning: basinhopping: local minimization failure
basinhopping step 95: f 4.40753e-05 trial_f 4.40753e-05 accepted 1  lowest_f 4.2681e-06
[-0.51254494 -0.32533194 -0.53100694 -0.23421611  0.09084191 -0.12140628
  0.50084799 -0.61526008 -1.08706933 -0.17991436  0.19582654  0.87035642
  0.9083708   3.29773046  1.59411712  1.94806016 -0.44322347  1.29963095
  0.64056492  1.41159616  1.21260075  1.29131428 -0.03700594  2.37156636
  0.87828703  3.61197782 -0.1156959   0.86417739  0.72872397  2.50607205
  2.30746472  1.16778445  0.7095596   0.17873231  0.67053866  1.13980432
  0.44062359  0.2489445   2.13716464  0.1591568 ] 4.407529277705671e-05 True
warning: basinhopping: local minimization failure
basinhopping step 96: f 1.76e-05 trial_f 1.76e-05 accepted 1  lowest_f 4.2681e-06
[-0.77160625 -0.79813036 -0.22860929  0.07419979 -1.12913964 -0.69795576
 -0.40185701 -1.06152181 -1.08208742 -0.19226419  0.58701823 -0.1235444
 -0.03100986  2.8554895   0.78585764  0.94446093 -1.01117545  1.07614531
  0.80796988  2.03961657  1.65404269  1.32507528  0.30793487  2.87525821
  0.62870233  3.47644771  0.47434966  0.68925101  0.63821543  2.60044013
  2.86081348  0.95454451 -0.36319479  0.79416796  0.1744602   1.30696973
  0.27210634 -0.21988657  2.36409303  0.3507835 ] 1.7600049917461733e-05 True
warning: basinhopping: local minimization failure
basinhopping step 97: f 2.44028e-05 trial_f 2.44028e-05 accepted 1  lowest_f 4.2681e-06
[-1.30345822 -1.10039316 -0.46846066  0.10874878 -0.76335793 -0.21929489
  0.03742477  0.03064707 -0.14987252  0.23883222  0.9143795   0.74526385
 -0.08132624  2.65979984  0.34812378  0.55338694 -0.51865436  0.89604832
  1.27597444  1.86940326  1.53195431  1.82123357  0.53372872  3.22130121
  0.80603805  4.21206216  1.19790703  0.36113048  0.06563065  2.36453337
  2.73802144  1.40021854  0.32626583  0.60610693  0.1379557   1.489727
 -0.29513752 -0.1951726   2.17596114  0.62337406] 2.440279035672558e-05 True
warning: basinhopping: local minimization failure
basinhopping step 98: f 2.79056e-05 trial_f 2.79056e-05 accepted 1  lowest_f 4.2681e-06
[-2.06159946 -1.69749286 -0.83207511 -0.0076533  -0.95413905 -0.81224306
 -0.21538033 -0.55333695  0.12208949  0.55644482  1.55256125  1.2756362
 -0.02359951  3.28076957 -0.02797977  0.36047513 -0.44713926  0.55031881
  0.68259484  1.65643743  1.00675773  1.22840577 -0.06994252  2.90695436
  0.95968512  3.88792877  1.85602449  0.79188922  0.50171621  2.91675409
  3.77169969  1.28466178  1.47536598  0.78509555  1.05451298  1.86849166
  1.11366134  0.87491615  2.82335578  0.89770937] 2.7905612258792647e-05 True
warning: basinhopping: local minimization failure
basinhopping step 99: f 2.19722e-05 trial_f 2.19722e-05 accepted 1  lowest_f 4.2681e-06
[-1.77510697 -0.97894141  0.26380484  0.20883296 -0.54044056 -0.06754891
 -0.39892811 -0.50697456 -0.7333107   0.05981877  0.45599423  1.79079028
  0.51608223  2.8204545   0.08410009  0.0792959  -0.3799194  -0.39478863
 -0.39429161  0.72575177  0.3356644   1.36504028  0.67977111  3.45928582
  1.26840272  3.7206196   2.70591329  0.29635539 -0.07123377  3.23200946
  3.55108298  1.80197181  1.38939655  0.88127228  1.60149867  2.22169511
  2.21867537  1.34483653  3.58814004  1.57084852] 2.197216256040286e-05 True
adaptive stepsize: acceptance rate 0.990000 target 0.500000 new stepsize 0.617284 old stepsize 0.555556
warning: basinhopping: local minimization failure
basinhopping step 100: f 8.79766e-06 trial_f 8.79766e-06 accepted 1  lowest_f 4.2681e-06
[-1.53067493 -1.32902446 -0.0958243  -0.21866388 -0.57461599 -0.08366968
  0.51503462  0.6593147  -0.50279518 -0.00467341  0.70412469  1.92039726
  0.53806761  1.43862516  0.21211551 -0.71431443  0.30907191  0.69931838
  0.09923006  0.14205674  0.37291662  0.74436757  1.15734735  3.24563409
  1.30092378  2.94129668  2.54116372  0.39197627  0.1141338   3.75502354
  3.30315299  1.12753878  0.67407571  0.97381163  2.24460711  1.92915164
  1.96538487  1.38202581  3.99046296  1.88530777] 8.797662089145645e-06 True
                        fun: 4.2680974358223605e-06
 lowest_optimization_result:       fun: 4.2680974358223605e-06
 hess_inv: array([[56.70202374, 10.819115  ,  5.05009818, ..., 12.1215341 ,
        37.28642652, 34.17751512],
       [10.819115  , 13.02778904, 14.18111933, ..., 10.99297994,
         8.29886128,  2.61656842],
       [ 5.05009818, 14.18111933, 23.59552691, ..., 24.85365647,
        14.69807532, -3.23765   ],
       ...,
       [12.1215341 , 10.99297993, 24.85365647, ..., 41.98330079,
        33.87803742,  4.56449371],
       [37.28642652,  8.29886127, 14.69807532, ..., 33.87803742,
        45.26574154, 25.57549817],
       [34.17751512,  2.61656842, -3.23765   , ...,  4.5644937 ,
        25.57549817, 31.98914376]])
      jac: array([-2.86216531e-04,  4.98773555e-04, -2.51738384e-04,  2.32881142e-04,
        1.36527147e-05, -2.68989988e-04,  2.25307273e-04, -3.34676940e-04,
       -2.10272955e-05,  1.46490626e-04,  3.12991560e-04, -1.50820843e-04,
       -4.81379704e-05, -3.72284863e-05, -5.32905876e-05, -2.55734824e-04,
       -3.09697447e-06,  1.43433902e-04, -1.62303232e-04, -7.79443919e-05,
        6.67980246e-04, -4.21569739e-04,  5.14431769e-04, -4.19043269e-04,
        3.32223874e-04, -6.09784410e-04,  3.52936882e-04, -5.95408572e-04,
        6.53899399e-04, -5.60257807e-04,  6.62468577e-04, -3.79442806e-04,
        6.46064614e-04, -4.47882280e-04,  1.63584783e-04, -1.37508940e-04,
       -3.04837001e-04,  2.80861196e-04, -5.43797298e-05,  8.62066629e-05])
  message: 'Desired error not necessarily achieved due to precision loss.'
     nfev: 15017
      nit: 285
     njev: 366
   status: 2
  success: False
        x: array([-1.23024   , -0.65321824, -0.75464328, -0.22633439, -0.32845511,
        0.15440764,  1.34229022,  0.39185118,  0.96690874,  0.3555896 ,
        1.07867858,  0.35652583,  1.01041898, -0.28390563, -0.20284058,
       -0.9270875 ,  0.18942191,  0.90833267,  3.13276512,  0.36148208,
        3.47927877,  4.39411537,  6.24447431,  1.01711132,  5.31637427,
        1.56075971,  2.48018761,  4.57486085,  3.75023598,  1.65330613,
        6.60698637,  4.51527515,  3.56956398,  1.02304781,  0.94227944,
        1.25544828,  1.83235087,  1.03660371,  0.74469585,  0.66369837])
                    message: ['requested number of basinhopping iterations completed successfully']
      minimization_failures: 101
                       nfev: 2060359
                        nit: 100
                       njev: 50224
                          x: array([-1.23024   , -0.65321824, -0.75464328, -0.22633439, -0.32845511,
        0.15440764,  1.34229022,  0.39185118,  0.96690874,  0.3555896 ,
        1.07867858,  0.35652583,  1.01041898, -0.28390563, -0.20284058,
       -0.9270875 ,  0.18942191,  0.90833267,  3.13276512,  0.36148208,
        3.47927877,  4.39411537,  6.24447431,  1.01711132,  5.31637427,
        1.56075971,  2.48018761,  4.57486085,  3.75023598,  1.65330613,
        6.60698637,  4.51527515,  3.56956398,  1.02304781,  0.94227944,
        1.25544828,  1.83235087,  1.03660371,  0.74469585,  0.66369837])

Process finished with exit code 0

