E:\CURPROJECT\SimsV3\venv\Scripts\python.exe E:/CURPROJECT/SimsV3/Simple_ManyWP_reproducability_test1.py
warning: basinhopping: local minimization failure
basinhopping step 0: f 2.58515e-05
[ 4.76081136  4.23992883  4.81733656  3.97472546  3.70605736  4.72364538
  5.50128944  5.14654147  0.88066877  4.86451975  4.63755115 -0.6214825
  3.03132781  1.75413583  2.45012621  3.33729276  6.29913909  2.34847293
  2.13827647  2.8778452   5.2528397   4.70994924  4.61701678  5.32508146
  0.14656364  5.41121415  3.92574558  5.95857452  2.8101282   1.7035262
  3.25313543 -0.01677883  5.87958032  2.6244162  -0.06878774  5.17814743
  5.69892998  1.60110442  4.3175488   1.78426647] 2.5851490285716127e-05 True
warning: basinhopping: local minimization failure
basinhopping step 1: f 5.04078e-05 trial_f 5.04078e-05 accepted 1  lowest_f 2.58515e-05
[ 5.23697909  4.44155187  4.80552103  3.69288496  3.6791967   5.09568636
  5.19457829  4.31207636  0.71208405  4.50444293  5.0768653  -0.21245619
  2.48683233  1.66312823  2.63643447  2.64950054  6.03839508  2.83048603
  2.74426866  3.55418816  6.05902876  5.03406352  4.90633416  5.0803702
 -0.11600697  5.28275775  3.68926557  5.25924873  2.60388908  1.70308842
  2.81773815 -0.23853638  5.81565997  3.19063903  0.50906494  5.90757643
  6.362503    2.1028182   3.99648113  1.65417572] 5.040777013430544e-05 True
warning: basinhopping: local minimization failure
basinhopping step 2: f 2.92688e-05 trial_f 2.92688e-05 accepted 1  lowest_f 2.58515e-05
[ 4.61257432  4.7300062   4.55131311  3.93407681  1.90689159  4.23919128
  4.79407779  4.28491478  0.63726371  3.61741687  4.71467117 -0.55141547
  1.46174893  2.14312414  2.6989112   2.77239219  5.69352513  2.86596446
  3.57741267  3.32070161  6.35659465  5.44272504  4.60726183  5.22434221
 -0.61698561  4.71041934  4.74403475  5.3393994   3.14520683  2.22983285
  2.79779013 -0.46260555  4.94582135  2.29244521 -0.27056626  5.77518515
  6.61341024  2.74962122  4.85116087  1.92312186] 2.92687670679724e-05 True
warning: basinhopping: local minimization failure
basinhopping step 3: f 2.21642e-05 trial_f 2.21642e-05 accepted 1  lowest_f 2.21642e-05
found new global minimum on step 3 with function value 2.21642e-05
[ 5.62644674  4.3365646   4.60050648  3.18939715  2.43284645  3.47365454
  3.56163719  3.18666154 -0.49861161  2.41292152  3.56824164 -0.97763857
  1.4126311   1.84777496  2.35643498  2.72317935  4.67395856  2.9443284
  4.65457013  2.57209605  5.41584968  5.12673522  4.48112539  4.10655751
 -0.80473219  5.47484116  5.84488236  5.98887057  3.29709275  2.40748986
  3.05905613 -0.0148269   5.53261961  2.94428405  0.6608817   6.88421033
  6.13325086  3.34368877  4.16706377  1.47403434] 2.2164171165586123e-05 True
warning: basinhopping: local minimization failure
basinhopping step 4: f 6.07628e-05 trial_f 6.07628e-05 accepted 1  lowest_f 2.21642e-05
[ 5.74934601  3.0250559   3.71922711  2.37429244 -0.3972822   1.83548296
  3.02304248  2.56436234  0.29215277  2.8133602   3.42240868 -1.1183412
  2.29963046  1.29737877  1.91443634  2.61800652  5.192674    3.98723799
  4.93025015  2.41662263  5.1593235   5.80255027  4.18357482  4.23141436
 -0.27704986  5.25539918  6.41013248  5.046512    3.39405995  3.25447352
  3.43848694  0.55078521  5.93374221  3.39713619  0.5687682   6.59695889
  5.77665175  3.25675108  4.09298646  1.06484159] 6.076277359631239e-05 True
warning: basinhopping: local minimization failure
basinhopping step 5: f 5.65856e-05 trial_f 5.65856e-05 accepted 1  lowest_f 2.21642e-05
[ 4.49716049  1.65331372  2.39812715  1.77452695 -0.17522331  1.43928606
  2.2767381   3.42929233  2.09847262  2.7956804   3.85615568 -0.20461333
  1.21704047  0.31125291  3.21142741  2.73295479  3.5801863   2.86791029
  4.75390926  2.27146258  4.92423609  5.78317462  2.61735844  3.79629881
  0.56208931  6.00402468  5.93109043  3.93046652  3.21157545  3.18186984
  3.84916743  1.17116333  6.74975371  3.39872109  1.38611262  5.90009706
  6.33403467  3.41278413  3.97103085  0.37097327] 5.658561481752626e-05 True
warning: basinhopping: local minimization failure
basinhopping step 6: f 2.43097e-05 trial_f 2.43097e-05 accepted 1  lowest_f 2.21642e-05
[ 4.24881794  1.40512228  2.36724419  1.84925522 -0.20201725  1.6686515
  2.59049285  2.63234048  2.12795849  3.01479133  3.9277317   0.21975734
  1.67461765  0.276226    2.81680328  3.05269593  3.20738526  2.7804987
  4.73012826  2.85244547  4.60992767  5.8566963   2.70851429  4.53463417
  0.34786952  5.9573595   5.29598597  3.60210297  3.4011745   3.47349866
  4.40286443  1.28546571  6.51056316  3.56521309  1.10933752  5.99060562
  6.3201744   3.60346405  3.63980288 -0.02032002] 2.430968238938854e-05 True
warning: basinhopping: local minimization failure
basinhopping step 7: f 4.92467e-05 trial_f 4.92467e-05 accepted 1  lowest_f 2.21642e-05
[ 5.86374225  1.40582265  2.3879217   1.83168009 -0.7972187   1.88876321
  2.61507908  1.02260601  1.06484923  1.23354804  1.71209838 -0.64720838
 -0.40674015  0.18413036  2.36406588  2.8706462   3.53194585  3.09286698
  6.18071171  2.25764759  5.64639098  6.80414413  3.20086702  6.32405121
  0.45950082  7.81711827  6.6276084   3.76311072  2.01646314  3.40939022
  3.79583329 -0.0376433   5.37889687  2.76459159 -0.96895504  5.10341248
  6.13934723  2.02953219  3.88139324 -0.12478536] 4.924670090346396e-05 True
warning: basinhopping: local minimization failure
basinhopping step 8: f 3.32108e-05 trial_f 3.32108e-05 accepted 1  lowest_f 2.21642e-05
[ 6.90452736  1.53040737  3.14193932  2.24800854  0.24017535  1.23625566
  2.30486725  1.28749563  0.35546108  1.27428637  1.40594913 -0.16757666
  0.25968557  0.4608627   2.37738311  3.2947693   3.56666134  3.48461725
  5.8948284   2.96721883  6.11847167  6.71293787  3.42307243  6.66030257
  1.17754585  6.6269237   6.27627154  3.42334283  1.43281563  2.93275748
  2.84656791 -0.91311232  4.78531961  2.42624235 -0.88629536  4.55354174
  5.50042459  1.49765781  2.80663925 -0.09556392] 3.32108417755906e-05 True
warning: basinhopping: local minimization failure
basinhopping step 9: f 3.51375e-05 trial_f 3.51375e-05 accepted 1  lowest_f 2.21642e-05
[ 6.89143482  1.20949558  2.94157785  1.60377354  0.27324796  1.10898933
  1.78177841  1.55445572  0.78371965  0.33025938  0.70432234 -0.37679473
  0.14880816  0.17078659  1.84172211  2.8787806   3.83126273  2.5549041
  5.18620678  2.50223496  6.13412363  5.82832715  3.83727089  6.45041347
  0.69801746  6.19499124  5.89007173  3.4536322   1.15661634  2.90476688
  3.2281584  -0.83662643  3.85057494  2.17168599 -0.03967059  4.8727524
  5.40847031  2.13495257  2.96121644 -0.20414213] 3.513747922110154e-05 True
warning: basinhopping: local minimization failure
basinhopping step 10: f 1.05078e-05 trial_f 1.05078e-05 accepted 1  lowest_f 1.05078e-05
found new global minimum on step 10 with function value 1.05078e-05
[ 5.92165801  0.03270925  1.48068235  0.53098665  0.20754024  0.91453866
  0.88628158  1.7139258   0.40041722  1.20000082  0.79083172  0.11232614
  0.63820055  0.1493263   2.74065188  3.39096644  2.98107634  1.84839296
  4.91276787  2.13809228  6.17225681  5.31351985  2.82289241  5.8429503
  0.34796469  5.46436592  5.89565887  2.59869818  1.31274646  2.46069381
  3.15319556 -0.73312802  3.18270797  0.87706967 -0.1794031   4.37486275
  5.81644649  2.50969496  3.79405813  0.80539606] 1.0507763240432017e-05 True
warning: basinhopping: local minimization failure
basinhopping step 11: f 4.31979e-05 trial_f 4.31979e-05 accepted 1  lowest_f 1.05078e-05
[ 6.2800729   0.60860751  2.4056759  -0.16379397  0.24739759  1.20174911
  0.82518862  1.46306387  0.27729876  1.46782774  0.29298666 -0.01614812
  0.34166692 -0.13349469  2.7462715   3.0145703   2.74179171  1.95070622
  4.51151159  1.20728968  5.60402144  5.33750148  2.35382081  5.52900413
  0.45831585  5.14101848  6.26612242  2.5454472   1.53465418  1.94774971
  2.84675849  0.17936665  2.96250832  1.16781971 -0.07353865  5.2524181
  5.672174    2.29458795  3.86513271  0.33067667] 4.319794267453514e-05 True
warning: basinhopping: local minimization failure
basinhopping step 12: f 2.84604e-05 trial_f 2.84604e-05 accepted 1  lowest_f 1.05078e-05
[ 5.53140227 -0.1097711   1.17809232 -0.07429307  0.32917922  1.0424279
  0.70777785  1.56133874  0.48020516  1.10343587  0.03534598  0.28661194
  1.09340901  0.28867304  3.76511936  3.48849659  3.69056574  2.32120625
  5.27195798  0.9434582   5.94533492  5.02489196  2.16578355  4.66352565
  0.14539386  5.84351106  6.23131658  2.65908339  1.81227076  2.51790919
  2.21251776 -0.08399409  2.43911661  0.13826199 -0.13793725  5.06349731
  5.62623154  2.94293825  3.64174123  0.28463706] 2.846044610951558e-05 True
warning: basinhopping: local minimization failure
basinhopping step 13: f 0.000110232 trial_f 0.000110232 accepted 1  lowest_f 1.05078e-05
[ 6.89948889e+00  4.14880524e-01  7.18005780e-01 -2.45465508e-01
  2.49158508e-03  6.32022241e-01  5.08582994e-01  1.12498501e+00
  8.41862627e-01  2.45207100e+00 -1.85949068e-01  5.75615681e-01
 -1.43474424e-01 -7.21991926e-01  2.43275582e+00  2.58567552e+00
  3.16176570e+00  1.76856419e+00  5.15130990e+00  6.21391959e-01
  4.77426402e+00  4.11391058e+00  1.20101308e+00  4.69604405e+00
 -2.84731984e-01  5.25360525e+00  5.25218026e+00  3.43602534e+00
  2.47964496e+00  2.68097470e+00  2.35163839e+00 -4.80398244e-02
  2.30340885e+00  5.21908299e-01  2.06995079e-01  5.36054768e+00
  5.28538382e+00  2.43895823e+00  2.89027030e+00 -1.02001790e-01] 0.00011023235228956446 True
warning: basinhopping: local minimization failure
basinhopping step 14: f 3.79535e-05 trial_f 3.79535e-05 accepted 1  lowest_f 1.05078e-05
[ 5.60585593 -0.48974594  0.22750624 -0.84600267 -0.29321093  0.71000519
  0.64041152  0.17054982  0.67960226  2.57457597 -0.1172605   0.46975757
  0.1499103   0.43626269  2.63840065  3.75906805  3.52540869  3.15127109
  5.63013203  1.80020579  5.77506729  4.75675918  0.89128259  5.12738973
 -0.17757312  4.3386822   4.68054792  3.23545396  2.23225995  2.45840019
  1.97359712 -0.11279024  2.78076349  1.37522146  0.21199738  5.26535658
  4.7213062   1.98451778  2.15649013 -0.06756251] 3.7953519206625326e-05 True
warning: basinhopping: local minimization failure
basinhopping step 15: f 3.45802e-05 trial_f 3.45802e-05 accepted 1  lowest_f 1.05078e-05
[ 5.35694585e+00 -2.58757383e-01 -2.95850058e-01 -1.36523143e-01
  4.99807048e-01  1.30881476e+00  4.19288886e-01  1.17193173e-03
  2.79468968e-01  2.15248518e+00  8.70623378e-02  5.00057098e-01
  8.78005930e-02 -1.22778912e-02  1.19215645e+00  3.93544437e+00
  3.28871286e+00  3.11466080e+00  6.01418803e+00  2.00993458e+00
  6.78058298e+00  5.09716474e+00 -3.06102979e-01  5.28285857e+00
  9.49006652e-01  3.33123096e+00  5.15437566e+00  2.04736716e+00
  2.79851027e+00  1.34297291e+00  1.42588306e+00 -6.45566985e-02
  1.97611027e+00  1.91146372e+00 -2.17761482e-01  5.45551333e+00
  4.39612878e+00  2.19260092e+00  2.62299577e+00  1.51146439e-01] 3.45801976588528e-05 True
warning: basinhopping: local minimization failure
basinhopping step 16: f 3.15463e-05 trial_f 3.15463e-05 accepted 1  lowest_f 1.05078e-05
[ 5.23560395e+00 -3.63787233e-01 -5.90460098e-02 -4.28208173e-01
  5.53203647e-01  2.67114731e+00  8.66172204e-01 -7.58011975e-01
  7.38775547e-01  2.47721661e+00  4.49125665e-03  3.45802645e-01
  2.22795784e-01  2.38753480e-01  5.29398145e-01  4.24772573e+00
  2.90954218e+00  3.34352448e+00  5.75051424e+00  1.79033045e+00
  5.69439597e+00  5.27136304e+00  2.35964265e-01  5.79774972e+00
  1.64832307e+00  2.50994429e+00  4.65828947e+00  1.84513982e+00
  2.19756329e+00  1.29561171e+00  8.15504439e-01 -8.99424891e-01
  8.44937563e-01  2.45666920e+00  7.24025110e-01  5.53933454e+00
  4.62722771e+00  2.62929502e+00  2.52823812e+00 -2.22749113e-01] 3.154634983358196e-05 True
warning: basinhopping: local minimization failure
basinhopping step 17: f 2.0301e-05 trial_f 2.0301e-05 accepted 1  lowest_f 1.05078e-05
[ 4.90836423 -0.55620294  0.16512265 -0.81079599  0.22378679  2.71806979
  0.50002024 -0.67073967  0.0963651   2.28180931 -0.03341795 -0.10352266
 -0.0070129   0.54925982  0.67760854  4.49923478  3.59230301  3.62004676
  5.82118343  1.43899961  5.74650917  5.90707677  0.66800074  5.76873646
  1.96494777  2.92633045  4.90567841  1.57409725  2.55726657  1.89015764
  0.2441412  -0.47948382 -0.41929861  1.70592207  1.40802321  4.91985027
  3.84862141  2.37975262  2.09835678 -1.11215965] 2.030101382879212e-05 True
warning: basinhopping: local minimization failure
basinhopping step 18: f 3.87686e-05 trial_f 3.87686e-05 accepted 1  lowest_f 1.05078e-05
[ 5.34306125  0.02909882  0.57768354 -0.02039754  0.50166794  1.39385405
  0.1447242   0.32806804  0.15464062  2.24064541  0.01634119 -0.66750417
 -0.67223554 -0.49476126 -0.4246953   3.43096634  2.90024682  4.35397105
  7.10899095  2.76006977  6.10380768  4.5649412   0.38013882  6.04660261
  0.71672046  2.99663679  5.28478055  1.05229363  2.66691533  2.17796539
 -0.56331075 -0.59813315 -1.12071819  0.46658734  1.70409073  4.29159654
  4.26484014  2.15771491  1.59162948 -0.52571792] 3.8768613525496336e-05 True
warning: basinhopping: local minimization failure
basinhopping step 19: f 3.52821e-05 trial_f 3.52821e-05 accepted 1  lowest_f 1.05078e-05
[ 6.14436835  0.53196356  0.61590219  1.30495434  0.40047484  3.29430943
  0.59088036 -0.5492649  -0.1190514   1.1268285   0.02537537 -0.78146095
 -0.86422228 -0.41884708  0.34086293  3.3763642   2.70944343  3.66657886
  6.86588595  3.17325948  6.29045973  4.6027423   0.46087852  6.26929602
 -0.60102547  2.80344835  4.88102115  0.85167446  1.93958018  0.84107239
 -0.73043714 -1.09534336 -0.46766581 -0.5671402   2.12158533  4.50643399
  3.8057275   2.26156382  1.30483085 -0.44551355] 3.5282069420564375e-05 True
warning: basinhopping: local minimization failure
basinhopping step 20: f 2.04017e-05 trial_f 2.04017e-05 accepted 1  lowest_f 1.05078e-05
[ 5.98979396  0.22953893  0.66675633  1.28422556  0.29892461  3.22650386
  0.66125769 -0.18712652  0.12962095  2.07121146 -0.27255181 -0.62428424
 -0.58216935  0.12098881  0.28168892  3.18890971  2.63153025  3.88996611
  7.09439102  3.58308717  6.04682153  4.8119858   0.34071581  5.43956571
 -0.20855044  2.0100379   5.18972866 -0.29945203  1.79743449  0.91483521
  0.10340489 -1.00941824 -0.87257229 -0.73983147  1.43055431  4.87243248
  3.516649    2.23650896  1.36368438  0.30506852] 2.0401660029209466e-05 True
warning: basinhopping: local minimization failure
basinhopping step 21: f 1.13387e-05 trial_f 1.13387e-05 accepted 1  lowest_f 1.05078e-05
[ 6.02187038  0.13222551  0.5350811   1.65624155  0.79373969  3.37887537
  0.46969477  0.28622419  0.66601069  1.24421026 -0.07127842 -0.43575816
  0.24278519 -0.68092099  0.16626937  3.272291    1.02845929  3.298604
  5.88587329  2.95949309  5.98001538  5.47243468  0.46174487  5.93955625
 -0.40562934  1.77281543  4.67721835 -0.72282266  2.21392903  1.24138612
  0.00847889 -1.01204228 -0.66437224 -0.10445827  1.56524792  4.82142362
  3.41246721  1.42840642  0.53777037  1.01670227] 1.1338655792326134e-05 True
warning: basinhopping: local minimization failure
basinhopping step 22: f 3.03962e-05 trial_f 3.03962e-05 accepted 1  lowest_f 1.05078e-05
[ 5.56307425 -0.51479097 -0.03127411  1.02884737  0.27809372  3.27359027
  0.62243946  0.53939485  1.22842325  0.8225432  -0.11786028  0.51706162
  1.14194151  0.25421521  0.87290213  3.42954744  0.33800793  2.220143
  5.36921873  2.99838806  6.05003254  6.13295483  0.47195804  5.79920498
  0.71584339  2.51006633  5.41742563 -0.17336746  2.06502213  1.93064847
 -0.22948335 -1.32242793 -0.54992666 -0.51659589  0.91879412  4.83260052
  3.15062324  1.19236005  0.56308408  1.2526321 ] 3.0396181131923555e-05 True
warning: basinhopping: local minimization failure
basinhopping step 23: f 4.90876e-05 trial_f 4.90876e-05 accepted 1  lowest_f 1.05078e-05
[ 5.68917706 -0.29208117  0.63175014  0.865212    0.13140672  2.12046444
  0.25999012  0.25587938  0.63033195  1.07192872  0.08863016 -0.73484943
 -0.17680368 -0.69843204  0.01726089  2.77650899  0.07932615  1.93937228
  4.70152633  1.80542288  4.86552551  4.68007628 -1.10871312  5.70717278
  0.33952762  2.07338074  5.15224125 -1.09236276  3.20408249  2.69000232
  0.4446663   0.13394871 -0.54317352 -1.77440561 -0.76868556  3.28390627
  1.99403926  1.27478183  2.36135099  2.44688642] 4.9087552474025424e-05 True
warning: basinhopping: local minimization failure
basinhopping step 24: f 0.000117217 trial_f 0.000117217 accepted 1  lowest_f 1.05078e-05
[ 4.63149827 -0.42500999  1.19696329  0.80860872  0.40697118  1.60080279
  0.35480985  0.23262264  0.44369006  0.86462103  0.65060991 -0.31823919
  0.31116814 -0.58541006  0.48531655  2.72118092  0.5982533   2.42753074
  4.90277848  1.9223943   5.00453355  4.5635553  -0.55045454  5.83586482
 -0.35747096  0.98198433  5.96111855 -0.25722747  3.6079155   2.70249015
  0.50528595 -0.18939246  0.1082547  -0.92545656  0.20265629  3.47276366
  2.30907697  0.22600601  1.98848127  2.0976636 ] 0.00011721723256649354 True
warning: basinhopping: local minimization failure
basinhopping step 25: f 9.11839e-06 trial_f 9.11839e-06 accepted 1  lowest_f 9.11839e-06
found new global minimum on step 25 with function value 9.11839e-06
[ 5.80854026  1.10362678  2.12361837  1.36378071  0.3745483   1.22418002
  0.85672579  0.37241766  0.14506651  0.46346117  0.10629138 -0.38232734
 -0.30998343 -0.40134991  0.27054826  2.21856514  0.94228587  2.11137573
  4.97131447  2.13773896  5.81377687  4.67842689  0.27056992  6.21741285
 -0.0853877   1.01784913  6.3851954  -0.39449278  2.72143865  2.57037313
 -0.20824903 -0.31624    -0.36817012 -1.17349219 -0.62012439  2.74110419
  1.64720162 -0.71782658  1.12099023  1.10169044] 9.118392659270099e-06 True
warning: basinhopping: local minimization failure
basinhopping step 26: f 1.12671e-05 trial_f 1.12671e-05 accepted 1  lowest_f 9.11839e-06
[ 5.70589773e+00  1.27801187e+00  1.51665217e+00  1.23887021e+00
  4.98875854e-01  1.85188071e+00  8.67436329e-01  1.67556111e-02
 -2.85985985e-01  1.09603155e-01  8.75557814e-01  2.70493064e-01
  7.43242114e-05  1.44956153e-01  6.67774393e-01  2.65563322e+00
  6.81680525e-01  2.30006780e+00  5.15930704e+00  2.74107760e+00
  5.77688026e+00  4.37273436e+00 -2.18742580e-02  5.58026234e+00
 -3.12131279e-01  1.54975073e+00  6.16617393e+00 -3.48557154e-01
  1.58369153e+00  2.27428471e+00 -3.62406705e-01 -3.75405231e-02
 -5.85218629e-01 -8.01408811e-01 -4.05079681e-01  2.90417023e+00
  1.56773503e+00 -2.25398072e-01  1.93044015e+00  1.42752566e+00] 1.1267081011989618e-05 True
warning: basinhopping: local minimization failure
basinhopping step 27: f 2.16791e-05 trial_f 2.16791e-05 accepted 1  lowest_f 9.11839e-06
[ 5.06797916  1.01453735  1.10225041  0.70497527  0.6859202   1.41475406
  0.62933873 -0.21337845  0.20794682  0.32059261  0.82028809  1.14050751
  0.47243419 -0.65850514  0.17407344  2.6241567   0.74046558  2.19534557
  5.38176152  2.6061902   5.85924152  4.02356485 -0.29528348  5.7110655
  0.12155903  2.67703496  7.10223299 -0.32363747  0.55935627  1.57412399
  0.22572036 -0.06617335 -1.04330221 -0.41455455 -0.07866188  3.0917106
  1.09488613  0.3152879   1.45120978  1.11043225] 2.1679073305002432e-05 True
warning: basinhopping: local minimization failure
basinhopping step 28: f 2.40471e-05 trial_f 2.40471e-05 accepted 1  lowest_f 9.11839e-06
[ 5.04435736  1.25056087  1.26295211  0.47019757  1.06094533  1.06333727
  0.6889986  -0.28305291  0.3888271   0.95520874  1.31860852  0.63815948
  1.0100101  -0.31030366  0.55536976  2.17131474  0.22817382  1.76107558
  5.97425489  2.30508465  5.9058907   3.68958878 -0.21389865  5.60176552
  0.26487887  2.91922225  6.48748901  0.04357472  0.28749482  2.00139377
  0.48383551  0.34051211 -0.71918007 -0.78930984 -0.02650313  3.61018632
  1.50093317  0.35214459  1.15766333  1.28940962] 2.4047143511146995e-05 True
warning: basinhopping: local minimization failure
basinhopping step 29: f 5.47134e-05 trial_f 5.47134e-05 accepted 1  lowest_f 9.11839e-06
[ 5.55050632  2.00629596  1.900148    0.65114544  1.5893429   1.34681413
  0.4553492   0.0234209   0.70462614  0.84971433  1.26070554  0.81898271
  1.25760871  0.33117414  0.70273244  2.41832105  0.1396272   2.3432477
  6.80497313  3.00330056  6.15841432  3.90468245  0.53392758  4.93765553
  0.43869817  3.14475568  5.77877406 -0.03612661  0.18212362  2.24706285
 -0.0093264  -0.86472002 -1.32209809 -0.68603779 -0.32383992  3.65365067
  1.06550284  0.08717772  0.59677672  0.62947656] 5.471344311186478e-05 True
warning: basinhopping: local minimization failure
basinhopping step 30: f 1.76321e-05 trial_f 1.76321e-05 accepted 1  lowest_f 9.11839e-06
[ 5.7500573   1.47875297  1.28917287 -0.53774846  1.58863077  1.67000795
  0.37048491  0.78879266  1.15428852  1.33435737  1.18428912  0.26958499
  0.50092926 -0.03256234  0.6153507   1.39636103  0.67350616  2.53450696
  6.19474626  3.88860398  6.88025855  4.11790006  1.43225966  5.17861599
  0.5682384   3.40085878  5.01770917  0.05550797 -0.13258125  2.35520718
 -0.23838367 -0.31322848 -0.2747153  -0.37629994 -0.07658147  3.9533236
  1.15094935  0.29836736  0.83456152  0.88321886] 1.7632127346640628e-05 True
warning: basinhopping: local minimization failure
basinhopping step 31: f 7.51464e-05 trial_f 7.51464e-05 accepted 1  lowest_f 9.11839e-06
[ 4.72834989e+00  1.46546056e+00  1.39798455e+00 -4.06931963e-01
  1.75946628e+00  1.45824556e+00 -1.18173200e+00  5.17293693e-01
  1.26400482e+00  1.86632724e+00  1.58279595e+00  3.06283990e-01
  4.55082043e-03  4.48122383e-02 -1.20333627e-01  1.10234381e+00
 -1.81054843e-01  1.31497561e+00  6.61427284e+00  3.67558570e+00
  6.12821247e+00  3.87379495e+00 -4.83970244e-02  4.27903444e+00
  2.25160752e-01  4.03681637e+00  4.90256583e+00  7.90116626e-01
  9.98398956e-01  3.31363854e+00  4.41018948e-01 -3.99320095e-03
 -6.77019389e-01 -3.09599931e-01  4.67595605e-02  3.60656054e+00
  2.19925118e+00  4.88162483e-01  1.26912974e+00  3.04767422e-01] 7.514640833342953e-05 True
warning: basinhopping: local minimization failure
basinhopping step 32: f 6.47781e-05 trial_f 6.47781e-05 accepted 1  lowest_f 9.11839e-06
[ 4.97916699  1.28635042  1.44304003 -0.72352689  1.28457526  0.98662275
 -0.03644308  0.80626076  1.57183982  1.21670674  0.60240347 -0.32741931
  0.04458098 -0.11061762  0.01249755  0.92897991  0.4110854   0.87221888
  6.21437199  4.27493831  6.58038518  4.43820396  0.71028452  4.21776035
  1.17601295  4.96084106  4.88841747  0.57528102  1.26038344  3.36238505
  0.59115911 -0.55032412 -0.63844301 -0.0960893   0.4729318   3.48040544
  2.47897941 -0.57945673  0.41444631 -0.53642526] 6.47780770403107e-05 True
warning: basinhopping: local minimization failure
basinhopping step 33: f 7.34361e-05 trial_f 7.34361e-05 accepted 1  lowest_f 9.11839e-06
[ 4.26890962  0.60897423  1.51194765 -1.3941991   0.30832844  0.53694255
  0.05455708  0.38526901  1.78784639  0.508236   -0.88580965 -0.126534
  1.14537459  0.59440063  1.00425852  1.84042697  0.80729916  2.03138225
  6.54675228  5.12855805  7.33605269  4.39038194  1.08977634  4.06639347
  2.31994677  4.78458763  4.37662817  0.34862656  0.56394926  2.82196703
  0.53663988 -0.54055372 -0.36028027  0.13557146  0.50916617  3.26941949
  2.59224929  0.13747646  0.78474887 -0.91034335] 7.343608278606237e-05 True
warning: basinhopping: local minimization failure
basinhopping step 34: f 3.78374e-05 trial_f 3.78374e-05 accepted 1  lowest_f 9.11839e-06
[ 3.76208384e+00  5.90847491e-03  8.24033788e-01 -2.68141945e-01
  6.74247879e-01  1.03320605e+00  3.16884928e-01  3.61725888e-01
  1.83076055e+00  1.75880870e-01 -8.25021347e-02  8.27524770e-01
  1.36082873e+00  1.18760048e+00  1.89178405e+00  1.77415495e+00
  5.44148140e-01  2.12565835e+00  4.95372103e+00  3.62916322e+00
  6.58573608e+00  4.48726235e+00  6.90520520e-01  3.67980325e+00
  3.63590089e+00  5.65019488e+00  3.42119028e+00 -4.96285868e-01
  2.85383681e-01  1.80414507e+00 -1.80217902e-01 -7.24910227e-01
 -1.09482581e-01  2.32104069e-01  1.32467143e+00  3.60629447e+00
  2.88238820e+00 -3.51193698e-01 -5.38128064e-01 -1.22516892e+00] 3.783742581298973e-05 True
warning: basinhopping: local minimization failure
basinhopping step 35: f 3.62432e-06 trial_f 3.62432e-06 accepted 1  lowest_f 3.62432e-06
found new global minimum on step 35 with function value 3.62432e-06
[ 3.55081869  0.25250164  0.69662678 -0.26791819  0.29879391  0.96987244
  0.32072104  0.69500582  1.37809683  0.58365904  0.47841157  0.79378662
  1.72033811  1.29697459  2.4661832   2.31223206  0.96594472  1.90193894
  5.26986859  4.014645    6.29448917  4.08147488  0.76565013  3.75719607
  3.22130919  5.55927142  3.02313466  0.04636527  0.86060405  2.15198707
 -0.10952085 -0.42985982 -0.07413957 -0.51332925  1.33500125  4.06254977
  2.62392183 -0.63588651 -0.54292192 -0.2198609 ] 3.6243150776950677e-06 True
warning: basinhopping: local minimization failure
basinhopping step 36: f 1.32835e-05 trial_f 1.32835e-05 accepted 1  lowest_f 3.62432e-06
[ 2.38437837  0.35667144  0.43887544  0.67577426  1.20267255  0.66789521
  0.56584447  0.5287721   1.32689409  0.18236962  0.99846291  1.20345981
  1.30741219  1.37420395  2.74806266  1.65095551  0.49716286  1.70582624
  5.06842964  3.11028431  5.28721725  4.42226594  0.41069711  4.0260116
  4.30265214  6.08680746  3.03416151  0.30843456  0.22588941  2.41715015
  0.41686483 -0.26975778  0.28145581 -0.15934316  1.35339787  3.05036183
  2.34013993 -0.99424899 -0.11587345  0.16803388] 1.3283453586850247e-05 True
warning: basinhopping: local minimization failure
basinhopping step 37: f 1.64286e-05 trial_f 1.64286e-05 accepted 1  lowest_f 3.62432e-06
[ 3.15984440e+00 -2.09014198e-01  1.03154863e+00  8.76595190e-01
  1.50494967e+00  2.10890442e-01  6.23076026e-01  7.73304985e-01
  1.54377136e+00 -2.81713363e-03  1.00201556e+00  8.37010287e-01
  1.84457478e+00  2.28025327e+00  2.74637003e+00  1.76727977e+00
  1.03116592e+00  1.66520210e+00  4.48699581e+00  3.68219909e+00
  4.77956391e+00  3.49770701e+00  9.63842315e-01  4.18883016e+00
  3.77077437e+00  5.51586952e+00  3.20419052e+00 -2.56498480e-02
  7.21261619e-01  1.49797533e+00  5.42077635e-01 -1.12872501e-01
  7.07361960e-01  2.84715069e-01  5.55682586e-01  2.81467701e+00
  2.28682425e+00 -8.39938171e-01  3.70463482e-01 -6.19430274e-01] 1.6428557939931868e-05 True
warning: basinhopping: local minimization failure
basinhopping step 38: f 2.59067e-05 trial_f 2.59067e-05 accepted 1  lowest_f 3.62432e-06
[ 2.80666749  0.63247847  0.7046456   1.08384407  1.06696853 -1.01053186
  0.96991739  1.39313465  1.73863872  0.35548955  0.94339008  0.31034558
  1.52394914  1.63654243  2.39952025  1.54290701  0.93031956  1.55875019
  5.32507996  3.87408592  4.48699937  3.61663875  0.94690487  4.09412941
  3.4980247   5.87974304  2.27121771 -0.34502532 -0.21330425  0.78050317
  0.49604449  0.35991029  1.80833501  0.1151537   0.82221837  2.70171101
  2.10694701 -0.24905644  0.61546341  0.5954565 ] 2.5906675336758577e-05 True
warning: basinhopping: local minimization failure
basinhopping step 39: f 1.98288e-05 trial_f 1.98288e-05 accepted 1  lowest_f 3.62432e-06
[ 2.40096565 -0.10980445  0.96996263  0.30687189  0.82284642  0.07517429
  1.16626307  1.46764792  0.98271164  0.28225167  1.48691793  0.03213636
  1.33214497  1.56733292  3.05115283  1.59243261  0.61233436  1.29326327
  4.83585306  3.25987079  4.27934864  4.08570593  1.17170274  4.16813843
  4.29659454  6.40452431  2.57054201  0.2728476  -0.93959999  0.26342189
 -0.13467619  0.6278071   2.30431602 -0.3526849   0.39532303  2.53255003
  2.20570621 -0.04461443  0.43230776  0.60659639] 1.9828779925996643e-05 True
warning: basinhopping: local minimization failure
basinhopping step 40: f 2.44146e-05 trial_f 2.44146e-05 accepted 1  lowest_f 3.62432e-06
[ 1.79102193  0.5851719   0.89894727  0.40813532  0.61806099 -1.80323714
  0.60917215  0.82316458  0.79690712  0.60954827  1.53242767 -1.96023346
  0.10253597  0.09244666  2.87759192  1.06339577  0.55709916  1.28637171
  4.98017397  1.98583683  4.88631385  4.13545737  1.6451365   3.89353427
  4.53496774  6.38330421  2.5093947   0.52213157 -0.11456304  0.0199532
 -0.35300372  0.10517563 -0.03926065 -1.69024972 -0.70969135  2.6523084
  2.00257349  0.04670862  0.23399106  0.07112721] 2.4414600828432766e-05 True
warning: basinhopping: local minimization failure
basinhopping step 41: f 6.83029e-06 trial_f 6.83029e-06 accepted 1  lowest_f 3.62432e-06
[ 1.46489272  0.89996626  1.13666929 -0.03822518  0.38865481 -0.87313094
 -0.09936477  0.5785887   0.64033036  0.41592764  0.7795896  -2.03454808
 -0.01585521  0.57935493  1.79791544  0.23933801  0.37766941  1.6284033
  4.65968361  1.71018775  4.61300964  4.05244441  1.21194973  3.15095226
  4.55363302  6.4307124   2.48639932  0.59188668  0.39547871  0.67560695
 -0.43627719 -0.65213583 -0.38299627  0.04212411 -0.626121    3.02032615
  1.90763575 -0.56867335  0.32461791  0.32114749] 6.830288973026986e-06 True
warning: basinhopping: local minimization failure
basinhopping step 42: f 5.8847e-06 trial_f 5.8847e-06 accepted 1  lowest_f 3.62432e-06
[ 1.19804727  1.22347921  1.49543711  1.00444836  0.92990113  0.31636764
 -0.17343078  0.89783491  1.34499469  0.52090852  0.46311666 -0.11800525
 -0.50223966  0.50211139  1.77556199  0.25680384  0.62910236  1.0734184
  5.22695076  1.38541866  4.45034978  3.76244674  0.82330884  3.40780584
  4.2978576   5.8089843   1.68798621  1.18033174  0.36879008  0.17935714
 -0.43878454  0.11725043 -0.42858611  0.07006818  0.14864366  1.96430708
  1.83838126 -0.24197663 -0.69305811  1.12628239] 5.884697303458108e-06 True
warning: basinhopping: local minimization failure
basinhopping step 43: f 3.098e-05 trial_f 3.098e-05 accepted 1  lowest_f 3.62432e-06
[ 0.98574698  0.80610723  2.11543526  1.15738519  1.18745099  0.60042871
  0.41901854  0.80774083  1.16472992 -0.10845929  0.38163497 -0.41605626
 -0.3368659   0.53782598  1.90370593  0.10853308  0.22607036  0.4913882
  5.08263718  1.53777092  4.43642077  3.83236421  0.79509864  4.04768653
  4.1007994   6.20017038  1.78902379  0.94880783  0.3439609   0.1099437
 -0.6194191   0.36985815 -0.1975059  -1.0706367  -0.45476874  1.75496376
  1.40242954 -0.47053846 -0.35627739  0.26353832] 3.097998820989642e-05 True
warning: basinhopping: local minimization failure
basinhopping step 44: f 5.27601e-05 trial_f 5.27601e-05 accepted 1  lowest_f 3.62432e-06
[ 0.51082919  0.15800355  1.52293444  0.15541607  0.86126261  0.79470245
 -0.09023423  0.09370459  1.2870985   0.67591633  0.72273241  0.47328027
 -0.38678788  0.58670331  2.80923764  0.89522646  1.12245408  1.97974707
  5.07287658  1.54247754  4.42847168  3.43937967  1.13024653  4.00473787
  4.81515346  6.45164078  1.63203823  0.62383586 -0.26764967 -0.24234281
 -0.43345629 -0.01842123 -0.80037306 -0.0891475   0.46101137  2.38282262
  0.26098127 -1.02226076 -0.34884657 -0.41474642] 5.2760088006536726e-05 True
warning: basinhopping: local minimization failure
basinhopping step 45: f 1.33961e-05 trial_f 1.33961e-05 accepted 1  lowest_f 3.62432e-06
[ 1.38248578  0.77056296  1.57394537  0.14760033  0.46244515  0.54830909
 -0.50834048  0.54240782  1.10830835  0.94786426  1.95696418  1.05019278
  0.39997941  1.13406061  1.60211398  1.19376121  2.17198691  1.68520231
  5.39467105  1.24296263  4.30745261  3.06403846  0.36233757  2.53023173
  3.99783154  4.83133608  0.50273899  1.7797342   0.4946206   0.18693348
  0.00858327  0.80350522 -0.11848514 -0.61577121  0.1271676   0.66943065
  0.68163586  0.02469994 -0.16179532 -0.66312872] 1.339614206942781e-05 True
warning: basinhopping: local minimization failure
basinhopping step 46: f 0.000212208 trial_f 0.000212208 accepted 1  lowest_f 3.62432e-06
[ 1.7931082   1.39075036  1.86254167  0.43032439  0.81924584  1.18064869
  0.1539996   1.18637038  0.48152484 -1.07415983  0.25149238 -0.09762561
 -1.154381    0.1416275   0.63765348  0.98616141  2.34363418  1.04932608
  4.31435806  1.47187714  5.4704739   4.17404175  0.10259705  2.66071576
  4.09477806  4.17125336  0.55148493  3.22951795  0.80649269  0.57900433
  1.49618841  0.9745398   0.03351134 -0.23987377 -0.05677832  1.14206402
  0.35499573 -0.4977604  -0.5757616  -0.85784156] 0.00021220774878186524 True
warning: basinhopping: local minimization failure
basinhopping step 47: f 9.7754e-06 trial_f 9.7754e-06 accepted 1  lowest_f 3.62432e-06
[ 2.1167593   1.3086455   1.75969526  0.89149352  1.83522152  1.38559352
  0.21289562  1.23299198  0.45743469 -1.54363795  0.09863453  0.23121168
 -0.49464749 -0.05386058  0.77353447  0.06795863  1.89654738  0.47717711
  4.28770054  1.69046517  6.17085304  4.1692688   0.38700979  3.08467524
  3.4430991   4.18266784  0.14826013  2.49283842  0.37150187  0.18842347
  0.86793527  0.85127963 -0.15364439 -0.04699133 -0.22880818  0.82508894
  0.46726801 -0.54616266 -0.64752105 -1.14531871] 9.775395327266337e-06 True
warning: basinhopping: local minimization failure
basinhopping step 48: f 2.22843e-05 trial_f 2.22843e-05 accepted 1  lowest_f 3.62432e-06
[ 1.88494693  0.96972324  1.43352913  1.51873056  2.21992229  1.43921012
  0.64380209  0.74163057  0.00796373 -0.86518698  0.19041394  0.38818183
 -0.03494596  0.20424311  0.61234831  0.5990439   1.53967928  1.18931288
  3.30737801  1.2359239   5.64743387  4.42452275  0.17905178  3.26134164
  2.62190612  3.99610271 -0.37464751  1.82458781 -0.30215882 -0.04523688
  0.75942437  0.02170531 -0.55385826 -0.0889147  -0.43880184  0.11501025
  1.04833888  0.05072789 -0.08120667 -0.70402233] 2.2284327300096604e-05 True
warning: basinhopping: local minimization failure
basinhopping step 49: f 9.96853e-06 trial_f 9.96853e-06 accepted 1  lowest_f 3.62432e-06
[ 2.40716965  1.72353119  1.36144618  0.66638155  2.52470372  1.86926602
  0.76051621  1.09972873  1.26016967  0.06061271  0.33174094 -0.16079687
  0.04672965  0.50335708  1.05927732  0.80760335  2.25804657  1.78287672
  4.15671135  0.21262833  5.64381394  3.98638712  0.66858205  3.63595319
  2.5541338   3.10926314 -0.55071654  2.27531993  0.08949564  0.50831068
 -0.09405714  0.03891829 -1.03799701 -0.60431049 -0.02136811 -0.34405152
  0.5081845  -0.05999149 -0.51766841 -0.70724304] 9.968533278890394e-06 True
adaptive stepsize: acceptance rate 0.980000 target 0.500000 new stepsize 0.555556 old stepsize 0.5
warning: basinhopping: local minimization failure
basinhopping step 50: f 2.57688e-05 trial_f 2.57688e-05 accepted 1  lowest_f 3.62432e-06
[ 1.70934378  1.44110261 -0.71240071  1.45137756  2.55748359  1.73495549
  0.71889515  1.09948882  0.12417509 -2.18451607 -0.1895336  -0.11783561
  0.68382658  0.81339039  0.63096728  0.66139215  1.73588378  1.52475027
  3.84444241 -0.09119651  5.83959939  3.88621015  0.14393108  3.23173602
  2.21705581  3.34536253 -0.18947561  2.41457559 -0.12792603  1.26737522
  0.63266884  0.74249011 -0.37575723 -0.09293926 -0.01495526  0.21044063
  1.02123173  0.07133209 -0.47887389 -0.84151732] 2.576875396493194e-05 True
warning: basinhopping: local minimization failure
basinhopping step 51: f 1.99522e-05 trial_f 1.99522e-05 accepted 1  lowest_f 3.62432e-06
[ 2.45781147  1.95380537  0.78750771  1.75841215  1.85281591  1.12902885
  0.61980097  0.8138825   1.54089646  0.2015143   0.04057439 -0.18350075
 -0.01424578  0.89893237  0.89263141 -0.35808697  1.0847356   1.30396231
  3.78259793  1.3553333   5.13764571  3.79873252  0.40632659  2.66029105
  2.79122648  3.43281273  0.0190443   2.84039808  0.42600165  0.39734262
 -0.83576656 -0.41748794 -0.60669595 -0.16433681  0.43588958  0.73166024
  0.57521654 -0.55993932 -0.58774878 -0.18172466] 1.995222226663393e-05 True
warning: basinhopping: local minimization failure
basinhopping step 52: f 1.32747e-05 trial_f 1.32747e-05 accepted 1  lowest_f 3.62432e-06
[ 2.59893999  2.09041302  1.0608043   2.23027201  1.45766459  1.71899661
  0.68467344  1.03101712  1.11325637  0.14949653  0.40078438 -0.033263
  0.49298534  1.29427386  1.3842778  -0.0945323   1.38875228  0.92186229
  3.2974473   1.32837835  5.01084667  4.21523164  0.40089041  2.66435131
  2.87358771  3.64790816  0.71431672  2.99474126  0.54766329  0.78570987
 -0.93998329 -0.22669759 -0.52267584 -0.10772748 -0.42908082  0.73553446
  1.22578414  0.11484733  0.06187382  0.46117603] 1.3274663808738475e-05 True
warning: basinhopping: local minimization failure
basinhopping step 53: f 1.31079e-05 trial_f 1.31079e-05 accepted 1  lowest_f 3.62432e-06
[ 3.35577234e+00  2.41811295e+00  1.60673162e+00  2.26357546e+00
  1.64842142e+00  1.28885600e+00  1.24258218e+00  9.21790829e-01
  8.55258665e-01  2.96506278e-01  9.12821493e-01  2.47036324e-01
  3.94704386e-01  1.52515466e+00  1.91845438e+00  1.32284076e-01
  1.42045735e+00  1.40554339e+00  3.89865148e+00  1.45527914e+00
  4.69927201e+00  3.66496397e+00  2.02754159e-01  2.90730579e+00
  2.28883885e+00  3.26548073e+00  4.23391608e-01  2.72226894e+00
  9.37169874e-01  7.57515406e-03 -4.15091887e-01  1.07359726e-01
 -2.53574829e-01  2.65045020e-02 -4.13587459e-03  1.13767120e+00
  1.59710700e+00  5.45108760e-01  7.73121257e-01  8.71683566e-01] 1.3107913151966114e-05 True
warning: basinhopping: local minimization failure
basinhopping step 54: f 1.47066e-05 trial_f 1.47066e-05 accepted 1  lowest_f 3.62432e-06
[ 2.90909067  2.15185381  1.65863344  1.81993686  1.74648601  0.99346632
  1.16823287  0.56116239  0.34656083  0.46024232  1.17115482  0.40476295
  0.15142044  1.12862312  1.94017765  0.93426868  1.51603359  1.3161787
  3.3936542   1.44976436  4.89807627  4.01247347  0.24874593  2.27434087
  2.23393579  3.59671056  0.09479039  3.14434071  0.87071026 -0.35803874
  0.21423136  0.21567418 -0.21599086 -0.11068062 -0.6084159   1.27965204
  0.60476309  0.1453961   0.3495413   0.73038949] 1.4706621336694278e-05 True
warning: basinhopping: local minimization failure
basinhopping step 55: f 2.71767e-05 trial_f 2.71767e-05 accepted 1  lowest_f 3.62432e-06
[ 2.76621610e+00  1.57794189e+00  1.13013486e+00  1.49624566e+00
  6.48147185e-01  4.68685579e-01  1.20442252e+00 -1.09456182e-01
  5.55261443e-01  8.32790503e-01  1.33002205e+00  1.33491351e+00
 -1.51971212e-03  1.00899222e+00  1.84535354e+00  1.77025067e+00
  1.04299974e+00  1.06084021e+00  3.84444053e+00  1.91738758e+00
  5.46012973e+00  4.14810833e+00 -3.82745176e-01  1.68119934e+00
  1.77569441e+00  4.18091463e+00  6.67082892e-01  2.97948207e+00
  1.45762310e+00 -3.78316230e-01  2.66096367e-01  7.29349437e-01
 -3.20416837e-02  2.32913286e-01 -6.86834248e-03  1.72107617e+00
  9.28542472e-02 -1.85452272e-01  1.95980565e-01  3.53340998e-01] 2.7176693550992785e-05 True
warning: basinhopping: local minimization failure
basinhopping step 56: f 2.78439e-05 trial_f 2.78439e-05 accepted 1  lowest_f 3.62432e-06
[ 2.95016118  1.88836815  0.10341411  1.19300552  0.77837628  0.38988625
  2.11784667 -0.12911631  0.71783384  0.6483531   1.54051721  1.52322648
  0.55868896  0.95061056  2.19520921  1.61704512  0.69284591  1.52266742
  4.49688103  1.49669027  5.11828236  2.80147248 -1.32962151  0.9063797
  0.75704537  3.35168424  0.8090006   3.38363643  3.01415732  1.07968638
  0.72606436  1.20405724  0.1704789   0.77882946  0.03819604  0.98201865
 -0.14566113 -0.50592097 -0.77017962 -0.09276868] 2.784391869394648e-05 True
warning: basinhopping: local minimization failure
basinhopping step 57: f 9.572e-05 trial_f 9.572e-05 accepted 1  lowest_f 3.62432e-06
[ 2.98772554  1.96420739  1.4710171   1.96161853  1.08055353  0.2807421
  2.46736185  0.8373445   0.89995348  1.17403993  1.98080913  1.25548901
  0.47988627  0.88109147  2.86924637  0.75645944  0.04034502  0.71395076
  4.29373504  0.177617    4.50201486  1.82319384 -1.41584807  0.58726355
  0.84053848  3.06609897  0.9823816   3.3544481   3.2044328   1.1136595
  1.23725535  1.658604    0.15844688  0.81108455 -0.14883766 -0.06502388
  0.47433646 -0.38971245 -0.61417296 -0.89925214] 9.571998137979512e-05 True
warning: basinhopping: local minimization failure
basinhopping step 58: f 2.55753e-05 trial_f 2.55753e-05 accepted 1  lowest_f 3.62432e-06
[ 2.59395307  1.97020239  1.44703146  1.34890655  0.76699471  1.15492507
  2.25881124  0.37720964  1.93223554  1.51626034  0.73316726  0.73072793
 -0.51120759  1.52081904  3.48010158  0.30438394  0.17693238  0.25332488
  3.96168642 -0.23883042  3.77383909  1.60090226  0.12664386  1.62903645
  1.02085558  3.79256963  0.30300277  2.38897604  2.98139548  0.77690932
  0.30733364  0.90755246  0.18338176  2.0176384   0.16349681  0.57701238
  0.60014026 -0.04397505 -0.72271576 -0.82019256] 2.5575304660348407e-05 True
warning: basinhopping: local minimization failure
basinhopping step 59: f 2.44085e-05 trial_f 2.44085e-05 accepted 1  lowest_f 3.62432e-06
[ 3.34188905  3.67994122  1.75955508  1.04434568  1.12139951  1.57323793
  2.24398638  0.53890499  1.45049181  1.76992245  0.97648632  0.52490776
  0.41921064  2.3169413   3.4620167   0.67438107  1.17941262  0.99278526
  4.7554902   0.47368042  3.23748938  1.35792408  0.18346458  1.00830649
  0.53170247  3.65211243  0.36960318  2.4474221   2.78991692  0.28411319
  0.07055979  0.85575396  0.44409373  2.17790237 -0.56014564 -0.93277936
 -0.51912266 -0.71204336 -2.01800649 -1.71214197] 2.4408537497630352e-05 True
warning: basinhopping: local minimization failure
basinhopping step 60: f 6.62173e-06 trial_f 6.62173e-06 accepted 1  lowest_f 3.62432e-06
[ 3.95341181  3.01695099  1.04082229  1.35601627  1.54441902  1.04292041
  2.88443878  0.81775459  1.13321664  1.466163    0.7982774   0.5214313
  0.6609264   2.92162328  3.44583816  0.55847622  1.0809485   1.81365262
  4.20594977  1.16081101  3.63812796  2.55288019 -0.12183376  0.94243159
  0.0885117   3.8444674   0.00657876  2.62992837  2.08249226  1.02510482
 -0.06812659  0.09710535  0.12914604  2.22944477 -0.32310226 -0.46339401
 -0.37252019 -1.74054617 -1.51976583 -1.85229139] 6.621730748849127e-06 True
warning: basinhopping: local minimization failure
basinhopping step 61: f 0.000113039 trial_f 0.000113039 accepted 1  lowest_f 3.62432e-06
[ 3.51376079  1.82851136  1.02581321  1.51620191  1.4543454   1.46029946
  3.23350082  1.10346907  0.68017268  1.7044633   0.34942883  1.46611133
  0.36506633  2.5167254   2.77919041 -0.05381099  0.68421488  2.24931067
  5.02015225  0.59020851  3.50725135  2.16593603 -0.44352793  0.14010203
  0.43642655  3.65364635  0.57793882  2.67209071  2.44270361  0.40521286
  0.24323953  0.55708855  0.35182454  2.41165765  0.45736675  0.05972334
  0.62345184 -0.67308794 -0.89046824 -0.44909329] 0.00011303916585960926 True
warning: basinhopping: local minimization failure
basinhopping step 62: f 1.66305e-05 trial_f 1.66305e-05 accepted 1  lowest_f 3.62432e-06
[ 4.16488769  2.10508611  1.74346259  0.80577165  1.20315431  0.93527462
  2.29402448  1.53087166  0.03544575  2.21288516  1.19921141  1.28325386
  0.5561523   3.02209512  2.79481631  0.7179549   0.82699692  2.77867173
  4.56992597 -0.18974148  3.28004966  3.21437299 -0.16695937  0.43373949
  0.81551287  3.80718762  0.43916218  1.23990575  2.08368794  1.03731072
  0.3606073  -0.13544376 -0.17550082  2.24958947  0.28418767  0.08632581
  0.51921243 -0.80267171 -0.45624139  0.22198308] 1.6630501452168185e-05 True
warning: basinhopping: local minimization failure
basinhopping step 63: f 2.73992e-05 trial_f 2.73992e-05 accepted 1  lowest_f 3.62432e-06
[ 4.35456566  2.17014446  1.50317435  0.6406636   0.83362914  0.6669013
  2.88042259  0.84829658  0.21349103  1.64915321  0.71099682  0.59150334
 -0.15110477  2.48402315  1.72371556 -0.44108876 -0.03415372  2.2963457
  5.48298678  0.47573001  2.70628827  2.61646968  0.46999511  1.02975988
  0.99129198  3.29966454 -0.07791274  1.40597644  2.84680359  0.87296421
  0.46038082 -0.33279551 -0.46794327  2.27726497 -0.29738206  0.19663939
 -0.47047027 -0.69079116 -0.90321101  0.13304625] 2.7399177683716884e-05 True
warning: basinhopping: local minimization failure
basinhopping step 64: f 2.87233e-05 trial_f 2.87233e-05 accepted 1  lowest_f 3.62432e-06
[ 3.70579441e+00  1.05986164e+00  1.36469602e+00  2.63413665e-01
  3.60696812e-01 -2.88333963e-01  2.10481100e+00  3.30266469e-02
  1.50484464e-03  6.83431687e-01  5.88350901e-01  7.98305413e-01
  7.78141165e-01  2.74710877e+00  2.62359972e+00  6.99600953e-02
  1.01948067e+00  2.44021959e+00  5.93996204e+00  3.05345219e-01
  3.19328641e+00  4.21541509e+00  1.73309152e+00  1.33389611e+00
  1.78010110e+00  4.29922680e+00  5.16442606e-01  1.18055372e+00
  3.49442879e+00  1.34288876e+00  8.65571379e-01 -5.12950845e-02
 -1.44776463e-01  2.63544714e+00 -1.31209214e-01 -1.64998134e-01
 -5.39289301e-01 -8.48015688e-01 -1.15198202e+00 -3.03728472e-01] 2.8723272247154575e-05 True
warning: basinhopping: local minimization failure
basinhopping step 65: f 8.74327e-06 trial_f 8.74327e-06 accepted 1  lowest_f 3.62432e-06
[ 3.5482951   1.08899627  1.69515946  0.87567485  1.02452957  0.55155478
  1.62847402  0.21953228  0.66412983  0.90668754  0.59362986  0.73890168
  0.71963238  2.3978542   2.44798787 -0.53466004  0.99238792  2.47596976
  5.67793861  0.28117485  3.24699663  3.45178146  2.292129    0.48219002
  1.4361788   4.00769655  0.53837792  1.07331724  3.26617371  1.14204497
  1.16955315  0.56924924  0.47886322  2.60363189 -0.18417388 -0.29264571
 -0.88355971 -0.69849268 -1.07226797 -0.10398639] 8.743268504884517e-06 True
warning: basinhopping: local minimization failure
basinhopping step 66: f 2.95676e-05 trial_f 2.95676e-05 accepted 1  lowest_f 3.62432e-06
[ 3.11322524  0.79407397  2.50975024  0.77077175  1.3841372   0.90457166
  1.40687169  0.40951045  0.35247411  1.5733648   0.86994109  0.50231939
  0.39349599  1.97409881  2.19680001  0.23178361  1.14981772  2.86315067
  5.82982907  0.53011262  3.31212281  2.86480846  2.59436555  0.54380936
  0.98972263  3.93907023  0.70586309  0.60446603  2.77234856  0.6244728
  1.29342581  0.60440419  0.85476378  2.34959213 -0.14251706 -0.44590585
 -0.76156041 -0.62939776 -0.72400556 -0.79485831] 2.9567630839245662e-05 True
warning: basinhopping: local minimization failure
basinhopping step 67: f 5.38044e-05 trial_f 5.38044e-05 accepted 1  lowest_f 3.62432e-06
[ 3.81830168  0.82681662  3.03554461  0.0244409   0.96633057  1.05561908
  1.37869646  1.01283699  0.84941795  1.19369812 -0.03822116  0.00855693
 -0.24065032  1.03234812  2.12095564 -0.07812638  1.01916472  3.46995124
  5.89167831  0.43282241  3.27213176  2.94752448  3.74311961 -0.39009595
  0.69158458  4.3684327   1.599661    0.72825786  2.67974659  1.09995094
  0.88530869 -0.33077239 -0.08114997  1.86241053 -0.18586408  0.07892334
 -0.70782938 -0.64594403 -1.33447456 -1.018606  ] 5.380444332841347e-05 True
warning: basinhopping: local minimization failure
basinhopping step 68: f 1.776e-05 trial_f 1.776e-05 accepted 1  lowest_f 3.62432e-06
[ 4.02559537  0.37698893  2.82142484  0.81152203  0.92680808  1.28586091
  1.38785444  0.55238658  0.7549497   0.13090726  0.27892382 -0.11878959
  0.36858059  2.14188516  2.49537889 -0.9475854   0.37395558  2.4408357
  4.90273362 -1.2525279   2.60082744  2.9400062   3.15313741  0.08589685
  0.51889367  4.34645321  2.4717843   1.38410569  2.94119181  1.70266552
  1.06868347  0.11172745  0.25243769  2.2759365   0.0736184  -0.27899605
 -0.51469001 -0.08734252 -0.16109551  1.00008504] 1.7759976717628573e-05 True
warning: basinhopping: local minimization failure
basinhopping step 69: f 2.99442e-05 trial_f 2.99442e-05 accepted 1  lowest_f 3.62432e-06
[ 4.75806199  1.18050923  3.64799033  0.83681878  1.68373854  1.39223103
  1.4465186   1.32966974  1.95805196  0.54054596  0.20430861 -0.22522613
  0.45771635  2.45983432  2.86721229  0.33464522  0.58071753  2.90384863
  4.757715   -0.02937341  2.65245035  3.16039692  3.33071725  0.27739332
  0.37712703  4.51745422  1.80335127  1.13175409  3.18377361  1.01686572
  0.82026411 -0.18521626 -0.1616024   2.45678614 -0.05710439 -0.2106125
 -0.29266131 -0.28831319 -0.49505592  0.7257721 ] 2.994416881145959e-05 True
warning: basinhopping: local minimization failure
basinhopping step 70: f 2.0629e-06 trial_f 2.0629e-06 accepted 1  lowest_f 2.0629e-06
found new global minimum on step 70 with function value 2.0629e-06
[ 5.16243299  1.67253612  3.25523567  1.16583851  1.87045964  0.89878569
  1.00520493  1.57744535  1.92753486  0.72078234  0.60532137  1.13385419
  0.32201701  2.10350589  3.09468522  0.64757769 -0.14092632  2.46284937
  5.28758552  0.16064546  3.41549436  3.447996    3.85072514  0.16863765
  0.24720576  4.3606734   0.82456143  0.69471907  2.72411885  0.6636248
  0.88923765  0.11469055 -0.56403053  1.85740107 -0.43077002  0.12173754
 -0.20824734 -0.21409063 -0.26986208  0.74263871] 2.0628963874388722e-06 True
warning: basinhopping: local minimization failure
basinhopping step 71: f 2.97388e-05 trial_f 2.97388e-05 accepted 1  lowest_f 2.0629e-06
[ 5.33373119  1.80900617  3.60507052  0.80834469  2.3133919   1.74859082
  1.44373167  1.68310117  1.56517637  0.45837792  0.38509645  0.24418521
 -0.70031871  2.42995996  3.14147141  0.81204599  0.75834792  1.95774591
  4.35573743  0.25274031  3.38428781  3.83606363  4.40121745  0.41280466
  0.39662256  3.80451788 -0.4712556   0.47624242  2.25680725 -0.11830139
  0.18884833 -0.17378332  0.20983475  0.21734162 -0.80516901  0.13060533
 -0.65730785 -0.01487265 -0.2087459   1.10586699] 2.973883361503903e-05 True
warning: basinhopping: local minimization failure
basinhopping step 72: f 1.79051e-05 trial_f 1.79051e-05 accepted 1  lowest_f 2.0629e-06
[ 4.83023106e+00  2.31130362e+00  3.38340292e+00  8.54215589e-01
  2.63445889e+00  2.23394698e+00  1.60482348e+00  1.59133767e+00
  1.52895932e+00  5.39326555e-01  6.00446699e-01  9.99659245e-01
  3.24446011e-01  1.65498971e+00  3.14260463e+00  7.93865683e-01
  9.30845696e-01  1.81769100e+00  3.81738283e+00  2.16058110e-01
  3.06256766e+00  3.44529981e+00  4.71611604e+00  4.77234061e-01
  4.90152763e-01  4.51537631e+00 -5.19288029e-01  1.49843012e-01
  9.35795077e-01 -4.04719267e-01  2.85774153e-02 -5.90521024e-01
  5.48434838e-02 -2.29728745e-01 -1.48710426e-01  1.56671695e-01
 -1.94589853e-03  7.06673613e-01  7.60071076e-01  1.86821716e+00] 1.7905094947415377e-05 True
warning: basinhopping: local minimization failure
basinhopping step 73: f 7.00633e-05 trial_f 7.00633e-05 accepted 1  lowest_f 2.0629e-06
[ 4.29696949  1.44569605  2.14748291  0.33512213  2.19677009  2.77513706
  1.32455523  1.87753716  2.14799198 -0.29911874  0.25422366  1.10126217
  0.60637168  2.32210343  2.29178792  0.51036259  0.6099448   1.51974156
  3.16103106 -0.44309768  2.78288628  2.44916728  4.64453908 -0.60582051
 -0.27300066  3.82646904 -0.25653458  0.14881701  0.15104878  0.17475819
  1.26370392  0.22670421  0.34291859  0.15499835  0.53700578  0.67447772
  0.25806471  1.17915369  0.66839576  2.85057008] 7.006331108715908e-05 True
warning: basinhopping: local minimization failure
basinhopping step 74: f 2.3341e-05 trial_f 2.3341e-05 accepted 1  lowest_f 2.0629e-06
[ 3.43983788  1.20750114  1.2263873  -0.88063973  1.88626661  2.55861526
  2.06124939  1.42164177  2.46826628  0.06882227 -0.32195983 -0.24698199
 -0.01296757  1.40513206  2.04724318 -0.06769803  0.55209239  0.98720683
  2.67583027  0.01139673  3.09601964  2.59119071  5.90733856  0.78306238
  0.64749611  3.70931753  0.45103009  0.66022444 -0.61303576 -0.00979088
  1.09216887  1.35372293  0.08213585  0.14443814  0.73951034 -0.39366802
  0.50975758  1.3866215   0.97718489  3.22131099] 2.3340958847564742e-05 True
warning: basinhopping: local minimization failure
basinhopping step 75: f 4.27419e-05 trial_f 4.27419e-05 accepted 1  lowest_f 2.0629e-06
[ 1.76684100e+00  1.21270034e+00  8.59912352e-01 -6.10751790e-01
  1.16664889e+00  1.91333894e+00  2.56904771e+00  1.75920482e+00
  2.52385298e+00  1.10035254e+00 -4.07070721e-01 -2.94562059e-01
 -7.69638215e-01  2.87729607e-03  5.27783824e-01  5.87797170e-02
 -5.08051467e-01  2.00564842e+00  1.67764660e+00 -1.81337936e-01
  2.82384230e+00  2.90546957e+00  6.19172719e+00  8.06957330e-01
 -5.35347047e-02  2.57923156e+00 -2.32395083e-01 -4.30670117e-01
 -1.08869281e+00 -1.02660163e+00 -2.67724599e-01  9.73436857e-01
  7.96128992e-02  8.00962051e-01  2.00352537e+00  5.21579056e-01
 -3.97928189e-01  5.93107278e-01  1.04991571e+00  3.39180109e+00] 4.2741902451217484e-05 True
warning: basinhopping: local minimization failure
basinhopping step 76: f 4.51771e-05 trial_f 4.51771e-05 accepted 1  lowest_f 2.0629e-06
[ 0.55004825  0.27428981  0.51537413 -0.42094722  1.39889258  1.79322756
  1.70538572  1.37939167  3.22949977  0.92871008 -0.21348276  0.95668777
 -0.20865574 -0.80472472 -0.6399666   0.03632495  0.29173143  2.98932627
  2.1009578  -0.05794405  2.93252166  2.65249137  5.53519463  0.61941946
 -0.50110898  0.71778028 -0.55317507 -0.4983139  -1.21762383 -0.03647694
  0.60959368  0.9826787   0.44680232  0.73667407  3.12070351  0.78200077
  0.56894348  0.92891421  1.7684667   4.27444637] 4.517709549739321e-05 True
warning: basinhopping: local minimization failure
basinhopping step 77: f 2.02835e-05 trial_f 2.02835e-05 accepted 1  lowest_f 2.0629e-06
[-1.16371218 -1.00391378 -0.69373187 -0.28736414  0.5614381   1.9219158
  0.52478856  1.73945795  3.45360995  0.02641101 -0.32712467  0.36777955
 -0.02344308 -0.65356191 -0.2002361   0.14927177 -0.02415529  3.76582219
  1.6028793   0.44161795  3.10020793  2.87710973  6.02354019  1.17748739
 -0.51170705  0.49322475 -0.40775911 -0.36097702 -0.39847146  0.90315215
  0.88019463  1.21268431  0.30176599  0.92956294  2.92230848  1.07627086
  1.41995723  1.5254056   2.40015106  4.11322964] 2.0283495525447252e-05 True
warning: basinhopping: local minimization failure
basinhopping step 78: f 9.28101e-06 trial_f 9.28101e-06 accepted 1  lowest_f 2.0629e-06
[-1.46328509 -1.63209845 -1.28090109 -0.48267943  0.12524878  2.36160556
  0.05561237  1.21130752  3.44675368 -0.49210308 -0.55292746  0.21711334
 -0.36770169 -0.117762    0.22205116  0.9234659   0.52072126  4.31257746
  1.36151318  0.18909475  3.36635446  3.36902716  5.91670641  1.20603838
  0.3854044   1.57099208  0.71902231  0.9614494   0.46145037  0.48438514
  0.59727745  1.66995084  0.33369932  0.29173962  2.73750171  0.84529422
  1.53139273  1.41786922  2.43362108  4.37062369] 9.281010131060817e-06 True
warning: basinhopping: local minimization failure
basinhopping step 79: f 2.46918e-05 trial_f 2.46918e-05 accepted 1  lowest_f 2.0629e-06
[-0.93392105 -0.01531609 -0.32625313 -0.04895791 -0.01805245  2.00175645
  0.65634522  0.87790175  3.42066011 -0.74113796 -0.10124416 -0.2062098
  0.12118739  0.17227066 -0.09485975  1.24526638  1.17945261  4.97798353
  1.23800306  1.09822338  3.71697964  4.00456093  5.24892466  1.78155489
  0.16968652  1.57101152  1.06755438  1.14354511  0.20653869  0.43670937
  0.20577892  1.66537584  0.02615766  0.26752552  3.0550396   1.41899922
  1.21594177  1.21710559  2.97400718  3.85411429] 2.469184262893047e-05 True
warning: basinhopping: local minimization failure
basinhopping step 80: f 9.08295e-06 trial_f 9.08295e-06 accepted 1  lowest_f 2.0629e-06
[-1.35570357 -0.38158648  0.14963561 -0.33255253  0.25686821  2.06642837
  0.43752312  0.49294673  3.08831724 -0.26794346  0.44546079 -0.07254787
 -0.14455287  0.18365379  0.51688055  1.70827677  1.35390043  4.75645872
  1.39939173  1.20620127  3.78782069  3.8867867   4.68400624  1.61328728
 -0.27635181  1.76927268  0.82753945  0.96519652  0.74996925  0.02949096
  0.35603587  2.38823172  0.61661399  0.59773155  3.49570565  2.04783887
  0.80097034  1.12044343  2.71391013  4.49020669] 9.0829544551972e-06 True
warning: basinhopping: local minimization failure
basinhopping step 81: f 6.06453e-05 trial_f 6.06453e-05 accepted 1  lowest_f 2.0629e-06
[-5.10282404e-01 -6.44887974e-01 -1.01945666e-01 -4.17117289e-01
  6.46571203e-01  1.09488812e+00  2.12370650e-01  2.84812131e-01
  3.81942333e+00 -1.90710439e-01  1.03273099e+00  4.96594777e-01
  6.42697687e-01 -2.26929169e-01  4.98019521e-01  1.59848648e+00
  9.03798231e-01  5.29558526e+00  1.80262507e+00  1.22342638e+00
  4.03775326e+00  3.57043713e+00  5.01201725e+00  1.39875155e+00
  3.97928253e-03  1.75246743e+00  1.65776827e+00  1.39665669e+00
  5.62243689e-01  5.49816637e-01 -7.07738558e-02  2.55214448e+00
  8.02172996e-01  5.74652527e-01  3.49915544e+00  2.11550220e+00
  4.50495943e-01  1.30476304e+00  2.75243244e+00  4.45859018e+00] 6.0645316487263615e-05 True
warning: basinhopping: local minimization failure
basinhopping step 82: f 2.07709e-05 trial_f 2.07709e-05 accepted 1  lowest_f 2.0629e-06
[-0.74923715 -1.02728913 -0.55609828 -0.2824713   1.09024462  0.57022954
 -0.05422536 -0.05401677  3.74198917 -0.34977213  0.81931105  1.27991938
  0.30053938 -0.18018871  0.98863275  1.75717755  0.80822423  5.67079827
  1.7570217   0.71368248  3.78112938  3.73884382  5.91758781  0.45503821
  1.31833168  1.45733735  1.14123745  1.43250324  0.68988732  0.51971438
  0.35143955  2.77955718  0.68517293  1.14855495  4.23108094  2.42430114
  0.97118193  1.11166895  2.08719197  4.7563613 ] 2.077085806548804e-05 True
warning: basinhopping: local minimization failure
basinhopping step 83: f 2.56877e-05 trial_f 2.56877e-05 accepted 1  lowest_f 2.0629e-06
[-0.46014644 -0.93791199 -0.28365602 -0.59586766  0.92515612  0.1767616
 -0.04178236  0.73593226  4.04109128  0.33382632  0.82179012  2.53294656
  0.1534433  -0.29089728  0.70313581  1.06881545  0.45930758  4.90210807
  1.54792554  0.19884079  4.34129617  4.02451107  6.19050727  1.08708428
  1.76231263  1.90025553  1.27519496  1.57662254  1.16900035  0.41177687
  0.24251876  2.82820189  0.70208903  0.62455472  3.76010903  2.38956059
  0.43997211  0.85400914  2.47062467  4.83370952] 2.5687747471428645e-05 True
warning: basinhopping: local minimization failure
basinhopping step 84: f 2.62231e-05 trial_f 2.62231e-05 accepted 1  lowest_f 2.0629e-06
[-1.04440765 -0.82953719 -1.19619426 -0.70884182  0.44372423  0.99134963
 -0.28655008  0.37041217  3.09031854 -0.54547116  0.32313233  1.07985728
  0.31238535 -0.25882918 -0.52949665  0.9837344   0.27834537  4.54363635
  0.72777642 -0.28650336  4.28422712  4.95884564  6.5389027   0.69277864
  1.76319672  3.39290131  1.56201858  1.11784583  0.26294323  0.53274423
  0.38437567  3.80512483  0.99174135  0.93822331  3.46000097  2.86280395
  1.03299117  1.12895126  1.65399492  4.98404776] 2.62231092437607e-05 True
warning: basinhopping: local minimization failure
basinhopping step 85: f 1.05763e-05 trial_f 1.05763e-05 accepted 1  lowest_f 2.0629e-06
[-1.00879281e+00 -1.72396192e+00 -1.16358832e+00 -1.37958226e+00
 -2.77466310e-01 -1.52156532e-01 -4.26629202e-01  4.61305690e-01
  3.15330256e+00 -5.50209291e-01 -2.41858993e-01  3.37299252e-01
  2.16929590e-01  5.04757644e-01 -5.58046080e-01  7.68111172e-01
  1.00864372e+00  4.18294849e+00  1.03732377e+00 -3.07429554e-01
  3.00493904e+00  3.96670312e+00  5.51764093e+00 -2.22008699e-01
  1.43039892e+00  3.53768146e+00  2.03259451e+00  2.22518931e-01
 -2.16435371e-01 -6.35451938e-01  9.82306082e-01  3.21126867e+00
 -4.67974168e-03  6.93168909e-01  3.72411655e+00  3.26730510e+00
  1.10761305e+00  5.56043396e-01  1.99047372e+00  4.50030185e+00] 1.0576315156932844e-05 True
warning: basinhopping: local minimization failure
basinhopping step 86: f 3.20013e-05 trial_f 3.20013e-05 accepted 1  lowest_f 2.0629e-06
[ 0.08103223 -0.78099572 -0.55350027 -0.91979129 -0.90044602 -0.28993374
 -0.99202421  0.22413741  3.72592678  0.0695776   0.38359901  0.83316294
  0.52288468  0.45149621 -0.26047213  0.43472934  1.60175883  4.20341292
  1.02312998  0.95002859  2.14023811  4.1759952   6.33103869  0.5356604
  2.87717138  4.04870297  2.58147969  0.87180944  0.26548777 -0.5307267
 -0.29103668  2.0718336  -1.25535854 -0.56082587  3.72985343  2.24536754
  0.38401368  0.32886311  1.03413382  3.99224808] 3.2001345488752455e-05 True
warning: basinhopping: local minimization failure
basinhopping step 87: f 3.87871e-05 trial_f 3.87871e-05 accepted 1  lowest_f 2.0629e-06
[ 0.73428348 -0.28144178 -0.439665   -0.58392075 -1.13523496 -0.49824318
 -0.89632523 -0.41830735  2.77991707  0.01894946  0.02014957  1.28640854
  0.6258156   0.41458268  0.50445102  0.79559321  1.64009938  4.76482511
  1.55978819  0.66775493  2.53326823  4.57884232  6.34598613  0.57580542
  3.2048951   3.58739966  2.92558196  1.28544171  1.06725711 -0.05903218
 -0.20156523  1.464546   -0.47334409 -0.12132869  4.04795575  1.76840169
  0.17154539 -0.29759948  0.55234954  3.6809983 ] 3.878710888268533e-05 True
warning: basinhopping: local minimization failure
basinhopping step 88: f 8.45037e-06 trial_f 8.45037e-06 accepted 1  lowest_f 2.0629e-06
[-0.01138911 -0.42892224 -0.32572125 -0.21360964 -0.98960146 -0.37771503
 -0.94756498  0.06736718  3.16072271  0.66562639  0.38324381  1.79731682
  0.913729    0.27641401  0.39183334  0.87222735  1.63914414  4.69137463
  1.81913245  1.08856545  2.37263295  4.67674539  5.70799562  1.02848232
  3.52775518  3.49063814  3.13848299  0.72937511  1.54138217  0.5186684
 -0.03167159  0.95899566 -0.26861769  0.40467317  4.25780452  2.35690792
  0.39509839 -0.0786574   0.54284035  4.15281093] 8.450365549417056e-06 True
warning: basinhopping: local minimization failure
basinhopping step 89: f 4.20377e-05 trial_f 4.20377e-05 accepted 1  lowest_f 2.0629e-06
[-0.89007442 -0.30480141  0.11062339  0.18293587 -0.15562997  0.38742839
 -0.20090983 -0.67121873  2.53822796  0.29874742  0.07762721  1.8387864
  0.76428683  0.66807582  0.1867981   0.86210772  2.11877437  4.46913989
  1.77195027  0.46305311  1.98192603  4.61528232  5.38820258  0.68487507
  3.99212023  3.46015303  4.11940657  1.26832993  1.5242424   0.89329658
 -0.16359599  0.80017232 -0.08172879 -0.06090046  4.29744689  2.7325387
  0.88712516  0.28730145  0.55241465  4.52428016] 4.203769927268573e-05 True
warning: basinhopping: local minimization failure
basinhopping step 90: f 0.000138396 trial_f 0.000138396 accepted 1  lowest_f 2.0629e-06
[-7.45776935e-01 -7.01803517e-01 -1.19855091e-01  3.37683393e-01
  4.14277145e-01  1.40036549e+00  6.38308195e-01 -3.00853483e-01
  2.87315887e+00  7.03096461e-01 -7.38261021e-02  5.97836462e-01
  1.05702758e+00  8.67418505e-01  1.89275753e-03  1.01954543e+00
  2.25294141e+00  3.90444131e+00  1.64296459e+00  1.23561343e+00
  2.11906943e+00  4.02564185e+00  4.63129140e+00  3.51901310e-01
  4.21383909e+00  2.91429424e+00  3.96627520e+00  1.70602033e+00
  1.23602269e+00  1.48616898e+00  9.31746553e-02  1.69066433e+00
  4.91088577e-01  2.10068079e-02  3.93918721e+00  2.89437186e+00
  1.04356627e+00 -4.46146058e-01  5.82443980e-01  5.38383541e+00] 0.0001383961214624489 True
warning: basinhopping: local minimization failure
basinhopping step 91: f 2.25829e-06 trial_f 2.25829e-06 accepted 1  lowest_f 2.0629e-06
[-0.98140317 -0.12959595 -0.13941454  0.16696124  1.17574043  1.11018122
  0.04571853 -0.2662274   3.25703162  0.78640238  0.63519953  0.49632325
  0.95974057  1.38561228  0.76816262  0.98749916  2.06663707  4.58073364
  1.95974164  1.93841189  1.79730312  3.84423692  4.01480752  0.71716487
  4.67416664  2.71570543  4.02454593  1.9986548   0.69644066  2.04102833
  0.97059151  1.35595425  1.11054214  0.68961233  3.9481178   2.44077068
  0.81147755 -0.18196863  0.22333681  5.45015788] 2.258286214473313e-06 True
warning: basinhopping: local minimization failure
basinhopping step 92: f 3.7767e-05 trial_f 3.7767e-05 accepted 1  lowest_f 2.0629e-06
[-0.8664236  -0.48657558 -0.17340088  0.0192923   0.92286431  0.97591698
 -0.03841693 -0.11962543  2.47851875  0.60364282 -0.14751699  0.49446921
  0.53450564  1.4940629   0.64491554  1.09745254  1.93808952  4.53658103
  1.94220939  2.56635739  2.08399579  4.18962559  3.90733965  1.35034301
  3.56789431  2.6468923   4.03118434  0.66082235  0.73504152  2.88173003
  0.19317783  0.46004242  1.44968535  0.89674899  3.83807916  1.39289493
  1.49048724  0.6207205  -0.12468057  4.74977668] 3.7767019528673904e-05 True
warning: basinhopping: local minimization failure
basinhopping step 93: f 1.20045e-05 trial_f 1.20045e-05 accepted 1  lowest_f 2.0629e-06
[ 0.25570986  0.44103053 -0.47783875  0.46760426  0.79591618  1.28943336
 -0.09808933 -0.23891258  2.32161677  0.10174049 -0.12238213  0.32227777
  0.94621306  1.50504867  0.58230684  1.26393833  1.33030237  4.59652019
  1.75841896  2.43130766  1.99336358  4.96216817  3.97902872  1.29113881
  2.48570092  2.91248982  3.92536001  1.10662075  1.13198297  3.31064268
 -0.11188778  0.80953789  1.71072649  0.99358223  3.50220379  0.61268942
  1.7586174   1.00594672  0.6002028   4.95210513] 1.20045447311098e-05 True
warning: basinhopping: local minimization failure
basinhopping step 94: f 3.77383e-05 trial_f 3.77383e-05 accepted 1  lowest_f 2.0629e-06
[ 0.1034591  -0.28019925 -0.22476821 -0.33404599  0.45764404  0.79387011
  0.53662085  0.6253224   2.00091116  1.00677408  0.1500897   0.78096716
  1.0628366   1.74181601  0.11683026  1.14540535  1.57854161  4.92985718
  1.70998313  2.66798317  1.92762011  5.00002973  3.58525499  1.15248976
  1.82351637  2.83246717  4.94538604  1.84301183  0.9799109   2.82919809
  0.4433909   0.19850789  1.05631959  0.16307142  3.98217847  0.45154838
  1.20085692  0.93835421  0.19377648  4.13426339] 3.773828390951952e-05 True
warning: basinhopping: local minimization failure
basinhopping step 95: f 2.38411e-05 trial_f 2.38411e-05 accepted 1  lowest_f 2.0629e-06
[ 1.18156309  0.16499584  0.09973629 -0.25098198 -0.18341855  0.18174324
 -0.10269706  0.61170215  2.19577083  0.95785034 -0.08772945  1.04292398
  0.96017815  1.55778241  0.37919974  1.04969681  1.34730127  4.89331183
  1.74947036  3.10858539  1.63364416  5.03536299  3.34041046  1.07910702
  2.0079886   2.6801371   5.26074994  1.88728884  1.40626452  3.33793895
  0.84986141  0.29066199  1.06656263  0.39124552  4.43217935  0.80665177
  0.55284078  1.18724349  0.75614548  4.93548805] 2.3841063092624296e-05 True
warning: basinhopping: local minimization failure
basinhopping step 96: f 1.7239e-05 trial_f 1.7239e-05 accepted 1  lowest_f 2.0629e-06
[ 1.07748633  0.14106136  0.429348    0.14712035  0.22002522  0.32133667
 -0.06696329  0.10341742  2.33038788  0.9003656   0.46027732  1.47964315
  1.73799084  1.38083209  0.78325104  0.513751    1.70160427  4.76991519
  1.27878215  2.55682438  1.55349675  5.46673896  3.33280592  1.10783755
  2.11765149  2.69978336  5.29128552  1.55024821  1.21854766  3.49787752
  1.29439586  0.64228868  1.62520197  0.87540326  4.89218076  1.08452992
 -0.02033202  0.84410232  1.18263839  4.98724281] 1.7238967119314845e-05 True
warning: basinhopping: local minimization failure
basinhopping step 97: f 1.14453e-05 trial_f 1.14453e-05 accepted 1  lowest_f 2.0629e-06
[ 1.07977204 -0.09304734  0.05396312  0.28384857  0.42182353  0.57355803
 -0.49271435 -0.12484335  2.286283    0.19281534  0.180811    0.11978623
  0.72712769  0.40584085  1.56792898 -1.23992343  0.66085147  4.93114414
  1.30542917  3.64739615  2.43830661  6.62754309  3.85062745  0.39787122
  3.85770623  3.61576754  4.96132578  0.72854079  1.54138714  3.10198249
  0.04270161  0.26305927  1.54543001  1.18376396  5.5448402   1.13101092
  1.28874326  1.8110501   1.94887038  5.75242882] 1.1445306507882792e-05 True
warning: basinhopping: local minimization failure
basinhopping step 98: f 1.28169e-05 trial_f 1.28169e-05 accepted 1  lowest_f 2.0629e-06
[ 0.56588833 -0.11683086 -0.41269854 -0.4723509  -0.51081966  0.30803894
 -0.17714087  0.2698785   2.34467513  0.25243994  0.64959606 -0.29586378
  0.52919837  0.59056265  2.33341263 -0.55372682  0.71724877  4.49676487
  0.26106653  3.32265403  2.21202496  5.95208824  3.65915066  0.21461902
  3.88004269  4.63269314  4.83947712  0.24252288  1.48888343  3.75426334
  0.56129972  0.28852355  1.47316434  1.45319922  5.47395076  0.90900437
  0.91855647  1.89749253  2.19980655  5.90623472] 1.2816933293415038e-05 True
warning: basinhopping: local minimization failure
basinhopping step 99: f 2.23281e-05 trial_f 2.23281e-05 accepted 1  lowest_f 2.0629e-06
[ 0.79419236  0.25983552  0.01876842 -0.37772313 -0.39680059  0.03346992
 -0.63932845 -0.06635329  1.02597207 -0.01150373  1.25081337  0.29769212
  0.68815242  0.87381338  2.5757476  -0.27204808  1.41161167  4.79149627
  0.55675722  3.24461656  2.47572128  6.56210777  3.8184198  -0.01344817
  3.75708312  3.54634213  4.4692425   1.01795641  1.64996633  3.97744783
  0.75720648  0.02174402  1.46762371  0.893855    5.09869684  0.16494967
  1.5011012   2.12984546  2.66918559  5.18145361] 2.2328061625577834e-05 True
adaptive stepsize: acceptance rate 0.990000 target 0.500000 new stepsize 0.617284 old stepsize 0.555556
warning: basinhopping: local minimization failure
basinhopping step 100: f 1.65109e-05 trial_f 1.65109e-05 accepted 1  lowest_f 2.0629e-06
[ 1.45452291  0.41553534  0.44679386  0.27983677 -0.30110676 -0.06561408
 -0.66426415  0.37089029  0.41048658 -0.26439674  0.92619833 -0.24075065
  0.63803335  0.61904809  2.13592111  0.59534057  0.59772161  4.72228306
  1.0273154   3.25218743  2.98430271  6.24850121  4.15770071  0.85266838
  4.15109688  4.06420857  4.47237079  1.97556398  1.33220888  3.08081136
  1.41412615  0.51099954  1.18527513  0.86265841  5.10456143  0.06723364
  2.21186075  2.27671447  2.04907315  5.99080883] 1.651085659417864e-05 True
                        fun: 2.0628963874388722e-06
 lowest_optimization_result:       fun: 2.0628963874388722e-06
 hess_inv: array([[ 34.60099997, -28.56582986, -19.61504124, ..., -16.871256  ,
        -20.18606195, -16.06818702],
       [-28.56582987, 183.711351  , 160.1580319 , ..., 153.22409197,
        225.85662961, 289.07774362],
       [-19.61504124, 160.1580319 , 154.15020001, ..., 140.99758264,
        205.42921554, 263.00421869],
       ...,
       [-16.87125601, 153.22409198, 140.99758265, ..., 160.91418279,
        236.49331014, 302.24923436],
       [-20.18606196, 225.85662964, 205.42921555, ..., 236.49331014,
        350.74518333, 449.75385822],
       [-16.06818704, 289.07774365, 263.00421871, ..., 302.24923437,
        449.75385822, 583.53004199]])
      jac: array([ 2.56055562e-04, -2.37529094e-04,  2.37249498e-04, -3.56880371e-04,
       -1.61807398e-05, -2.60451188e-04,  3.01714184e-04,  5.15512486e-05,
       -1.75858127e-04,  3.75267412e-04, -5.92281321e-05,  1.20881565e-04,
       -5.12276709e-04,  5.48351686e-04, -3.69011589e-04, -2.31722018e-04,
       -4.97586747e-05,  3.07349223e-04,  2.12043020e-06,  1.62731976e-04,
       -3.13917456e-04, -7.54124744e-05,  2.30359933e-04,  2.16999697e-04,
       -1.96842221e-04,  1.91751101e-04, -3.42779193e-04, -2.20369663e-04,
        2.76032948e-04, -3.90221274e-05,  7.17198039e-05,  3.11887724e-04,
       -2.25261885e-04, -9.45684092e-05, -6.63964791e-05,  2.75321559e-04,
        2.50371011e-04, -2.46101226e-04, -4.15505369e-04,  3.72616161e-04])
  message: 'Desired error not necessarily achieved due to precision loss.'
     nfev: 21250
      nit: 408
     njev: 518
   status: 2
  success: False
        x: array([ 5.16243299,  1.67253612,  3.25523567,  1.16583851,  1.87045964,
        0.89878569,  1.00520493,  1.57744535,  1.92753486,  0.72078234,
        0.60532137,  1.13385419,  0.32201701,  2.10350589,  3.09468522,
        0.64757769, -0.14092632,  2.46284937,  5.28758552,  0.16064546,
        3.41549436,  3.447996  ,  3.85072514,  0.16863765,  0.24720576,
        4.3606734 ,  0.82456143,  0.69471907,  2.72411885,  0.6636248 ,
        0.88923765,  0.11469055, -0.56403053,  1.85740107, -0.43077002,
        0.12173754, -0.20824734, -0.21409063, -0.26986208,  0.74263871])
                    message: ['requested number of basinhopping iterations completed successfully']
      minimization_failures: 101
                       nfev: 2112512
                        nit: 100
                       njev: 51496
                          x: array([ 5.16243299,  1.67253612,  3.25523567,  1.16583851,  1.87045964,
        0.89878569,  1.00520493,  1.57744535,  1.92753486,  0.72078234,
        0.60532137,  1.13385419,  0.32201701,  2.10350589,  3.09468522,
        0.64757769, -0.14092632,  2.46284937,  5.28758552,  0.16064546,
        3.41549436,  3.447996  ,  3.85072514,  0.16863765,  0.24720576,
        4.3606734 ,  0.82456143,  0.69471907,  2.72411885,  0.6636248 ,
        0.88923765,  0.11469055, -0.56403053,  1.85740107, -0.43077002,
        0.12173754, -0.20824734, -0.21409063, -0.26986208,  0.74263871])

Process finished with exit code 0
