E:\CURPROJECT\SimsV3\venv\Scripts\python.exe E:/CURPROJECT/SimsV3/Simple_ManyWP_reproducability_test1.py
warning: basinhopping: local minimization failure
basinhopping step 0: f 8.21865e-05
[ 2.73768758  5.96256919  5.11722728  2.32044382 -0.83107869  4.94646567
  2.39903511  5.17059862  0.06990781  5.84218492  2.61210342  3.66978225
  3.85808965  2.76980864  3.12485432  4.94943411  5.743734   -0.33608333
  4.0131385   2.86020009  1.62340701  2.74977796  6.28460589  2.68035087
  5.222089    3.24448044  6.08767996  4.17663051  0.86346885  1.67139393
  3.72927796  4.02052086  2.85033112  3.76351431  1.43562851] 8.218653005541459e-05 True
warning: basinhopping: local minimization failure
basinhopping step 1: f 4.1746e-05 trial_f 4.1746e-05 accepted 1  lowest_f 4.1746e-05
found new global minimum on step 1 with function value 4.1746e-05
[ 2.00846479  5.99644675  5.60629476  1.65268694 -0.35448533  4.95636015
  2.24909513  5.24873637 -0.63172534  6.03809097  2.8779691   4.06360531
  3.70042644  3.44198991  4.08137685  6.67033018  6.33142375  0.08660689
  3.97721845  2.87175414  2.40534481  2.66652233  6.29537697  2.4388331
  4.57040446  2.38095629  5.92936763  4.07951274  0.38681196  1.09233371
  3.40172532  3.75506648  2.0612767   2.6979548   0.33998515] 4.1745965106262236e-05 True
warning: basinhopping: local minimization failure
basinhopping step 2: f 0.000118142 trial_f 0.000118142 accepted 1  lowest_f 4.1746e-05
[ 1.17199609  4.73762977  4.66325895  0.93875742 -0.9470044   4.92489431
  2.63823089  5.36597837 -0.06564747  5.50733587  2.79141998  3.80031456
  4.17070279  3.27921644  3.20612943  6.02533875  4.9853723  -0.78665333
  4.18232195  2.07871031  2.48084262  2.45895836  5.90283555  2.75079921
  4.7747739   2.26545888  5.86527264  3.54674101 -0.02617375  0.91758578
  3.14493624  2.41185515  0.52557     2.66923327 -0.26275668] 0.00011814165430058828 True
warning: basinhopping: local minimization failure
basinhopping step 3: f 0.000143999 trial_f 0.000143999 accepted 1  lowest_f 4.1746e-05
[ 1.28726452  4.34500738  6.4725709   2.00410023 -1.25446606  4.74269569
  2.61260453  5.14111764  1.31966424  5.25957653  1.79182317  4.20901631
  4.62051951  2.43994725  1.65216927  4.73157543  2.68667765 -2.0813471
  5.9629455   2.38557994  2.44427683  2.65995354  4.77290888  3.11002955
  5.61726062  1.67682521  4.0994942   1.94672718 -0.41842274 -0.14619196
  2.01348844  3.08890634  0.72033358  3.23492289  0.72435165] 0.00014399884458201332 True
warning: basinhopping: local minimization failure
basinhopping step 4: f 5.56367e-05 trial_f 5.56367e-05 accepted 1  lowest_f 4.1746e-05
[ 2.34626741  4.69124884  5.79708296  1.93565686 -1.00266755  4.48039973
  2.02791429  5.02867195  0.88470119  3.84187717  1.87227161  4.94889399
  5.89544598  2.65875538  2.70944396  5.43657397  2.19604527 -0.56344685
  5.81229307  1.87226785  2.45950791  3.02129737  6.34236044  3.44534804
  6.08755374  1.18629197  3.02139511 -0.12290056 -1.76847009 -0.76614523
  0.53345308  1.08851975 -0.6689985   4.05165278  1.37837678] 5.563671724983302e-05 True
warning: basinhopping: local minimization failure
basinhopping step 5: f 4.59587e-05 trial_f 4.59587e-05 accepted 1  lowest_f 4.1746e-05
[ 1.56401076  4.89196885  5.45899322  0.85877642  0.33729833  4.17765024
  1.68025981  5.96262171  1.15673579  3.73100192  1.96182451  4.96684449
  5.49898171  2.46210628  2.83469704  4.99832963  2.12876781 -0.32388254
  5.31283879  1.97531421  2.61032641  3.26076509  6.85989827  3.1479423
  6.07229197  0.50980623  2.65587551 -0.78603927 -0.46995931 -0.82281518
 -0.12507642  1.75486342 -1.03419073  3.74163116  1.70863054] 4.5958737134754315e-05 True
warning: basinhopping: local minimization failure
basinhopping step 6: f 7.1723e-05 trial_f 7.1723e-05 accepted 1  lowest_f 4.1746e-05
[ 1.30136424e+00  4.46494864e+00  4.63907280e+00  2.56930696e-01
 -8.31328193e-02  4.10013703e+00  1.80833717e+00  5.78243661e+00
  1.09852403e+00  4.38757926e+00  2.45433309e+00  5.72599711e+00
  5.75905701e+00  2.18900793e+00  2.79162408e+00  4.99047942e+00
  1.90740832e+00  3.26683935e-01  5.39594870e+00  1.57859425e+00
  2.95798076e+00  2.82304768e+00  6.15413523e+00  3.11142344e+00
  6.12620747e+00  7.16293085e-02  2.34196742e+00  1.49152607e-01
 -3.30943230e-01  2.00038242e-03 -3.85432545e-01  2.01973818e+00
  1.50838050e-01  3.32320951e+00  8.34081793e-01] 7.172296616904785e-05 True
warning: basinhopping: local minimization failure
basinhopping step 7: f 5.60416e-05 trial_f 5.60416e-05 accepted 1  lowest_f 4.1746e-05
[ 0.60171125  4.83603908  4.20823284  0.53628892  0.43614575  4.67128079
  1.9328527   5.47538172  0.52053016  4.71575968  2.38474786  5.59550516
  5.5259411   1.48473399  1.86657155  5.39902852  2.1029619   2.05767563
  6.23023499  2.59282349  3.71171082  2.73472726  5.89853052  3.08463854
  5.25321811 -1.12775434  1.37091896 -0.54189656 -1.06698165 -0.76524215
  0.07128969  2.21959657 -0.10591981  3.1306338   0.79419351] 5.604164045784421e-05 True
warning: basinhopping: local minimization failure
basinhopping step 8: f 2.88397e-05 trial_f 2.88397e-05 accepted 1  lowest_f 2.88397e-05
found new global minimum on step 8 with function value 2.88397e-05
[ 0.65645391  4.42033795  3.61310903  0.77937278  1.71620861  5.31685665
  1.69158934  5.10271715 -1.07777236  3.46777887  2.64091093  5.57125082
  5.29479434  1.20014892  1.98474045  4.96431656  2.35321231  1.42817187
  5.60518086  2.52507771  3.59809557  3.24875611  6.43625551  2.4299007
  4.93167232 -0.75436547  0.22651737 -0.56735036 -0.43660033 -0.25048629
  0.8187105   2.23166015  0.08668646  1.92649209 -0.6832454 ] 2.8839667996093826e-05 True
warning: basinhopping: local minimization failure
basinhopping step 9: f 3.73641e-05 trial_f 3.73641e-05 accepted 1  lowest_f 2.88397e-05
[ 0.42425118  4.96027938  3.55146168  0.81519718  1.59161276  5.12984109
  1.52863841  4.88523745 -0.81529373  3.67010335  2.6224808   5.93099686
  5.81889706  1.43035369  1.90303164  5.54231939  1.93873855  0.98653978
  5.54267468  2.42840186  3.25046731  3.16037482  6.18755985  2.9822196
  5.25740015 -0.3169681   0.41053186 -0.31632469 -0.41682811 -0.3985247
  1.76875807  2.95154089  0.05507081  0.83136572 -0.08805971] 3.736414195130818e-05 True
warning: basinhopping: local minimization failure
basinhopping step 10: f 0.0003612 trial_f 0.0003612 accepted 1  lowest_f 2.88397e-05
[ 0.51237633  5.95883604  3.47695818  1.02971787  1.33805375  5.28182176
  1.51709166  3.66284599 -1.82920678  2.10678226  0.6315856   4.78584995
  4.86550408  0.20526572  1.96110118  5.46543045  1.37602287 -0.84802146
  4.94046179 -1.19348017  0.92344781  1.6388715   2.96313604  1.42985364
  5.93772481 -1.22065508 -0.08328705 -0.41875229 -0.96295069 -0.85417545
  0.41168745  2.09611821 -0.46882404 -1.090082   -1.65615318] 0.0003611998563075728 True
warning: basinhopping: local minimization failure
basinhopping step 11: f 2.62582e-05 trial_f 2.62582e-05 accepted 1  lowest_f 2.62582e-05
found new global minimum on step 11 with function value 2.62582e-05
[-0.50410853  4.92863072  2.0063073   1.05702639  0.85713666  4.35054644
  1.84181046  3.8537015  -1.41296974  0.26723973 -1.19623346  4.87179025
  3.89940305  0.83031119  1.47998733  5.48350253  1.73632864  0.33503535
  5.05848918 -1.1204055  -0.27257205  0.09692885  2.02457464  2.69652076
  5.80505497 -0.27949761 -0.68280676 -0.03124395 -0.43418765 -1.45527852
 -0.82517298  1.20263849 -0.73947426 -1.40104318 -0.94918044] 2.625816755241097e-05 True
warning: basinhopping: local minimization failure
basinhopping step 12: f 9.89165e-05 trial_f 9.89165e-05 accepted 1  lowest_f 2.62582e-05
[-2.34803327  4.93219906  1.39648197  0.59987665  0.92499713  4.82678667
  1.33159764  5.03526356  0.86555015 -0.4641699  -1.44882874  4.11931072
  4.19331007  1.26563475  2.1284654   5.80142886  2.68892836  0.39160567
  6.33689026  1.53236756  0.19766742 -0.69366295  1.94312411  2.63121362
  5.60714081 -0.73002397 -0.48041759 -1.2951769  -1.4141615  -1.70524214
 -1.34416442 -0.33364533 -0.91174285 -0.9748698  -0.63086379] 9.891646718587926e-05 True
warning: basinhopping: local minimization failure
basinhopping step 13: f 5.14423e-05 trial_f 5.14423e-05 accepted 1  lowest_f 2.62582e-05
[-2.13615691  4.93720466  2.15853339  1.01087352  1.09547123  4.52775126
  1.04458129  6.10299813  0.87442607  0.59347812  0.87926432  5.10639256
  5.33390597  2.53937715  2.80101664  5.06453316  2.00441843 -0.49532106
  5.49015458  0.28222177 -0.74282298  0.02262034  1.88099386  1.68835437
  5.07410226 -0.96043001 -0.38289439 -0.9532634  -0.25919225 -0.07500787
  0.08611095 -0.36260926 -0.9181354  -1.36764455 -0.51220346] 5.144234089473773e-05 True
warning: basinhopping: local minimization failure
basinhopping step 14: f 7.67174e-05 trial_f 7.67174e-05 accepted 1  lowest_f 2.62582e-05
[-0.85638065  4.93310017  2.23706051  1.14249234  1.38674586  3.83863894
  0.72485173  5.78302232  0.88673112  0.24487805  0.57721766  3.85587933
  3.69783021  1.61517946  2.52279463  4.54375606  2.46840607  0.74621422
  5.06695651  1.02783944  0.49058392  0.18783515  1.63833777  1.01620289
  3.24048389 -0.44151411  0.27361151 -0.03615787  0.03745269  0.46342964
  0.37015466 -0.3218452  -0.3742381   0.18579978  0.59944966] 7.671737822442813e-05 True
warning: basinhopping: local minimization failure
basinhopping step 15: f 3.81645e-05 trial_f 3.81645e-05 accepted 1  lowest_f 2.62582e-05
[-0.16873044  4.95105313  1.69865924  1.3232567   1.86219366  3.56993479
  1.13385765  5.90778967  0.66235371  1.49130009  1.58871715  3.8401703
  4.04962392  1.23407695  1.65491322  3.65097568  1.19878375  0.21221856
  5.58343259  0.96297984  0.04092502 -0.27980622  1.15337561  0.32965184
  2.4444205  -0.75391369 -0.21764356 -0.0624302   0.50445593  0.60120154
  0.63769444  0.65966745  0.74673371  0.89106049 -0.04606114] 3.81644977910177e-05 True
warning: basinhopping: local minimization failure
basinhopping step 16: f 4.91616e-05 trial_f 4.91616e-05 accepted 1  lowest_f 2.62582e-05
[ 0.6656562   5.11855059  1.80289852  1.91318429  0.91864543  3.80792237
  0.79914001  6.12547922  1.41776276  2.28792991  3.57646828  4.75742251
  3.88265304  0.42946916  1.38170726  3.58083951 -0.26728312 -0.30812181
  5.08686327  0.14333358  0.43973301 -0.68889759  0.08698847 -0.16900303
  3.2666706   1.10637713  0.83466709  0.53323752  0.69377266 -0.12040862
 -0.53432912  0.07049569 -0.25479661  0.05690243 -0.5861269 ] 4.916164359480498e-05 True
warning: basinhopping: local minimization failure
basinhopping step 17: f 3.86694e-05 trial_f 3.86694e-05 accepted 1  lowest_f 2.62582e-05
[ 1.17805796  5.84193522  1.72381173  1.82829274  1.12378035  4.40093284
  0.36250438  6.02703305  0.81756339  1.61679746  3.95960722  4.45683119
  3.76451231 -0.38434617  0.53767978  2.60426957  0.0412482   0.82822248
  5.60484252 -0.27022737  0.02934982 -0.95032867  0.36787706  0.97055329
  3.50003841  1.17146112  1.06264764  0.33319542  0.15097097  0.01639633
 -0.33200584  0.587801    0.3818977  -0.40206454 -0.47702823] 3.866936190177285e-05 True
warning: basinhopping: local minimization failure
basinhopping step 18: f 1.36908e-05 trial_f 1.36908e-05 accepted 1  lowest_f 1.36908e-05
found new global minimum on step 18 with function value 1.36908e-05
[ 0.70395277  4.91016589  1.7507513   1.80556434  1.07428228  4.17683
  0.23757389  6.28766993  0.86030599  0.59702436  3.41074913  3.72584511
  3.07963598 -0.91929267 -0.55014391  2.40311607 -0.29756446  0.74321167
  5.73193886  0.66167776  1.12168498 -0.13859253  0.58310749  1.75486294
  3.57044992  0.52790646  0.54979208 -0.39248263  0.12004252 -0.16718709
  0.10378557  0.84849714 -0.25540951 -0.70413455 -0.83763105] 1.3690793183606045e-05 True
warning: basinhopping: local minimization failure
basinhopping step 19: f 3.36035e-05 trial_f 3.36035e-05 accepted 1  lowest_f 1.36908e-05
[ 1.15518236  5.16200791  2.26966424  1.81380089  0.306796    4.75115269
  0.51137594  6.32639753  1.09910966  0.97545856  2.97698176  4.30057589
  3.52252376  0.08547268  1.00997824  2.85112098  0.7763767   0.68629195
  6.03565823  0.26468285  0.5209519   0.503666    0.1221013   1.30586375
  3.42407185  0.50371983  0.63809353 -0.40698858 -0.23932671 -0.50542219
 -0.37158446  0.41622514 -0.78795605 -1.25577643 -1.33743629] 3.36034826888846e-05 True
warning: basinhopping: local minimization failure
basinhopping step 20: f 5.42672e-05 trial_f 5.42672e-05 accepted 1  lowest_f 1.36908e-05
[ 0.85988627  4.80082381  1.48040121  1.56940392  0.07821733  3.71828107
  0.21486774  5.59060452  0.15008082  0.6917384   3.28777363  3.66362938
  3.4404437  -0.47125481  0.88738129  2.90836894  0.48021665  0.93217244
  5.78576592 -0.74457273 -0.34757075  0.42008382  0.8993653   1.82865534
  3.57655493  0.26389813  0.36780883 -0.03548836 -0.19934269 -0.63034917
 -0.73181732  0.05104013 -1.14414535 -1.06142126 -1.6710573 ] 5.426717788089572e-05 True
warning: basinhopping: local minimization failure
basinhopping step 21: f 3.98587e-05 trial_f 3.98587e-05 accepted 1  lowest_f 1.36908e-05
[ 0.03109164  4.94501957  1.57323768  1.15623256  0.53936728  3.48043813
  0.83830933  5.69900508  0.64296032  0.85821875  2.95679014  3.82250267
  2.87591823 -0.10282086  0.25235091  3.61309189  0.97455394  0.66791694
  5.53636258  0.11075823  0.16100788 -0.00928191  0.58166212  1.76512746
  4.20134891  0.39111785  0.26630048  0.07779067 -0.7152202  -1.3897653
 -0.88650501 -0.21393184 -1.25599976 -0.87901579 -0.50377178] 3.985868459167788e-05 True
warning: basinhopping: local minimization failure
basinhopping step 22: f 2.05417e-05 trial_f 2.05417e-05 accepted 1  lowest_f 1.36908e-05
[ 0.42139719  4.82571801  1.65404315  1.04202897  1.25741993  3.6500537
  1.44800436  5.93041544  0.69764909  1.31467178  3.51455705  3.22495859
  2.88840789  0.64456607  0.40937361  4.05064915  1.52757245  1.40662956
  5.18607394  0.63477468  0.2010408   0.5815946   0.79316969  0.87182162
  4.32750458  0.38743634  0.13239712 -0.28580311 -0.77995339 -0.90553644
 -0.84683717  0.45596097 -0.74007242  0.4191791  -0.18884291] 2.0541694129231367e-05 True
warning: basinhopping: local minimization failure
basinhopping step 23: f 2.86726e-05 trial_f 2.86726e-05 accepted 1  lowest_f 1.36908e-05
[ 1.27883500e+00  5.46708101e+00  1.18017761e+00  1.00315409e+00
  2.08702456e+00  3.50229450e+00  1.10980993e+00  6.41252705e+00
  1.63706595e+00  6.26877301e-01  3.52925285e+00  2.71601654e+00
  2.29378408e+00  3.09386578e-01 -9.91228026e-02  2.76879920e+00
  6.30577614e-02  8.95093293e-01  3.99821857e+00  2.29044516e-03
 -3.84854375e-01 -6.97287866e-02  6.19894373e-01 -7.05241532e-01
  3.01799980e+00 -6.14880773e-01 -1.18566394e+00 -1.30615823e+00
 -4.23339762e-01 -8.76119749e-01  4.48513528e-02  2.23161454e-01
 -4.42781637e-01 -8.36216253e-01 -4.17212850e-01] 2.8672615639743712e-05 True
warning: basinhopping: local minimization failure
basinhopping step 24: f 4.41673e-05 trial_f 4.41673e-05 accepted 1  lowest_f 1.36908e-05
[ 1.0061287   4.95144023  0.58318693  0.17942962  1.74556222  4.28761012
  1.28669558  5.29486812  0.89915612  0.25830123  3.50517602  2.65713831
  3.30763333  0.10602064  0.31330336  3.71369179  0.86029837  1.012176
  3.5547146  -0.54036485 -0.75848496 -0.07332911  0.4042575  -0.91820865
  2.41468326 -1.02371292 -0.676618   -0.72750386 -0.15071335  0.20156205
  0.12022112  1.17964124  0.57865615 -0.24405294  0.13200807] 4.4167339956857464e-05 True
warning: basinhopping: local minimization failure
basinhopping step 25: f 7.23669e-05 trial_f 7.23669e-05 accepted 1  lowest_f 1.36908e-05
[ 0.12547303  5.21461329  1.31811324  0.22962278  2.03163373  4.18585325
  1.54166433  5.57274604  1.59396581  0.57693141  3.92763412  2.57905097
  3.85694572  0.84672055  0.33588611  4.13974703  0.01249225  0.29984846
  3.48670144 -0.02452751 -0.03120761 -0.45338856  0.36307091 -0.34327884
  1.70043613 -0.69485948 -0.96387243 -0.6843348   0.12148635 -0.07861182
  0.17858569  1.5388456   0.64934037  0.43361564  0.05180013] 7.236693149322818e-05 True
warning: basinhopping: local minimization failure
basinhopping step 26: f 1.83959e-05 trial_f 1.83959e-05 accepted 1  lowest_f 1.36908e-05
[-0.6007821   4.98433034  0.76184969 -1.25012589  1.49049518  3.6902718
  0.57076542  4.78941799  1.13539285  0.14327664  5.47862746  3.87804289
  3.91787851  1.00229435  0.90333858  3.11284977 -0.09876994  0.4368064
  3.46059481  0.79173762 -0.25168412 -0.77187097  0.12713328 -0.07234937
  2.40641928 -0.13494971 -0.79128954 -0.2903088   0.56650564  0.27680253
  1.38732267  3.30579757  1.32388564  0.85149981  0.10685066] 1.8395851882755244e-05 True
warning: basinhopping: local minimization failure
basinhopping step 27: f 4.68653e-05 trial_f 4.68653e-05 accepted 1  lowest_f 1.36908e-05
[-0.70357149  4.06138729  0.90842917 -0.89301123  1.31189296  3.77967669
  0.95930061  4.82671885  1.20855964  0.67191154  4.80824134  2.82161978
  4.1594384   1.20034491  0.13390585  2.86554903  0.10896459  0.56935538
  2.5363449  -0.04604699  0.33828842  0.23303523 -0.23966244  0.37389152
  2.78879513 -0.31850122 -0.98754554 -0.14897599  0.28445876  0.54441109
  2.88955578  4.45240302  1.31857334  1.0551015   0.3655989 ] 4.686530926398669e-05 True
warning: basinhopping: local minimization failure
basinhopping step 28: f 4.17805e-05 trial_f 4.17805e-05 accepted 1  lowest_f 1.36908e-05
[ 9.72096334e-02  4.26764409e+00  5.90066665e-01 -3.57231143e-01
  1.05995762e+00  4.21997396e+00  9.60956625e-01  4.40469143e+00
  1.41695531e+00  1.39924121e+00  4.30643904e+00  3.04659497e+00
  3.91791961e+00  9.45573681e-01 -3.83481247e-01  2.09605541e+00
 -6.04126268e-01  4.15357371e-01  2.44469432e+00  4.60144434e-01
 -8.15741191e-04  1.37940496e-01 -1.53266872e-01 -1.30846587e-01
  2.69290434e+00 -3.79911800e-01 -1.28140492e+00 -9.49823910e-01
  3.86575021e-02  1.89993386e-01  2.84913173e+00  3.13092629e+00
  1.12624934e+00  2.19421421e-01  2.89952910e-01] 4.178050411418361e-05 True
warning: basinhopping: local minimization failure
basinhopping step 29: f 9.93766e-05 trial_f 9.93766e-05 accepted 1  lowest_f 1.36908e-05
[ 4.30637874e-02  3.93187579e+00 -3.54537295e-02 -8.57524661e-02
  9.46630340e-01  4.31293138e+00  6.74162443e-01  4.47208455e+00
  6.87691262e-01 -1.42953973e-01  2.58858683e+00  1.79786851e+00
  2.67587702e+00 -3.10659215e-01 -5.12021416e-01  2.38733155e+00
 -1.46151627e+00 -3.90431377e-01  1.53644091e+00 -1.62946881e-01
 -4.63659668e-01 -3.80070471e-03 -6.75641905e-01 -6.07418035e-01
  2.06948093e+00 -1.79737476e+00 -1.08186739e+00 -5.79829293e-01
  1.95237427e+00 -4.10168673e-01  1.04991387e+00  1.44499640e+00
 -9.00095773e-01  1.92618476e-02 -5.82279700e-01] 9.937658318287462e-05 True
warning: basinhopping: local minimization failure
basinhopping step 30: f 6.20808e-05 trial_f 6.20808e-05 accepted 1  lowest_f 1.36908e-05
[ 1.16110996  4.05756422  0.75153925  0.42636437  0.7636165   4.41019602
  0.60862415  3.82742588  0.67402467  0.27884391  2.64147548  1.36189873
  2.27550412 -0.62008116 -0.31496743  2.32051242 -0.5891525  -0.24128059
  1.0413452   0.12960961 -0.22429492  0.23045669  0.07658532 -0.68894661
  0.8999788  -1.10210737 -0.98194958 -0.96647906  0.49161604 -0.23152109
  0.52293169  1.30269121 -0.1803464   0.27801404  0.25848392] 6.208083271446725e-05 True
warning: basinhopping: local minimization failure
basinhopping step 31: f 7.29566e-05 trial_f 7.29566e-05 accepted 1  lowest_f 1.36908e-05
[ 1.59590727  4.03910122  1.65730649  0.98414513  0.09890206  3.78881768
  0.6984852   3.0782476  -0.20266975 -0.01037911  2.65445665  1.93554701
  1.63835857 -0.45374931  0.35337758  2.2944037   0.07114685  0.63926146
  1.18569957 -0.01173527  0.41864651 -0.46926102  0.60521707  0.45268664
  0.52016942 -0.76944281 -0.56033132 -0.65666248 -0.58944481 -0.81542547
 -0.64706828  0.63082048 -0.84718316  0.34594097 -0.40906658] 7.29565959857201e-05 True
warning: basinhopping: local minimization failure
basinhopping step 32: f 4.17427e-05 trial_f 4.17427e-05 accepted 1  lowest_f 1.36908e-05
[ 2.16032841  4.59795792  2.05100253  0.74667876  0.48587244  4.26267555
  0.98381795  3.50511182  0.35388603 -0.15275725  3.07077373  2.66534238
  0.62525714 -0.62476215 -0.43467408  1.32163666 -0.55528231  0.59038052
  0.57956025  0.68564552  0.03573006  0.30127818  0.41511881  0.04303127
 -0.9936961  -1.31976911 -0.82033045 -0.70452696 -0.51981121 -0.64223494
  0.1365464  -0.79736447 -0.78395623  0.38769004 -0.16421692] 4.1742670384493504e-05 True
warning: basinhopping: local minimization failure
basinhopping step 33: f 1.89667e-05 trial_f 1.89667e-05 accepted 1  lowest_f 1.36908e-05
[ 2.72234085  4.42575031  2.33400042  0.36710089 -0.1562404   4.93720097
  0.4834804   2.93387125  0.83770497  0.40050031  3.93321874  3.02150335
  0.62522794 -0.11402792  0.01716222  1.16543075  0.44060517  0.8576341
  1.49856856  1.11209357  0.52938536  0.7233453   1.07247951  0.6361627
 -0.77675195 -0.32882017 -0.4576416  -1.01559248 -0.17328759 -0.2104217
 -0.08713091 -0.69719581 -0.50131463 -0.69864259 -0.6867716 ] 1.896669001287012e-05 True
warning: basinhopping: local minimization failure
basinhopping step 34: f 4.80058e-05 trial_f 4.80058e-05 accepted 1  lowest_f 1.36908e-05
[ 2.59244699  5.01833469  2.71869439  0.27838671  0.04938938  5.43319935
  0.0162268   1.400859    0.41320516  0.74853355  4.27045714  3.71644721
  0.41260813 -0.41194229 -0.08909467  0.06196165 -1.39662313  0.06503731
  0.74303501  0.19301412  1.0594518   0.66042202  1.65801135  1.29538097
 -0.05804641  0.03911648 -0.38317198 -0.21755139 -0.1723907   0.06796828
 -0.85548071 -1.04807964 -1.00042877 -1.19305804 -0.53764666] 4.800581412119182e-05 True
warning: basinhopping: local minimization failure
basinhopping step 35: f 4.1649e-05 trial_f 4.1649e-05 accepted 1  lowest_f 1.36908e-05
[ 3.30206745  5.37238773  2.82670969  0.30305689  0.50339274  5.39494828
 -0.48862614  0.43771108  0.51032441  1.0656251   4.62006704  3.82485067
  1.11139716 -0.05834294  0.54358686  0.33257726 -0.58076098 -0.08760264
  1.22427519  0.21673802  0.61144    -0.59215071  2.33333247  2.4922534
  0.50074287  0.30992225  0.55295714  0.29700708 -0.81196127 -0.44640434
 -0.8532198  -0.9812769  -1.51025396 -1.07545882 -0.19687899] 4.164899484420493e-05 True
warning: basinhopping: local minimization failure
basinhopping step 36: f 3.58395e-06 trial_f 3.58395e-06 accepted 1  lowest_f 3.58395e-06
found new global minimum on step 36 with function value 3.58395e-06
[ 2.55132322e+00  5.56728424e+00  3.36231476e+00  6.91706414e-01
 -2.24504334e-01  5.33951069e+00  2.69988214e-01  2.52363783e-01
  7.65932837e-01  1.51083170e+00  4.45376483e+00  4.18109994e+00
  5.30715451e-01 -2.17918508e-03  6.20164564e-01  3.68414858e-01
  3.59710572e-01  7.41617431e-01  1.24835223e+00  3.97464861e-01
  1.32317653e+00  7.12396406e-01  2.82177089e+00  2.95565239e+00
  2.86849943e-01  2.06054021e-01  4.98037946e-01 -5.81760824e-01
 -6.79894335e-01 -1.27237195e+00 -1.00754334e+00 -2.19019107e-01
 -1.02740088e+00 -6.18496966e-01 -3.02710414e-02] 3.583949152799321e-06 True
warning: basinhopping: local minimization failure
basinhopping step 37: f 3.67472e-05 trial_f 3.67472e-05 accepted 1  lowest_f 3.58395e-06
[ 3.04247868  5.80526559  3.83380171  0.63522431  0.09627756  6.10332076
  0.37878233  0.35582728  0.25033627  1.11834145  5.39839922  4.70963385
  1.47970091  0.24176343  1.0842348   0.96415445  0.31839513  0.27511646
  1.66570008 -0.02012952  0.90756957  0.06623393  2.93806378  2.23416236
  0.12850411 -0.34303385 -1.06013901 -0.59951009 -1.29891604 -1.81467778
 -1.00552405 -0.10977568 -0.19319823 -0.59216057  0.22936127] 3.67471994805838e-05 True
warning: basinhopping: local minimization failure
basinhopping step 38: f 0.000108636 trial_f 0.000108636 accepted 1  lowest_f 3.58395e-06
[ 4.15555262  6.58738032  3.91824094  0.16263118 -0.29486413  6.45331681
  0.98476453  0.72355985  0.43505211  0.49064715  4.82317129  4.71997124
  2.04345079  0.87575835  1.35771854  1.39145726  0.19453898  0.0516115
  0.26672846 -0.10908827 -0.45258944 -0.93074801  2.00170709  2.08557148
  0.03060811 -0.66693469 -0.27729634  0.65734623  0.10649357 -0.76734319
 -0.35830038  0.51768459 -0.25213084 -0.742528    0.02131702] 0.00010863641716883383 True
warning: basinhopping: local minimization failure
basinhopping step 39: f 8.7417e-05 trial_f 8.7417e-05 accepted 1  lowest_f 3.58395e-06
[ 4.88581945  5.76286712  4.67780719  0.88177282  0.70921923  4.57520109
  0.76741362  0.30867041  0.46025959  0.67141854  4.89041891  3.77991645
  1.52048153  0.21387748  0.09610159  0.765405   -0.37476903 -0.41551759
  0.20225449 -0.43125617 -0.82071747 -0.40993767  1.89635032  1.59110893
 -0.24340397 -0.40632076  0.54585513  1.40695763  0.24901757 -0.08213607
  0.88760419  0.46951611  0.53528027  0.42325693 -0.17364803] 8.741703174933453e-05 True
warning: basinhopping: local minimization failure
basinhopping step 40: f 1.06023e-05 trial_f 1.06023e-05 accepted 1  lowest_f 3.58395e-06
[ 3.44187002  4.21171112  3.66853422 -0.739       0.35274833  3.42669459
 -0.97686285 -0.32786176 -0.68791683 -0.5183969   4.95867478  3.18149691
  0.95814292 -0.27824896  0.04105414  0.41493001 -0.51333592 -0.96232873
 -0.55146305 -0.33697564 -0.31301254 -0.28673463  3.69007692  2.12667225
  0.59646259  0.53808816  1.03363563  1.42786721  0.58368207  0.5802044
  1.41049897  1.17039176  0.9614494   0.05206074  0.14853014] 1.0602257246610852e-05 True
warning: basinhopping: local minimization failure
basinhopping step 41: f 8.6526e-05 trial_f 8.6526e-05 accepted 1  lowest_f 3.58395e-06
[ 2.46624539  3.42054504  2.21282288 -0.7191572  -0.06953698  3.1372782
  0.22888703 -0.47498766 -0.51283053 -0.5862303   5.09809912  3.02845568
  0.24868237  0.80374717  0.1484781   0.37437665 -0.58912187 -0.25374729
  0.57113231  0.19164803 -0.26003811 -0.95945487  3.37198092  2.5675076
  0.78050184  0.06366304  1.22590583  1.89763605  1.08142801  0.86228833
  2.35753111  1.7242561   1.10728316  0.79276425  1.1340701 ] 8.652602738375313e-05 True
warning: basinhopping: local minimization failure
basinhopping step 42: f 0.00012219 trial_f 0.00012219 accepted 1  lowest_f 3.58395e-06
[ 2.28890371  3.89108767  1.90661223 -0.63234492  0.57754286  2.41596643
 -0.0446246  -0.8179785   0.01140865 -0.147873    3.71906725  2.90189062
  0.77287326  1.21148253  0.98617291  1.15764763  0.98971511  0.3569576
 -0.52972996 -1.37277702  0.1460831   0.27742655  2.99071933  2.84639654
  1.05781269 -1.57332349  0.25950386  0.82319066  0.48818668  0.63663962
  3.03952385  1.02592195  1.54562486  0.87772489  1.13088236] 0.0001221902292640231 True
warning: basinhopping: local minimization failure
basinhopping step 43: f 4.07768e-05 trial_f 4.07768e-05 accepted 1  lowest_f 3.58395e-06
[ 0.678701    2.86516135  0.46200273 -1.06022338 -0.42633605 -0.0931508
 -0.90030316 -0.32370742  0.43175018 -0.27934463  3.93387625  3.93516881
  2.25559235  0.43411226  0.53483413  0.37695165  0.67980631  0.06330753
 -0.32584421 -1.06347057 -0.02269916  0.23812616  2.8958008   3.55322742
  1.04565509  0.46690828  1.91608102  1.31407084  1.11770284  0.4173872
  4.44847133  1.80609897  1.57692897  0.6032016  -0.65413758] 4.077683193987342e-05 True
warning: basinhopping: local minimization failure
basinhopping step 44: f 2.13353e-05 trial_f 2.13353e-05 accepted 1  lowest_f 3.58395e-06
[ 1.53332760e-02  3.07531350e+00  5.13239109e-01 -4.19439286e-01
 -7.13795174e-01  2.82543781e-01 -1.27040271e+00 -5.97411851e-01
 -3.88472214e-01 -1.64791672e-01  3.28262151e+00  3.35990229e+00
  2.75065836e+00  8.35516277e-01  1.13735536e+00  2.10266937e-01
  1.44046024e+00  1.85208821e-01  4.10875614e-03  7.78921153e-02
  1.91691914e-01 -1.81366210e-02  2.97907391e+00  3.93659787e+00
  9.98810950e-01  1.65404793e+00  2.55315565e+00  1.59963374e+00
  1.12139723e+00  3.79724715e-01  4.33137890e+00  1.93937478e+00
  1.40547865e+00  6.87366551e-01 -6.87895005e-01] 2.133529262829808e-05 True
warning: basinhopping: local minimization failure
basinhopping step 45: f 6.69246e-05 trial_f 6.69246e-05 accepted 1  lowest_f 3.58395e-06
[ 0.72584641  1.73163759  0.49921967  0.27119121 -0.10680854  0.15893275
 -0.55444454 -0.59309993 -0.81608975 -0.32404501  3.04381345  2.94758851
  2.30992731  0.15499268  1.20904871  0.34523122  1.54211689  0.53881948
  0.73639589 -0.37719655 -0.09162025 -0.56582898  2.80151972  3.52572987
 -0.17924881  1.02860077  1.58022498  0.41939692  0.27600227  0.72389809
  4.90630111  1.66454016  1.38072993  0.90459405  0.56705869] 6.692461809609676e-05 True
warning: basinhopping: local minimization failure
basinhopping step 46: f 0.000123035 trial_f 0.000123035 accepted 1  lowest_f 3.58395e-06
[-0.12074552  1.33823677 -0.13471474  0.05620859  0.10288412 -0.79127929
 -0.13285    -0.68397407 -0.96341714  0.27575455  3.30561421  2.83600171
  2.37135373  0.31777448  0.82930239  1.0457081   1.8131252   0.33522363
  0.59840905 -0.15898897  0.12042378  0.55403094  2.84146045  3.34894438
  0.88019022  0.26665314  1.20812445 -0.95353475  0.26778458  0.5800454
  4.67386876  2.10577467  1.9928253   1.44470176  0.89783002] 0.00012303549589848066 True
warning: basinhopping: local minimization failure
basinhopping step 47: f 4.76334e-06 trial_f 4.76334e-06 accepted 1  lowest_f 3.58395e-06
[ 3.47002249e-01  1.20938005e+00  7.24484862e-01  6.42362692e-01
  2.08932950e-01 -3.86974191e-01 -3.78805533e-01 -2.11743604e-01
 -1.51342848e-01 -6.72963913e-01  2.84694593e+00  2.27782670e+00
  1.60489962e+00 -3.01155133e-01  4.65740021e-01  5.48175196e-01
  8.47647287e-01  5.70963885e-01  6.47627472e-01  4.32640043e-02
  3.30118011e-01  4.67650300e-01  3.34125776e+00  3.78544415e+00
  2.08568766e+00  1.02081516e+00  1.02656541e+00  1.54223448e-04
  1.09631919e+00 -9.37305166e-01  3.98881822e+00  2.04020329e+00
  2.10777820e+00  1.16992427e+00  1.28107222e+00] 4.763344234383014e-06 True
warning: basinhopping: local minimization failure
basinhopping step 48: f 2.70721e-05 trial_f 2.70721e-05 accepted 1  lowest_f 3.58395e-06
[-0.2068671   1.341666    1.62887374  1.67937939  0.85661385  1.08709923
  0.34988993  0.35928893  1.04996251  0.63993646  3.04827425  3.08736589
  0.98849608  0.06699397  0.12129125  1.16686733  0.29241187 -0.52452929
  0.17504405 -0.90291615 -0.8663061  -0.70105632  2.99950452  2.26797926
 -0.07192966  0.06627309  0.59715865 -0.31859719  1.12186156 -0.00588013
  4.80728341  1.33557928  0.73990605  0.0999364   0.11485938] 2.7072132907272133e-05 True
warning: basinhopping: local minimization failure
basinhopping step 49: f 2.12961e-05 trial_f 2.12961e-05 accepted 1  lowest_f 3.58395e-06
[ 0.89667398  2.25606844  2.22336951  1.98566431  0.73638848  0.90500713
  1.05434867  0.75948672  1.5578356   0.45967365  3.13545452  3.5505544
  0.88769406  0.34166992 -0.22277781  0.69019778 -0.00636329 -0.37184792
  0.16422552  0.02050419 -0.78484565 -1.20039964  2.6443012   1.67971221
 -0.2355661  -0.25982969  0.02434349  0.23430277  1.40281176 -0.22623465
  4.70889954  0.5886644   0.5520531   0.68055004 -0.1446813 ] 2.1296140466601208e-05 True
adaptive stepsize: acceptance rate 0.980000 target 0.500000 new stepsize 0.555556 old stepsize 0.5
warning: basinhopping: local minimization failure
basinhopping step 50: f 2.23694e-05 trial_f 2.23694e-05 accepted 1  lowest_f 3.58395e-06
[ 0.10835191  2.19318104  1.62344339  2.07280376  1.17169815  0.9445369
  1.19256049  0.34540643  1.90828521  0.37857056  3.48278916  3.37330996
  1.41590745  0.44271241  0.33369268  0.05877418 -0.40000174 -0.03571266
  0.61440233 -0.45739891 -0.66121845 -0.44898868  2.76845085  0.74880572
  0.16818697 -0.35486063 -0.2693852   0.11706271  1.80049478 -0.09609543
  3.74659957 -0.71101429 -0.5058127  -0.79218454 -1.80150575] 2.2369383656988915e-05 True
warning: basinhopping: local minimization failure
basinhopping step 51: f 3.20785e-05 trial_f 3.20785e-05 accepted 1  lowest_f 3.58395e-06
[-1.10372196  0.61806416 -0.49127522  1.51011734  1.27864208  1.15288758
  0.89489672 -0.17708812  1.11318725 -0.0325387   3.26520217  3.27346465
  1.30895099  0.91934295  0.05741975  0.1693623  -0.58581948 -0.83560644
  0.43696401 -0.2747486  -0.66627631 -0.02526595  2.96152821  0.66470905
  0.10147253 -0.63760886 -0.13301527  0.14709127  1.74851777  0.0781638
  2.98296754 -0.94800859 -0.10441467 -1.05400767 -1.53001412] 3.207848000237425e-05 True
warning: basinhopping: local minimization failure
basinhopping step 52: f 7.61505e-05 trial_f 7.61505e-05 accepted 1  lowest_f 3.58395e-06
[-0.09501852  1.72728262  0.98948985  2.42242559  1.95684049  1.29207163
  0.98097019  0.48044675  0.97867938 -0.39650178  3.04934172  3.93247007
  1.29456467  0.27578938  1.07479843  0.07308846 -0.35937599 -0.48380198
  0.21853312  1.11899141 -0.23730475  0.14078627  2.47834553 -0.21520712
 -0.17469293 -0.89855585 -0.50853606 -0.57718638  0.8059868  -0.04495182
  3.40302214 -0.67639814 -0.35982398 -0.48590036 -1.39702345] 7.615046333175505e-05 True
warning: basinhopping: local minimization failure
basinhopping step 53: f 6.25239e-05 trial_f 6.25239e-05 accepted 1  lowest_f 3.58395e-06
[-0.69981947  1.73308417  1.1377463   3.59857332  1.52580424  1.15322703
 -0.04274422  0.72632706  0.24967007  0.82899728  2.8009254   3.51830813
  2.19099641  0.31990197  2.10391037 -0.02528592  0.16372597  1.24575334
  0.11436028 -0.06312859 -0.72207096 -0.52489018  1.54747406 -0.27389136
 -0.07249299 -0.66735994 -0.74858541 -0.73465498  0.73425975 -0.2142867
  3.06067256 -0.72379619 -0.20928598 -0.76830398 -1.46704511] 6.252393720345738e-05 True
warning: basinhopping: local minimization failure
basinhopping step 54: f 3.68906e-05 trial_f 3.68906e-05 accepted 1  lowest_f 3.58395e-06
[-1.29805687  1.20669561  1.14893751  4.52208229  2.69358124  0.80134918
  0.47031381  0.90975801  0.14016806  1.12142004  2.87989866  3.32940498
  2.45805651 -0.54166207  0.72778802  0.54863378 -0.06390664  0.26289689
 -0.96761891 -0.79776851 -1.34651025 -0.39731703  2.79289036  0.53208641
  0.90006664  0.24858948  0.63436895  0.05534732  0.58287601  0.4053298
  2.52525219 -0.43998668 -0.37269123 -0.85754075 -0.20905417] 3.6890573964820354e-05 True
warning: basinhopping: local minimization failure
basinhopping step 55: f 8.34337e-05 trial_f 8.34337e-05 accepted 1  lowest_f 3.58395e-06
[-0.74513845  1.4552981   1.31050804  5.46899605  2.30751629  0.01653639
 -0.40456589  0.43736945  0.25211312  1.06372155  3.24179774  2.46826989
  1.90526423 -0.47244722  0.40541143 -0.50827833 -0.73300461  0.08111353
 -0.65926862  0.64320884 -0.19924044  0.52748919  3.61869434  1.58388387
  0.78141882  1.23595163  1.08605975  0.62932277  0.44872043  0.11291889
  2.18713837 -0.13040031  0.17436722  0.02991     0.69276205] 8.343373726607457e-05 True
warning: basinhopping: local minimization failure
basinhopping step 56: f 4.77635e-05 trial_f 4.77635e-05 accepted 1  lowest_f 3.58395e-06
[-1.93582082e+00  7.62895183e-01  1.20030403e-01  4.36758076e+00
  2.00542017e+00 -1.19994862e+00 -1.22463997e+00 -7.92541129e-01
 -8.79155974e-01  2.47675161e-03  2.49501748e+00  2.24169642e+00
  1.88804598e+00 -2.83213537e-01  2.39727679e-01 -6.01873788e-01
 -8.10058856e-01 -5.96091373e-02 -6.25496839e-01  3.32730807e-01
 -1.01136482e-01  4.75324247e-01  3.92136642e+00  2.11495740e+00
  8.91356051e-01  2.14530487e+00  1.15299669e+00  1.96852797e-01
  2.20720717e-01 -5.23498878e-02  1.74160032e+00 -3.14968856e-01
 -3.93971264e-01 -5.41642564e-01 -7.92072810e-03] 4.7763486647310316e-05 True
warning: basinhopping: local minimization failure
basinhopping step 57: f 5.59241e-05 trial_f 5.59241e-05 accepted 1  lowest_f 3.58395e-06
[-1.08924948  0.87705028  1.09681491  5.41572237  2.30810422 -1.01018892
 -0.33356104  0.38384134 -0.45391258 -0.24039985  1.98432778  2.71081532
  1.65577783 -0.213301    0.38156217  0.06116059 -0.22048421  1.00986111
 -0.08473707  0.4214431   0.43088693  0.51732181  2.96381906  0.95517504
  0.796873    1.52076976  1.06128385 -0.12866752  0.32690203  0.374876
  1.26682351 -0.49442682 -0.33287517 -0.50662254 -0.36316366] 5.5924072480355995e-05 True
warning: basinhopping: local minimization failure
basinhopping step 58: f 4.82342e-05 trial_f 4.82342e-05 accepted 1  lowest_f 3.58395e-06
[-0.86329416  1.70024511  1.5437479   5.39702275  2.25651163  0.02807284
  0.38971008  1.64924181  0.05794607 -0.19803033  3.20027771  2.24911612
 -0.36806486 -1.57414223 -0.26032818 -0.65339084 -0.30282104  0.87739779
  0.65411021  0.20478811 -0.07110316  0.89295974  3.06266862  0.34195005
  1.04747624  2.86038288  1.11748027 -1.839433    0.21801256  0.33675771
  0.28674716 -0.6083656   0.02465079 -0.2725184  -1.14723835] 4.8234243849394364e-05 True
warning: basinhopping: local minimization failure
basinhopping step 59: f 5.09717e-05 trial_f 5.09717e-05 accepted 1  lowest_f 3.58395e-06
[ 0.18866215  1.99793029  0.9044598   5.14862902  2.73690219  0.78045108
 -0.21234511  0.30448648 -0.64295316 -0.82790856  2.79205898  2.67127401
 -0.60817474 -1.03401589 -0.56680827  0.65882697  0.0798965   0.91975386
  0.75894927  0.67335147  0.57099699  0.99151495  2.74744752  0.2283373
  1.17212788  3.12509453  1.29879857 -1.52485295  0.74034136  0.92262591
  0.39615934  0.20664178  0.5923836   0.25297935 -0.60986949] 5.097166172335007e-05 True
warning: basinhopping: local minimization failure
basinhopping step 60: f 3.78811e-05 trial_f 3.78811e-05 accepted 1  lowest_f 3.58395e-06
[-3.46002151e-02  1.94833980e+00  1.39105021e+00  5.57149045e+00
  2.86802325e+00 -3.43841750e-01 -8.18481575e-01 -6.13537867e-01
 -1.01494982e+00 -4.41760690e-01  2.62977555e+00  3.50881469e+00
  8.20219889e-01 -6.03189511e-02  6.91643263e-01  7.33977841e-01
  1.16354441e+00  1.99054855e+00  1.46124485e+00  4.06864758e-01
  8.55287458e-01  8.85769719e-02  2.67077774e+00 -3.78898509e-01
  1.14871648e+00  2.15229446e+00  2.47839490e-01 -1.84002108e+00
 -7.08566356e-02 -2.24392955e-03  8.32969810e-01  2.71877226e-01
  6.85308494e-02  8.89905088e-02  6.78953036e-02] 3.7881136450344146e-05 True
warning: basinhopping: local minimization failure
basinhopping step 61: f 0.000112222 trial_f 0.000112222 accepted 1  lowest_f 3.58395e-06
[-0.28175727  2.37698925 -0.30988041  4.88307623  1.79229562 -0.73321389
 -0.84352591 -0.87598618 -1.30335315 -0.28996537  2.01526178  3.20737282
  0.75429861  0.28250431  0.16710386 -0.13195252  1.83441696  1.87146344
  2.5735716   0.1128619   0.13229292 -1.0193496   2.92173365 -0.29097805
  2.18730936  2.68980088  0.53501404 -1.87451849  0.00952864  0.32505872
  0.9713786   0.22396855  0.90613985  1.2016484   2.17204144] 0.00011222209850537906 True
warning: basinhopping: local minimization failure
basinhopping step 62: f 3.59425e-05 trial_f 3.59425e-05 accepted 1  lowest_f 3.58395e-06
[-0.27816434  1.83561811  0.17183938  3.65092044  2.45106496  0.64978761
 -0.3232978  -0.17770191 -0.76263888 -1.11790008  1.49506386  2.46555344
  0.14157307 -0.20679076 -0.29099622 -0.38790451  1.08544187  0.94385525
  2.04466599 -0.08775856  0.40884007 -0.11916853  3.2706535   0.53053489
  2.66851657  3.00673651  0.32166928 -2.03124339  0.17656871  0.83741897
  0.54837377  0.99187935  1.52656755  1.55660452  2.45428428] 3.5942498005127556e-05 True
warning: basinhopping: local minimization failure
basinhopping step 63: f 0.000177523 trial_f 0.000177523 accepted 1  lowest_f 3.58395e-06
[-0.27595494  0.78333785 -0.00494062  4.20335305  2.67934356  0.90976773
  0.55282584  0.6068624  -0.03868243 -0.48820764  1.44543009  2.445627
 -0.37746799 -0.18027548 -0.68168633 -0.45016292  0.04322817  0.6971787
  1.82508349  0.62967613  0.45902318  0.82619955  4.09211861  0.41524636
  3.3437638   3.10946127  0.84937564 -1.62516037  0.61427718  0.94098339
 -0.17930506  1.17298187  1.45249034  1.7560453   2.26018248] 0.00017752315331805494 True
warning: basinhopping: local minimization failure
basinhopping step 64: f 5.60461e-05 trial_f 5.60461e-05 accepted 1  lowest_f 3.58395e-06
[-0.14826315 -0.61249179 -0.61909553  3.79708439  2.93030024  0.00402764
 -0.12462042  0.22069921 -0.55047974 -1.0543822  -0.35053508  1.66020025
 -0.57019025  0.31284611  0.30255883  0.07895396  0.60200272  1.41850424
  1.27131652 -0.12042033  1.28976179  0.03353841  3.49703621 -0.23030051
  2.6669415   3.59936813  0.51944641 -1.78323791  0.52550675  0.4441394
  0.45909761  1.79661513  1.37851284  1.63125903  2.19768233] 5.604609542336107e-05 True
warning: basinhopping: local minimization failure
basinhopping step 65: f 1.27557e-05 trial_f 1.27557e-05 accepted 1  lowest_f 3.58395e-06
[ 0.83815067  0.35739231  0.80573949  4.32864118  3.28033684 -0.01547691
 -0.44749451 -0.40271843 -0.17113848 -1.05390414 -1.49670014  0.19606736
 -0.49398115 -0.02972213  0.31974293  0.33083312  1.05334192  0.99325039
  1.72733171  0.53364225  0.1916071  -1.26808683  2.99639338  0.26726432
  2.41800521  3.50017132  0.71779911 -0.00523735  0.77273877  0.90878722
  1.14250602  1.84605969  0.83514552  1.29472473  1.95737993] 1.27556660558264e-05 True
warning: basinhopping: local minimization failure
basinhopping step 66: f 1.49136e-05 trial_f 1.49136e-05 accepted 1  lowest_f 3.58395e-06
[ 0.17968799  0.3510706   1.11188156  4.82997711  3.60123823  0.38589372
  0.1220734  -0.13106219 -0.4404271  -1.30251441 -0.54724454 -0.46917862
 -0.21437518 -0.18531151  0.43873672  0.61318912  0.14657124  1.07009184
  1.53688429  0.27242535  0.0326143  -0.50443673  3.53621934 -0.02171972
  2.90758326  4.14638474  1.4264425   0.68530868  1.30682012  1.01987556
  0.51301997  2.17439125  1.20431866  1.16695947  2.20144384] 1.4913576735155086e-05 True
warning: basinhopping: local minimization failure
basinhopping step 67: f 5.33188e-05 trial_f 5.33188e-05 accepted 1  lowest_f 3.58395e-06
[-0.42167732  0.01194845  0.75238011  4.40102733  3.32042197 -0.46074329
 -0.31314398 -1.11838664 -0.71517617  0.07643691 -0.84018555 -0.91901615
 -0.81503437 -0.37123279 -0.27854319 -1.3274596  -0.62780409 -0.21694481
  0.83261044 -0.10940111 -0.85866706 -0.29146536  2.81807104  0.80901882
  1.53057998  3.86662157  1.05937675  0.72050552  0.52744803  0.26483477
  1.21346398  2.77496805  0.81444988  0.5371981   2.82986642] 5.3318836604181256e-05 True
warning: basinhopping: local minimization failure
basinhopping step 68: f 1.89025e-05 trial_f 1.89025e-05 accepted 1  lowest_f 3.58395e-06
[ 7.03969743e-02  1.30375585e+00  8.37261452e-01  4.77509999e+00
  3.82205995e+00  1.20188818e-02 -5.30247021e-01 -1.13911944e-01
  4.78326245e-01 -5.61468993e-01 -4.94365430e-01 -3.02542289e-01
 -5.10496414e-01  8.57920604e-04  1.54696718e-01 -3.61207114e-01
 -8.26006682e-01 -1.04043013e+00  2.06592773e-01  2.11021162e-01
 -6.62523087e-02  4.79919439e-01  2.82274204e+00  1.00103505e+00
  1.30634603e+00  3.57586636e+00  1.15974442e+00  1.35808195e+00
  1.48102989e+00  4.89273838e-01  1.50794749e+00  3.00528712e+00
  9.36223271e-01  6.46430624e-01  2.69350899e+00] 1.890247357202994e-05 True
warning: basinhopping: local minimization failure
basinhopping step 69: f 0.000107045 trial_f 0.000107045 accepted 1  lowest_f 3.58395e-06
[-1.24121488 -0.27052875 -0.29397157  3.69339567  2.72349244  0.3116536
 -0.34096618 -0.14116906  0.04945862 -0.48506286 -0.29218505  0.58483211
  0.04346543  1.12020147  0.80473596  0.48094498  0.01287166 -0.75820775
 -0.58607278  0.7103199   0.08275165 -0.52420642  2.35131239 -0.16362617
  1.00443381  3.74929812  1.15682063  1.7705293   1.59627936  0.24095996
  0.7277875   3.50762946  1.57930535  1.17303499  1.78394717] 0.00010704488244697727 True
warning: basinhopping: local minimization failure
basinhopping step 70: f 4.32817e-05 trial_f 4.32817e-05 accepted 1  lowest_f 3.58395e-06
[-1.34822669e+00 -4.91836428e-01 -5.37954739e-01  2.58665573e+00
  2.60873731e+00  9.25976415e-02  2.88923491e-01 -2.98956005e-01
  9.35974770e-02  6.00136770e-01 -1.44596055e-01  1.14492643e+00
  1.20601211e+00  1.87610446e+00  1.01146349e+00  4.22514135e-01
  9.42592645e-01  5.37949676e-01  5.39000515e-01  3.06128513e-01
 -8.76935409e-02 -4.87127527e-01  1.79720519e+00 -7.01783483e-01
 -4.47494345e-01  2.92422375e+00  6.04657120e-01  5.41703331e-01
  1.38025798e+00 -1.56218770e-03  1.10027292e+00  1.80622587e+00
  8.19551706e-01 -1.71274021e-02  5.83372555e-01] 4.328165229902396e-05 True
warning: basinhopping: local minimization failure
basinhopping step 71: f 1.73543e-05 trial_f 1.73543e-05 accepted 1  lowest_f 3.58395e-06
[-0.52536873 -0.91941832 -0.28048874  1.9324058   2.0373604   0.10565354
  0.12408875 -0.40076503 -0.03416397  0.69181911 -0.21832736  1.18273493
  1.50160382  1.32433562  0.62554335  0.17678     0.50553633  0.58325084
  0.88175298  0.12744347 -0.15089451  0.04104011  1.31451459 -0.08007212
  0.10832771  2.87321383  1.15399901  0.94053945  1.35491991 -0.21072697
  1.22640169  1.40624247  0.84675239  0.24587838  0.98293285] 1.7354261729857293e-05 True
warning: basinhopping: local minimization failure
basinhopping step 72: f 1.87131e-05 trial_f 1.87131e-05 accepted 1  lowest_f 3.58395e-06
[-1.54618125 -1.01932057 -0.72451528  2.75129025  1.92523378  0.42628973
  0.21069504  0.16213118 -0.44105068  0.11895324 -0.26083796  1.04367895
  1.47226506  0.43544673  0.56500994  0.1437188   0.85766093 -0.11989528
  0.43527465  0.37955687  0.68961389  1.70391248  2.09652418  0.92011014
  0.89447963  4.06012015  1.29728895  0.95522147  1.35365414  0.34401173
  1.56288827  1.1148547   0.83760736 -0.28863909  0.07183314] 1.8713078581777453e-05 True
warning: basinhopping: local minimization failure
basinhopping step 73: f 5.29962e-05 trial_f 5.29962e-05 accepted 1  lowest_f 3.58395e-06
[ 1.65087750e-02 -1.08092150e+00 -8.77288362e-01  2.61280808e+00
  2.39359903e+00  6.62315357e-01  4.35452324e-01  4.24332232e-01
  4.63159097e-01  4.11686811e-01 -3.81664315e-01  1.26431270e+00
  2.26761813e-01 -1.15035522e+00 -2.54056546e-01 -9.24655983e-01
  4.84814381e-01  6.79444701e-01  7.07577121e-01  6.41978538e-01
  1.00051059e+00  1.57354676e+00  1.45619190e+00  4.13443699e-01
  9.41435196e-01  4.78046847e+00  1.02468807e+00  1.38429533e+00
  6.28680185e-01 -4.25042956e-02  1.12814301e+00  6.56683921e-01
  2.54960881e-01 -4.25193756e-03 -1.00299905e+00] 5.299616992331372e-05 True
warning: basinhopping: local minimization failure
basinhopping step 74: f 2.10568e-05 trial_f 2.10568e-05 accepted 1  lowest_f 3.58395e-06
[ 0.71043093 -0.55948321 -0.33062108  2.30559706  1.90023942  0.14415815
 -0.21575623  0.19994818  0.98031672  0.73640744 -0.02374225  0.84208644
 -0.20974751 -0.72173218 -0.35809188 -0.82743977  0.11327659  0.30690048
  0.58353296  0.44592868  1.56251769  2.06543957  1.20129516  0.9824691
  1.23464412  4.2766813   0.77903347  1.04594806  0.68043146  0.07281022
  1.22994479  1.13031996  0.67726571  0.01546655 -0.21755064] 2.1056792480910257e-05 True
warning: basinhopping: local minimization failure
basinhopping step 75: f 1.66296e-05 trial_f 1.66296e-05 accepted 1  lowest_f 3.58395e-06
[ 0.02792221 -0.73405227 -0.17191184  1.7613339   2.14580837 -0.38573022
  0.41669432 -0.20006587  0.25600571  0.92477524  0.39826768  0.89264548
  0.85450277 -0.26045475  0.14148747 -1.03878221  0.20451191  0.75973015
  0.74731372  0.41240969  1.76008524  1.50191806  0.57890058  1.16459478
  2.07981365  4.92480825  1.11063343  0.98323225  0.40743484 -0.24206197
  0.74018248  1.02012776  0.62896203 -0.41135987  0.05426909] 1.6629591034100614e-05 True
warning: basinhopping: local minimization failure
basinhopping step 76: f 4.56072e-05 trial_f 4.56072e-05 accepted 1  lowest_f 3.58395e-06
[ 0.1992566  -0.2577484  -0.84981826 -0.05456817  2.03318117  0.4805296
 -0.40781012 -0.44810654  0.26262526  1.28022926  0.39363818  0.63913701
  0.53539969  0.24603973  0.24379732 -0.68720731  0.15918711 -0.25807502
  0.2275913  -0.20032703  0.76132455 -0.1344347   0.15833174  0.88575602
  2.25772366  4.66960597  1.27278969  1.4764068   1.15264152  0.93101907
  1.64537642  1.63922792  1.34938539  0.03851576  0.00708364] 4.560721213121789e-05 True
warning: basinhopping: local minimization failure
basinhopping step 77: f 4.56163e-05 trial_f 4.56163e-05 accepted 1  lowest_f 3.58395e-06
[ 0.83083765  0.20633286 -0.29173408 -0.35933265  0.68036538  0.24309201
  0.35815505  1.03707371  0.89366726  1.46021128  0.92036987  0.7567343
  0.14827932  0.69972512  1.0449536   0.37983958 -0.21504224 -0.45667995
 -0.78079899 -1.66628254 -0.8923101  -1.04032537 -0.28106796  0.68224891
  2.98859046  4.92297311  0.65285392 -0.0889552   0.04764628 -0.06866753
  2.14715935  2.30012097  1.94783318  0.08793147  0.16766216] 4.5616317665719465e-05 True
warning: basinhopping: local minimization failure
basinhopping step 78: f 2.19082e-05 trial_f 2.19082e-05 accepted 1  lowest_f 3.58395e-06
[ 0.67316306  0.61618116  0.213894   -0.01794927  1.05402434  0.59119863
  0.32681834  0.66518027  1.17468999  2.01967249  1.22561689  1.57058855
  0.99473573  1.37714961  1.67808701  0.21500684  0.39241226 -0.04862038
  0.01754861  0.09792997  0.42095004 -0.6328084  -0.43837718  0.45621618
  3.16156423  4.96344246  0.38935422 -0.13223904 -0.60647291 -0.34326734
  1.72098825  1.51430084  1.41609644 -0.2624034   0.11315822] 2.1908202287170028e-05 True
warning: basinhopping: local minimization failure
basinhopping step 79: f 5.44224e-05 trial_f 5.44224e-05 accepted 1  lowest_f 3.58395e-06
[-0.72613583  0.4131739   0.33972672 -0.06623653  0.77318293  0.64234827
  0.26053189  1.27666425  1.11212894  1.81263585  2.17613279  1.34172421
  0.35932405  0.96413142  0.94638664 -0.14143954  0.94450478  0.22135077
  0.35914181 -0.22385203  1.19290668 -0.38489573  0.60796404  0.62173928
  3.80306574  5.10827313  0.22307737  0.01551786 -0.25130659 -0.81874611
  1.5711001   2.13815344  0.23780747 -0.41987844 -0.5370601 ] 5.442237575936845e-05 True
warning: basinhopping: local minimization failure
basinhopping step 80: f 1.28503e-05 trial_f 1.28503e-05 accepted 1  lowest_f 3.58395e-06
[-0.32292901  0.5919476   0.41166082  0.32202794 -0.42792585  0.42619751
 -0.4909771   0.67014269  0.57764064  1.97744472  1.27854908  1.75444344
  0.76709547  1.39046857  0.95343762  0.77011656  1.01143452  0.45948748
  0.23579108 -0.14773033  2.13624829 -0.02438578  0.63404506  0.39439093
  4.00148381  5.55015538  0.28210372 -0.07591449  0.08146751 -0.12150003
  2.08291061  1.08817658 -0.9606653  -0.62805998 -0.77362028] 1.2850334435554546e-05 True
warning: basinhopping: local minimization failure
basinhopping step 81: f 8.82028e-05 trial_f 8.82028e-05 accepted 1  lowest_f 3.58395e-06
[ 0.19942607  0.46273077  1.13671002  0.74399411  0.08031146  0.8477735
  0.06344393  0.51382105  0.11558497  1.36077241  1.83452664  1.2717683
  1.19850429  1.51491628  0.70562901  1.25547192  0.39737441 -0.17592248
  0.62509489 -0.40049246  1.94685917 -0.2798492   1.01414902 -0.42781438
  4.27815305  5.90989702 -0.17203373 -0.19249089  0.95181346  0.48478641
  2.65585949  0.75316702 -0.64831549 -0.51587691 -0.48569925] 8.820281191602806e-05 True
warning: basinhopping: local minimization failure
basinhopping step 82: f 8.56408e-05 trial_f 8.56408e-05 accepted 1  lowest_f 3.58395e-06
[ 1.10099485  1.93827696  0.95475237  0.63619952  0.55880111  0.86246127
 -0.34633848 -0.01104078  0.29378682  1.15162236  1.06316808  0.19971003
  1.32337712  1.88759811  0.75981856  0.66136939  0.38315872  0.8607108
  0.15304344 -0.16860074  2.54348461 -0.37204934  1.02610588 -0.03819574
  4.05491074  6.40395656  0.2979074   0.28803206  2.3886166   1.12238024
  2.68996291 -0.70715215 -1.86591762 -0.89516198 -1.09924823] 8.564084880398738e-05 True
warning: basinhopping: local minimization failure
basinhopping step 83: f 0.000182101 trial_f 0.000182101 accepted 1  lowest_f 3.58395e-06
[ 1.74180471  1.55800052  1.44284217  0.19301855  1.19706806  1.22567645
  0.20026385 -0.12845327  0.55432182  1.11932854  1.62613187  0.09950584
  1.10986282  1.38713077  0.63104585  0.92182894  0.4617361   1.47909628
  0.49335369  0.61227968  2.02621802 -0.63563005  0.9025733   0.49839618
  5.34335036  6.75500623  0.99316486  0.94751387  1.04416634 -0.06491035
  2.34258615 -0.03484583 -0.65178449 -0.49835807 -0.11274928] 0.00018210143972341322 True
warning: basinhopping: local minimization failure
basinhopping step 84: f 3.0681e-05 trial_f 3.0681e-05 accepted 1  lowest_f 3.58395e-06
[ 2.4134813   1.55288682  2.8789289   1.29278265  1.78641459  1.13350186
  0.17588529  0.37028602  0.40288398  1.485364    0.99663979  0.67861902
  0.10690346  2.46120644  0.20624838  0.35233023 -0.47748428  2.25062188
  0.36358084 -0.07867969  2.03921065  0.23166669  0.52458533 -0.3341924
  5.25277617  5.56635528 -0.6439959  -0.45231249  0.43522963 -0.37555861
  2.0201718  -0.55073373 -1.07154136 -0.52890307 -0.6147839 ] 3.0680955760946275e-05 True
warning: basinhopping: local minimization failure
basinhopping step 85: f 3.69294e-05 trial_f 3.69294e-05 accepted 1  lowest_f 3.58395e-06
[ 2.72201575  1.58323854  2.75216369  1.43868655  2.29571567  0.92684925
  1.18170708  0.7233153   0.0487945   1.12325777  1.49366275  0.92074504
  0.179654    2.8896648   0.5158021   0.14339472  0.16439125  2.17604034
  0.55624954 -0.04522469  2.3423154   0.06503537 -0.13451526 -0.1406529
  4.40160669  5.64721399  0.00732238 -0.071605   -0.49250907 -1.17033898
  1.39339491 -0.51738459 -0.41083015 -0.40387999 -0.15346272] 3.692944224322212e-05 True
warning: basinhopping: local minimization failure
basinhopping step 86: f 2.155e-05 trial_f 2.155e-05 accepted 1  lowest_f 3.58395e-06
[ 3.59686885  1.46281999  4.1081967   1.39578789  1.9760551   0.91339838
  0.77292923 -0.29689957 -1.02732176  0.52538559 -0.06702576  0.78796729
 -0.17668862  2.78436624 -0.73517269 -0.11044935  0.27211758  3.30802456
  0.09524857  0.10459869 -0.14720545 -1.21017861 -0.44797381 -0.88086661
  4.73341434  6.0427839  -0.87710482 -2.71049051 -0.41288926 -1.09591137
  1.89527546  0.22127485 -0.87544798 -0.31496031  0.08653135] 2.1549989208161385e-05 True
warning: basinhopping: local minimization failure
basinhopping step 87: f 6.90408e-06 trial_f 6.90408e-06 accepted 1  lowest_f 3.58395e-06
[ 3.84079428  1.76644376  4.57734485  2.24704713  1.73411092  0.70410115
  1.02711307  0.67732651 -0.42995367  0.92715604  0.19550932 -0.0305873
 -0.50736418  1.91424265 -0.1611592   0.51403533  0.46766484  3.77425474
  0.58793238  0.02402531  0.21393017 -0.46004203  0.06141025 -0.04654059
  4.98181749  5.48070305 -0.38112635 -2.88868088 -0.48193034 -0.90200187
  1.93738752  0.07857265 -0.55276767  0.45919244  0.20349634] 6.90408390291943e-06 True
warning: basinhopping: local minimization failure
basinhopping step 88: f 8.76199e-05 trial_f 8.76199e-05 accepted 1  lowest_f 3.58395e-06
[ 4.4349391   1.17284262  5.18277255  1.79317614  1.89781353  0.35527937
  1.22024791  1.04447986  0.20575673  0.40260846  0.30575396  0.35693898
 -0.25105081  1.42830337 -0.54576989 -0.24048074  0.58586305  3.5830495
  0.93642176  0.65589204  0.75966705  0.23932544  0.17754893 -0.19813456
  4.56946873  5.67832449  0.36100864 -1.37545505  0.92489293 -0.35215442
  1.99654233 -0.06402503 -0.27109944  0.69634598 -0.06968436] 8.761991747105696e-05 True
warning: basinhopping: local minimization failure
basinhopping step 89: f 1.61389e-05 trial_f 1.61389e-05 accepted 1  lowest_f 3.58395e-06
[ 4.81192115  1.0223981   5.60817679  1.52736149  1.98168039  0.83702966
  0.20280746  0.75483005  0.18114322  0.28242215  0.68292454  0.55282254
 -0.46333214  0.40285883 -0.43623798 -0.47481241  0.07506505  3.50692518
  2.50595992  0.56877272 -0.32854231 -0.18946555 -0.73196112 -1.05403353
  3.78801636  5.07941656 -0.95104756  0.48227287  2.31765896 -0.73322823
  2.0790585   0.35805703  0.03259634  0.2251348  -0.48746478] 1.613886297718791e-05 True
warning: basinhopping: local minimization failure
basinhopping step 90: f 3.79365e-05 trial_f 3.79365e-05 accepted 1  lowest_f 3.58395e-06
[ 5.19735233  0.7975365   6.17093292  1.85944621  2.63152065  0.25931629
  0.19302068  0.25618866  0.16840819  1.14980648  0.10193683  1.11313102
  0.15230366  1.02353706  0.09846332  0.42874499  1.21828501  3.57237922
  3.07426606  0.66104387  0.36708977  0.28017508 -0.86091558 -1.05696203
  2.54603442  4.79987451 -0.87157017  0.15111475  2.00502039 -0.11132688
  1.70802067 -0.38705077  0.0846596  -0.35509461 -0.96564973] 3.793645947224056e-05 True
warning: basinhopping: local minimization failure
basinhopping step 91: f 6.07945e-05 trial_f 6.07945e-05 accepted 1  lowest_f 3.58395e-06
[ 4.20588874  0.21551223  5.71043451  1.71606835  2.67891444 -0.01929116
  0.42088701  1.09961081 -0.00935514  0.69813054  0.32365268  1.27638704
  0.95005524  0.70994695 -0.23178037  0.80408027  1.32147329  3.85332141
  3.81859052  0.12560307  0.54036047  0.37809547 -0.84948409 -0.39776703
  2.28816837  4.50398853 -0.96605555  0.01742604  2.46158861 -0.06413187
  1.9752422  -0.07074444  0.39635699  0.02234252 -0.94351569] 6.0794531540339014e-05 True
warning: basinhopping: local minimization failure
basinhopping step 92: f 9.99901e-06 trial_f 9.99901e-06 accepted 1  lowest_f 3.58395e-06
[ 4.98025036  1.18749108  4.66469483  1.44799888  1.96229293  0.72042496
 -0.26225311  0.63079794  0.02530499  0.54478974  0.4784845   0.61196629
  1.3418333   0.76309969  0.06264836  0.27581737  0.75066957  2.4654972
  2.7395002  -0.35670091  0.32698029 -0.34330359 -0.03709434  0.52332754
  2.62823563  5.11186473 -0.61197192 -0.37097058  2.66015126 -0.15550998
  1.32340272  0.51391023  0.69680889  0.82510997  0.43769777] 9.999012187340789e-06 True
warning: basinhopping: local minimization failure
basinhopping step 93: f 5.50022e-05 trial_f 5.50022e-05 accepted 1  lowest_f 3.58395e-06
[ 4.3918083   1.24209269  4.67389667  0.49054065  2.77001937  0.89373236
  0.50284478  1.97136656  0.16346462  1.19850736  0.27055464  0.89392982
  1.30693178  2.11404116  0.82495444  0.80478518  0.32387913  2.24502654
  3.23061176 -0.08106334  0.25544607 -0.83853115 -0.54933151 -1.07398296
  2.49099775  4.63985396 -0.33081932  0.46817645  3.43628156 -0.34783554
  0.29698128  0.5636472   0.20845152  0.4147554  -0.06166964] 5.5002236272803175e-05 True
warning: basinhopping: local minimization failure
basinhopping step 94: f 5.52541e-05 trial_f 5.52541e-05 accepted 1  lowest_f 3.58395e-06
[ 4.55665146  0.73144694  3.8133595   0.00651119  2.23055793  0.59250401
  0.45515195  1.66761017  1.10251457  1.10355018 -0.44288027  0.66313593
  0.80296732  1.54270395  0.28946068  0.58266543  0.3581293   2.27252723
  2.79098702 -0.46604805 -0.95438561 -1.07827228  0.01840588  0.20980772
  2.69795755  5.28464749 -0.05825138  0.4710524   2.63372862  0.45781059
  0.70115339  0.25595049 -0.07955398 -0.00790186 -1.02222933] 5.525407631428938e-05 True
warning: basinhopping: local minimization failure
basinhopping step 95: f 1.48463e-05 trial_f 1.48463e-05 accepted 1  lowest_f 3.58395e-06
[ 4.5044004   0.67412866  4.10901118  0.89698434  2.82275308  0.24683248
  0.69644299  1.39900494  0.84134642  0.08880106 -0.53794469  0.61684868
 -0.05581808  2.03994573 -1.49590228 -0.6009038  -0.08684181  2.20510269
  2.24413341  0.01102057 -0.10769015 -0.01602545  0.38969881 -0.22107912
  2.61055622  5.27693355  0.31178686 -0.3798123   2.82082993  0.78466203
  0.17093382 -0.60839355 -0.56709798 -0.88130054 -1.25916762] 1.4846295246620883e-05 True
warning: basinhopping: local minimization failure
basinhopping step 96: f 3.97635e-05 trial_f 3.97635e-05 accepted 1  lowest_f 3.58395e-06
[ 3.88239651  0.87979488  4.86187764  0.54876624  2.77205903  1.13221329
  0.9546839   1.63335099  1.25129351  0.26459366 -0.15645536  0.14622442
 -0.29712491  2.44468422 -0.08243146 -0.83571653 -0.0884479   3.1267569
  1.74371601  0.08992797  1.04533283  0.09028719  0.32807374 -0.17412596
  1.94360436  5.88318067  0.86140277 -0.52608861  2.65474995  0.65326864
 -0.0595496  -0.22740599 -0.2400457  -0.90339894 -1.21315502] 3.976349452770074e-05 True
warning: basinhopping: local minimization failure
basinhopping step 97: f 3.46471e-05 trial_f 3.46471e-05 accepted 1  lowest_f 3.58395e-06
[ 4.12784518  1.56055997  4.04384027 -1.00764062  1.69881196  0.62449393
  0.4137409   1.15686096  0.22743869  0.07587139  0.19706259  0.45742031
  0.0077954   1.94222951 -1.01489806 -0.55949754 -0.05992946  2.77261795
  2.15628715  0.30986097  0.64519875  0.92621328  0.6968207  -0.36020118
  0.9163206   6.15606211  2.61123802  0.36276225  3.52159034  0.49885254
 -0.67421427 -0.74388275 -0.59210553  0.03462199 -0.65956062] 3.4647081780901586e-05 True
warning: basinhopping: local minimization failure
basinhopping step 98: f 1.25678e-05 trial_f 1.25678e-05 accepted 1  lowest_f 3.58395e-06
[ 4.08195151  1.78382368  4.67091819 -0.24329469  1.52365446  1.19647956
  0.7118431   0.90196908  0.41087177  0.13823121 -0.12317799  0.50947283
 -0.06488896  1.84649772 -0.76320714 -0.64101547  0.63624055  2.92224815
  2.05221847 -0.02445171  0.51440038  1.17949934  0.94011331  0.10404398
  1.00862973  6.11435777  2.39601955  0.44471068  3.89100617  0.62413193
 -0.105578   -0.23886015 -0.10421425 -0.47575722 -0.30586685] 1.2567765220301392e-05 True
warning: basinhopping: local minimization failure
basinhopping step 99: f 4.54196e-05 trial_f 4.54196e-05 accepted 1  lowest_f 3.58395e-06
[ 3.71718573  1.61672146  4.49365114 -0.87189748  1.26158362  1.31729427
  0.6423453   0.92741366  0.60628534 -0.35932899  0.30990998  0.24649711
 -0.67631018  1.68563825 -0.60207295 -0.52837137  0.19314023  3.62860991
  2.35222343  1.10321957  0.35638739  0.87268776  0.40571393  0.44743305
  2.33096555  6.12307059  3.02100736  0.76270924  4.19327489  0.24652454
 -0.28083003  0.54548931 -0.16816784 -0.58645833 -0.43119818] 4.541955436749909e-05 True
adaptive stepsize: acceptance rate 0.990000 target 0.500000 new stepsize 0.617284 old stepsize 0.555556
warning: basinhopping: local minimization failure
basinhopping step 100: f 7.87283e-05 trial_f 7.87283e-05 accepted 1  lowest_f 3.58395e-06
[ 4.0952873   1.38317324  4.25143419  0.25616938  1.07367706  1.2966009
 -0.80127188  0.90349435  0.39964749 -0.21632429 -0.22614682 -0.40739512
 -0.35669991  0.65678435 -0.28213025 -0.56928631 -0.4055891   4.0370531
  3.19396377  1.80635806  0.02043785  0.55560371  0.73626556  0.88811335
  2.95471494  5.74057236  2.08689381  0.22225273  3.81123795 -0.38636855
 -0.98863817 -0.06867359 -0.76019658 -0.78069911  0.04225357] 7.872831457438554e-05 True
                        fun: 3.583949152799321e-06
 lowest_optimization_result:       fun: 3.583949152799321e-06
 hess_inv: array([[ 1.38807535e+02,  1.55961160e+02,  9.53969930e+01, ...,
        -1.00909153e-01, -4.18374868e+01, -6.39524863e+01],
       [ 1.55961160e+02,  1.89846902e+02,  1.25853398e+02, ...,
         4.12227402e+00, -4.60880547e+01, -5.04995223e+01],
       [ 9.53969929e+01,  1.25853398e+02,  9.04530166e+01, ...,
         3.58656495e+00, -2.58381091e+01, -1.10317150e+01],
       ...,
       [-1.00909154e-01,  4.12227402e+00,  3.58656495e+00, ...,
         6.69951696e+00, -4.21607875e+00, -9.18703363e+00],
       [-4.18374868e+01, -4.60880547e+01, -2.58381091e+01, ...,
        -4.21607875e+00,  1.86125247e+01,  3.74527823e+01],
       [-6.39524864e+01, -5.04995224e+01, -1.10317151e+01, ...,
        -9.18703363e+00,  3.74527823e+01,  1.12753929e+02]])
      jac: array([ 2.49693315e-04, -2.14925979e-04,  1.32130936e-04, -5.88147421e-05,
       -9.82309360e-05,  9.87944012e-05, -1.80107469e-04, -1.22781756e-05,
        1.71534548e-04, -1.42611512e-04,  1.78007969e-06,  3.54893893e-04,
       -2.27335213e-04, -1.41429124e-04, -6.07813785e-05,  1.76022059e-04,
       -7.67124212e-05, -5.66234408e-06,  1.74331354e-04, -1.04304595e-04,
        1.04234857e-04, -1.18235530e-04,  7.62121079e-05,  1.89822038e-05,
       -1.15625592e-04,  3.51489888e-05, -1.35846864e-05,  1.57250589e-05,
       -2.04972465e-05,  5.40046515e-05, -3.71491415e-05,  7.01214189e-05,
        1.17437802e-05,  9.40868256e-05, -1.61271491e-04])
  message: 'Desired error not necessarily achieved due to precision loss.'
     nfev: 10270
      nit: 231
     njev: 285
   status: 2
  success: False
        x: array([ 2.55132322e+00,  5.56728424e+00,  3.36231476e+00,  6.91706414e-01,
       -2.24504334e-01,  5.33951069e+00,  2.69988214e-01,  2.52363783e-01,
        7.65932837e-01,  1.51083170e+00,  4.45376483e+00,  4.18109994e+00,
        5.30715451e-01, -2.17918508e-03,  6.20164564e-01,  3.68414858e-01,
        3.59710572e-01,  7.41617431e-01,  1.24835223e+00,  3.97464861e-01,
        1.32317653e+00,  7.12396406e-01,  2.82177089e+00,  2.95565239e+00,
        2.86849943e-01,  2.06054021e-01,  4.98037946e-01, -5.81760824e-01,
       -6.79894335e-01, -1.27237195e+00, -1.00754334e+00, -2.19019107e-01,
       -1.02740088e+00, -6.18496966e-01, -3.02710414e-02])
                    message: ['requested number of basinhopping iterations completed successfully']
      minimization_failures: 101
                       nfev: 1968352
                        nit: 100
                       njev: 54644
                          x: array([ 2.55132322e+00,  5.56728424e+00,  3.36231476e+00,  6.91706414e-01,
       -2.24504334e-01,  5.33951069e+00,  2.69988214e-01,  2.52363783e-01,
        7.65932837e-01,  1.51083170e+00,  4.45376483e+00,  4.18109994e+00,
        5.30715451e-01, -2.17918508e-03,  6.20164564e-01,  3.68414858e-01,
        3.59710572e-01,  7.41617431e-01,  1.24835223e+00,  3.97464861e-01,
        1.32317653e+00,  7.12396406e-01,  2.82177089e+00,  2.95565239e+00,
        2.86849943e-01,  2.06054021e-01,  4.98037946e-01, -5.81760824e-01,
       -6.79894335e-01, -1.27237195e+00, -1.00754334e+00, -2.19019107e-01,
       -1.02740088e+00, -6.18496966e-01, -3.02710414e-02])

Process finished with exit code 0
